  #t  #Q2   A1M1_AVG      A_1M1     dA_1M1   A0P1_AVG      A_0P1     dA_0P1   A2M1_AVG      A_2M1     dA_2M1   A3M1_AVG      A_3M1     dA_3M1   A1P1_AVG      A_1P1     dA_1P1       Asym      Astat          t         tp         xb         Q2          W     Dilute
   1    0 -4.005e-02 -6.554e-02 5.9336e-03  3.446e-01  3.168e-01 5.8332e-03 -4.811e-03 -2.627e-02 5.9215e-03  4.562e-04 -8.555e-02 5.8486e-03  1.147e-02  5.898e-02 5.8013e-03 -3.6174e-02 1.8929e-03 1.6434e-01 1.4665e-02 3.3518e-01 4.3710e+00 3.0955e+00 7.8855e-01
   Phi   PhiS      N_U_avg      N_D_avg     Asym_avg    dAsym_avg      N_U_fit      N_D_fit     Asym_fit    dAsym_fit     Asym_cal    dAsym_cal     GOOD_fit     GOOD_cal
15.000 15.000 1.087490e+03 9.993856e+02 4.221844e-02 4.564161e+01 1.112245e+03 9.876167e+02 5.935067e-02 4.574347e+01 6.190970e-02 4.646878e-03 -2.651266e-04 -4.314322e-04
15.000 45.000 1.447901e+03 1.243306e+03 7.602356e-02 5.172671e+01 1.407146e+03 1.280143e+03 4.726060e-02 5.178115e+01 3.146588e-01 7.307885e-03 3.929843e-04 -4.613385e-03
15.000 75.000 1.147190e+03 9.689078e+02 8.425029e-02 4.583751e+01 1.089595e+03 1.019530e+03 3.321969e-02 4.589986e+01 4.830953e-01 1.085778e-02 7.866821e-04 -8.701280e-03
15.000 105.000 1.250459e+03 1.855192e+03 -1.947202e-01 5.466166e+01 1.154980e+03 1.947928e+03 -2.555500e-01 5.385415e+01 5.220868e-01 1.227052e-02 7.927320e-04 -1.311352e-02
15.000 135.000 8.300860e+02 1.217600e+03 -1.892449e-01 4.443367e+01 7.696463e+02 1.288247e+03 -2.520057e-01 4.389992e+01 4.211856e-01 1.089743e-02 1.004776e-03 -1.373802e-02
15.000 165.000 8.497311e+02 1.072838e+03 -1.160463e-01 4.355087e+01 8.187965e+02 1.118419e+03 -1.546667e-01 4.348418e+01 2.074281e-01 7.366675e-03 6.275346e-04 -7.427505e-03
15.000 195.000 8.919351e+02 1.563273e+03 -2.734341e-01 4.766174e+01 8.882104e+02 1.587427e+03 -2.824391e-01 4.772999e+01 -6.190967e-02 4.646878e-03 1.335020e-04 -4.438035e-03
15.000 225.000 1.318452e+03 1.493301e+03 -6.218502e-02 5.292334e+01 1.344402e+03 1.443292e+03 -3.547380e-02 5.276538e+01 -3.146588e-01 7.307884e-03 -3.574205e-04 4.770555e-03
15.000 255.000 1.717318e+03 7.555061e+02 3.889527e-01 4.581184e+01 1.794491e+03 7.027253e+02 4.371930e-01 4.494334e+01 -4.830953e-01 1.085778e-02 -7.516812e-04 1.903543e-02
15.000 285.000 1.964575e+03 7.743242e+02 4.345727e-01 4.713437e+01 2.082774e+03 7.195353e+02 4.864698e-01 4.625078e+01 -5.220868e-01 1.227052e-02 -7.858887e-04 2.029643e-02
15.000 315.000 1.522974e+03 8.071636e+02 3.071968e-01 4.593738e+01 1.609835e+03 7.452875e+02 3.670923e-01 4.514149e+01 -4.211856e-01 1.089743e-02 -9.299841e-04 1.585598e-02
15.000 345.000 1.638406e+03 8.645465e+02 3.091786e-01 4.757827e+01 1.711470e+03 8.214932e+02 3.513579e-01 4.711966e+01 -2.074281e-01 7.366676e-03 -6.298950e-04 1.085804e-02
45.000 15.000 1.333809e+03 1.250501e+03 3.223614e-02 5.080969e+01 1.382980e+03 1.207270e+03 6.783502e-02 5.077727e+01 8.387043e-04 9.731004e-03 -4.955795e-04 6.179420e-04
45.000 45.000 1.471359e+03 1.539339e+03 -2.257934e-02 5.485584e+01 1.518393e+03 1.498128e+03 6.717941e-03 5.492162e+01 1.788657e-01 1.011960e-02 -3.774236e-04 -3.672263e-03
45.000 75.000 9.615269e+02 1.673335e+03 -2.701501e-01 4.942233e+01 9.853595e+02 1.647178e+03 -2.513995e-01 4.966041e+01 3.089658e-01 9.684707e-03 -2.676285e-04 -1.171770e-02
45.000 105.000 9.438800e+02 1.714724e+03 -2.899430e-01 4.934676e+01 9.428336e+02 1.702884e+03 -2.872756e-01 4.926838e+01 3.562788e-01 8.801520e-03 -3.825302e-05 -1.309553e-02
45.000 135.000 1.498976e+03 8.740052e+02 2.633695e-01 4.699344e+01 1.488201e+03 8.893892e+02 2.518567e-01 4.718872e+01 3.081271e-01 8.351814e-03 1.728722e-04 -9.524237e-04
45.000 165.000 1.103303e+03 1.183631e+03 -3.512468e-02 4.779238e+01 1.062078e+03 1.219252e+03 -6.889589e-02 4.764978e+01 1.774131e-01 8.852437e-03 5.004041e-04 -4.447105e-03
45.000 195.000 1.620088e+03 1.966601e+03 -9.661094e-02 5.960883e+01 1.562230e+03 2.040949e+03 -1.328601e-01 5.949434e+01 -8.386852e-04 9.731004e-03 4.304174e-04 -1.606679e-03
45.000 225.000 1.847933e+03 1.217346e+03 2.057193e-01 5.418077e+01 1.797142e+03 1.259994e+03 1.757028e-01 5.443122e+01 -1.788657e-01 1.011960e-02 3.908376e-04 7.098183e-03
45.000 255.000 1.453421e+03 1.567746e+03 -3.784127e-02 5.492578e+01 1.438742e+03 1.600573e+03 -5.324565e-02 5.505178e+01 -3.089658e-01 9.684707e-03 1.980865e-04 4.936199e-03
45.000 285.000 2.553580e+03 9.219737e+02 4.694523e-01 5.205375e+01 2.550322e+03 9.259078e+02 4.672919e-01 5.212633e+01 -3.562788e-01 8.801520e-03 2.932628e-05 1.586305e-02
45.000 315.000 1.521472e+03 1.514169e+03 2.405675e-03 5.509649e+01 1.541587e+03 1.494468e+03 1.551959e-02 5.509377e+01 -3.081271e-01 8.351814e-03 -1.683078e-04 5.636163e-03
45.000 345.000 1.326883e+03 1.413016e+03 -3.143659e-02 5.231818e+01 1.367716e+03 1.356772e+03 4.017058e-03 5.219620e+01 -1.774131e-01 8.852437e-03 -4.797329e-04 2.790168e-03
75.000 15.000 2.081493e+03 2.321453e+03 -5.450009e-02 6.625608e+01 2.045739e+03 2.367123e+03 -7.282902e-02 6.625297e+01 1.084139e-01 9.403389e-03 1.956170e-04 -2.458853e-03
75.000 45.000 1.382375e+03 2.562177e+03 -2.990966e-01 5.993061e+01 1.395245e+03 2.537376e+03 -2.904250e-01 6.000764e+01 2.169447e-01 9.152685e-03 -1.022488e-04 -8.610647e-03
75.000 75.000 1.708877e+03 1.967928e+03 -7.045532e-02 6.048598e+01 1.763263e+03 1.916862e+03 -4.173749e-02 6.061118e+01 2.673454e-01 9.023719e-03 -3.353764e-04 -5.584778e-03
75.000 105.000 1.521221e+03 2.084444e+03 -1.562048e-01 5.931009e+01 1.607869e+03 2.006217e+03 -1.102211e-01 5.975098e+01 2.461111e-01 9.150709e-03 -5.461939e-04 -6.783263e-03
75.000 135.000 1.710219e+03 2.203335e+03 -1.260021e-01 6.205981e+01 1.807688e+03 2.111764e+03 -7.758123e-02 6.241683e+01 1.589316e-01 9.401466e-03 -5.501205e-04 -4.591275e-03
75.000 165.000 2.253736e+03 2.012905e+03 5.644501e-02 6.521539e+01 2.335756e+03 1.938573e+03 9.292301e-02 6.509548e+01 2.916642e-02 9.525318e-03 -3.958815e-04 4.182846e-04
75.000 195.000 1.924685e+03 1.494565e+03 1.257935e-01 5.800986e+01 1.950877e+03 1.458115e+03 1.445479e-01 5.777339e+01 -1.084139e-01 9.403389e-03 -2.290714e-04 4.037372e-03
75.000 225.000 1.530860e+03 2.186211e+03 -1.763084e-01 6.001272e+01 1.520704e+03 2.201173e+03 -1.828297e-01 5.997889e+01 -2.169447e-01 9.152685e-03 7.686017e-05 6.771286e-04
75.000 255.000 2.320822e+03 2.312284e+03 1.842947e-03 6.806681e+01 2.256562e+03 2.397220e+03 -3.022446e-02 6.818747e+01 -2.673454e-01 9.023719e-03 3.328346e-04 3.954767e-03
75.000 285.000 3.179707e+03 1.834160e+03 2.683651e-01 6.821121e+01 3.070493e+03 1.933109e+03 2.273130e-01 6.888439e+01 -2.461111e-01 9.150709e-03 4.234694e-04 7.542401e-03
75.000 315.000 1.605471e+03 2.073346e+03 -1.271809e-01 6.016071e+01 1.545635e+03 2.184461e+03 -1.712626e-01 6.017216e+01 -1.589316e-01 9.401466e-03 5.180702e-04 5.277639e-04
75.000 345.000 2.397301e+03 1.844921e+03 1.302100e-01 6.457783e+01 2.308269e+03 1.923269e+03 9.098334e-02 6.478047e+01 -2.916643e-02 9.525318e-03 4.288457e-04 2.467974e-03
105.000 15.000 2.559544e+03 3.241821e+03 -1.176063e-01 7.563812e+01 2.458164e+03 3.364239e+03 -1.556188e-01 7.537506e+01 1.484197e-01 9.525318e-03 3.559801e-04 -3.517089e-03
105.000 45.000 2.590314e+03 2.041511e+03 1.184852e-01 6.757810e+01 2.509626e+03 2.084937e+03 9.243288e-02 6.749302e+01 2.754929e-01 9.401466e-03 2.727719e-04 -2.323352e-03
105.000 75.000 1.958029e+03 4.052750e+03 -3.484940e-01 7.266899e+01 1.952476e+03 4.069093e+03 -3.515059e-01 7.264685e+01 3.287481e-01 9.150709e-03 2.931174e-05 -9.319548e-03
105.000 105.000 2.056191e+03 2.911913e+03 -1.722432e-01 6.943135e+01 2.086672e+03 2.865756e+03 -1.573135e-01 6.949725e+01 2.939154e-01 9.023719e-03 -1.519758e-04 -6.713951e-03
105.000 135.000 2.525220e+03 2.875624e+03 -6.487958e-02 7.333560e+01 2.615504e+03 2.807381e+03 -3.538277e-02 7.359413e+01 1.803284e-01 9.152684e-03 -2.839093e-04 -3.343642e-03
105.000 165.000 2.605586e+03 3.345697e+03 -1.243617e-01 7.654568e+01 2.709604e+03 3.216983e+03 -8.561064e-02 7.670169e+01 1.842249e-02 9.403389e-03 -3.576062e-04 -1.865346e-03
105.000 195.000 2.621981e+03 2.982056e+03 -6.425293e-02 7.470543e+01 2.712801e+03 2.865774e+03 -2.742163e-02 7.466177e+01 -1.484197e-01 9.525318e-03 -3.487199e-04 1.126648e-03
105.000 225.000 3.280919e+03 1.561723e+03 3.550122e-01 6.505618e+01 3.344601e+03 1.518875e+03 3.753953e-01 6.463828e+01 -2.754929e-01 9.401466e-03 -2.222606e-04 9.691702e-03
105.000 255.000 3.138389e+03 2.019319e+03 2.169703e-01 7.010637e+01 3.154446e+03 1.997236e+03 2.246276e-01 6.994098e+01 -3.287481e-01 9.150709e-03 -7.732454e-05 7.784147e-03
105.000 285.000 2.813880e+03 2.849322e+03 -6.258186e-03 7.525278e+01 2.790705e+03 2.891425e+03 -1.772576e-02 7.536806e+01 -2.939154e-01 9.023719e-03 1.076717e-04 3.822547e-03
105.000 315.000 3.151688e+03 2.571449e+03 1.013849e-01 7.526161e+01 3.070292e+03 2.660636e+03 7.148155e-02 7.550924e+01 -1.803284e-01 9.152684e-03 2.804893e-04 3.743120e-03
105.000 345.000 2.192469e+03 2.175811e+03 3.813449e-03 6.609248e+01 2.109322e+03 2.258627e+03 -3.418193e-02 6.605184e+01 -1.842251e-02 9.403389e-03 4.066279e-04 3.364371e-04
135.000 15.000 2.306268e+03 2.822065e+03 -1.005780e-01 7.124925e+01 2.312818e+03 2.816461e+03 -9.818991e-02 7.127290e+01 3.732445e-02 8.852437e-03 -2.369667e-05 -1.935494e-03
135.000 45.000 2.126449e+03 2.434647e+03 -6.757104e-02 6.738153e+01 2.139282e+03 2.409593e+03 -5.942362e-02 6.732617e+01 1.770471e-01 8.351814e-03 -8.553479e-05 -3.630344e-03
135.000 75.000 2.381752e+03 3.318349e+03 -1.643123e-01 7.447286e+01 2.394968e+03 3.310660e+03 -1.604892e-01 7.455648e+01 2.693302e-01 8.801520e-03 -3.627934e-05 -5.822826e-03
135.000 105.000 2.128375e+03 3.711919e+03 -2.711411e-01 7.355902e+01 2.125938e+03 3.694838e+03 -2.695346e-01 7.347042e+01 2.894464e-01 9.684707e-03 -1.545211e-05 -7.620922e-03
135.000 135.000 2.341540e+03 2.567233e+03 -4.597739e-02 6.998854e+01 2.336477e+03 2.568045e+03 -4.721506e-02 6.995419e+01 2.320057e-01 1.011960e-02 1.250745e-05 -3.971838e-03
135.000 165.000 2.177536e+03 3.213663e+03 -1.921886e-01 7.205600e+01 2.181812e+03 3.227959e+03 -1.933809e-01 7.216278e+01 1.123993e-01 9.731004e-03 1.169171e-05 -4.227100e-03
135.000 195.000 2.517277e+03 3.425415e+03 -1.528158e-01 7.618342e+01 2.494516e+03 3.449983e+03 -1.607314e-01 7.609813e+01 -3.732443e-02 8.852437e-03 7.351118e-05 -1.515965e-03
135.000 225.000 3.475097e+03 2.070281e+03 2.533309e-01 7.203814e+01 3.452891e+03 2.101032e+03 2.434060e-01 7.228328e+01 -1.770471e-01 8.351814e-03 9.725481e-05 5.974308e-03
135.000 255.000 2.423008e+03 2.779543e+03 -6.853078e-02 7.195914e+01 2.413473e+03 2.790409e+03 -7.243373e-02 7.194845e+01 -2.693302e-01 8.801520e-03 3.835519e-05 2.790464e-03
135.000 285.000 2.984700e+03 2.228217e+03 1.451170e-01 7.143625e+01 2.985818e+03 2.240250e+03 1.426631e-01 7.155210e+01 -2.894464e-01 9.684707e-03 2.427014e-05 6.083234e-03
135.000 315.000 2.802338e+03 2.020153e+03 1.621952e-01 6.852462e+01 2.803179e+03 2.014164e+03 1.637862e-01 6.846980e+01 -2.320058e-01 1.011960e-02 -1.642417e-05 5.752691e-03
135.000 345.000 2.222895e+03 2.749378e+03 -1.058839e-01 7.011795e+01 2.230666e+03 2.726482e+03 -1.000203e-01 7.005395e+01 -1.123993e-01 9.731004e-03 -5.915843e-05 9.292132e-05
165.000 15.000 1.377387e+03 2.295770e+03 -2.500256e-01 5.868166e+01 1.412979e+03 2.233492e+03 -2.250157e-01 5.883742e+01 -6.288910e-03 7.366676e-03 -3.009656e-04 -4.153540e-03
165.000 45.000 1.504809e+03 1.692150e+03 -5.859968e-02 5.644449e+01 1.577678e+03 1.627275e+03 -1.547516e-02 5.660553e+01 7.758699e-02 1.089743e-02 -5.394712e-04 -2.412754e-03
165.000 75.000 1.389710e+03 1.891643e+03 -1.529652e-01 5.660896e+01 1.464981e+03 1.815863e+03 -1.069487e-01 5.695013e+01 1.406735e-01 1.227052e-02 -5.730666e-04 -5.187143e-03
165.000 105.000 2.236907e+03 2.483745e+03 -5.228889e-02 6.861301e+01 2.337168e+03 2.380831e+03 -9.254490e-03 6.868475e+01 1.660667e-01 1.085778e-02 -4.432689e-04 -3.182423e-03
165.000 135.000 1.539589e+03 2.099888e+03 -1.539503e-01 5.960889e+01 1.585224e+03 2.054195e+03 -1.288588e-01 5.982464e+01 1.469624e-01 7.307885e-03 -2.971073e-04 -5.048118e-03
165.000 165.000 1.683817e+03 1.617357e+03 2.013223e-02 5.744419e+01 1.677069e+03 1.628795e+03 1.460255e-02 5.749052e+01 8.847971e-02 4.646879e-03 6.803989e-05 -1.189807e-03
165.000 195.000 1.252787e+03 2.298266e+03 -2.944141e-01 5.694953e+01 1.218842e+03 2.374454e+03 -3.216022e-01 5.675957e+01 6.288919e-03 7.366675e-03 3.381417e-04 -5.280166e-03
165.000 225.000 1.789298e+03 2.050005e+03 -6.790476e-02 6.181909e+01 1.715887e+03 2.149882e+03 -1.122661e-01 6.178224e+01 -7.758699e-02 1.089743e-02 5.075711e-04 1.566219e-04
165.000 255.000 2.273056e+03 1.604794e+03 1.723280e-01 6.134076e+01 2.162896e+03 1.688475e+03 1.231823e-01 6.158677e+01 -1.406735e-01 1.227052e-02 5.653930e-04 5.102668e-03
165.000 285.000 2.461591e+03 1.720183e+03 1.772951e-01 6.364217e+01 2.367521e+03 1.806221e+03 1.344838e-01 6.401762e+01 -1.660667e-01 1.085778e-02 4.742612e-04 5.395194e-03
165.000 315.000 1.225264e+03 1.333005e+03 -4.211504e-02 5.053446e+01 1.207714e+03 1.371639e+03 -6.355242e-02 5.068466e+01 -1.469624e-01 7.307885e-03 2.995184e-04 2.074771e-03
165.000 345.000 1.863089e+03 1.794142e+03 1.885238e-02 6.046430e+01 1.866979e+03 1.795492e+03 1.951891e-02 6.050682e+01 -8.847972e-02 4.646879e-03 -7.792036e-06 1.775132e-03
195.000 15.000 1.324221e+03 2.423804e+03 -2.933767e-01 5.852720e+01 1.321982e+03 2.443082e+03 -2.977639e-01 5.857679e+01 8.847969e-02 4.646877e-03 5.298204e-05 -6.524426e-03
195.000 45.000 1.746026e+03 1.796069e+03 -1.412819e-02 5.950956e+01 1.774636e+03 1.749164e+03 7.228640e-03 5.936005e+01 1.469624e-01 7.307885e-03 -2.540860e-04 -2.706970e-03
195.000 75.000 1.583295e+03 2.043633e+03 -1.269222e-01 5.973693e+01 1.653205e+03 1.969177e+03 -8.722771e-02 5.995682e+01 1.660667e-01 1.085778e-02 -4.690003e-04 -4.904653e-03
195.000 105.000 1.766562e+03 2.389137e+03 -1.498124e-01 6.373720e+01 1.872321e+03 2.279859e+03 -9.815037e-02 6.412629e+01 1.406735e-01 1.227052e-02 -5.713965e-04 -4.557557e-03
195.000 135.000 2.077719e+03 1.857168e+03 5.605020e-02 6.263006e+01 2.176016e+03 1.773165e+03 1.020088e-01 6.251469e+01 7.758700e-02 1.089743e-02 -5.193610e-04 -3.438731e-04
195.000 165.000 1.670672e+03 2.781134e+03 -2.494409e-01 6.461278e+01 1.713520e+03 2.702062e+03 -2.238758e-01 6.476319e+01 -6.288891e-03 7.366675e-03 -2.794523e-04 -3.763218e-03
195.000 195.000 2.178804e+03 1.951351e+03 5.507113e-02 6.416875e+01 2.188563e+03 1.936209e+03 6.118005e-02 6.410408e+01 -8.847968e-02 4.646877e-03 -6.735113e-05 2.237083e-03
195.000 225.000 1.514011e+03 1.565989e+03 -1.687591e-02 5.548985e+01 1.478339e+03 1.595077e+03 -3.798301e-02 5.539839e+01 -1.469624e-01 7.307884e-03 2.691893e-04 2.344330e-03
195.000 255.000 1.681912e+03 1.819286e+03 -3.923620e-02 5.912536e+01 1.629158e+03 1.899410e+03 -7.658966e-02 5.922727e+01 -1.660667e-01 1.085778e-02 4.463420e-04 2.145111e-03
195.000 285.000 1.947639e+03 1.684906e+03 7.232768e-02 6.011275e+01 1.868434e+03 1.793438e+03 2.048030e-02 6.050071e+01 -1.406735e-01 1.227052e-02 6.079163e-04 3.543362e-03
195.000 315.000 2.273417e+03 1.976612e+03 6.983591e-02 6.503308e+01 2.171476e+03 2.079283e+03 2.168845e-02 6.518251e+01 -7.758701e-02 1.089743e-02 5.229078e-04 2.266891e-03
195.000 345.000 1.937364e+03 2.134697e+03 -4.846025e-02 6.373773e+01 1.888716e+03 2.204225e+03 -7.708616e-02 6.378573e+01 6.288882e-03 7.366675e-03 3.174564e-04 -8.589753e-04
225.000 15.000 2.669392e+03 2.269278e+03 8.101643e-02 7.004466e+01 2.656989e+03 2.273632e+03 7.775035e-02 7.000582e+01 1.123993e-01 9.731004e-03 3.298051e-05 -4.480408e-04
225.000 45.000 1.870255e+03 3.152383e+03 -2.552697e-01 6.852262e+01 1.864042e+03 3.158764e+03 -2.577686e-01 6.847677e+01 2.320057e-01 1.011960e-02 2.579527e-05 -7.111161e-03
225.000 75.000 2.747595e+03 2.965323e+03 -3.811162e-02 7.552893e+01 2.752119e+03 2.974052e+03 -3.875775e-02 7.561461e+01 2.894464e-01 9.684707e-03 6.045728e-06 -4.336855e-03
225.000 105.000 1.729546e+03 3.286073e+03 -3.103360e-01 6.732438e+01 1.742119e+03 3.277266e+03 -3.058436e-01 6.745273e+01 2.693302e-01 8.801520e-03 -4.713940e-05 -8.610048e-03
225.000 135.000 2.839351e+03 3.243723e+03 -6.647490e-02 7.782155e+01 2.855946e+03 3.238534e+03 -6.277605e-02 7.791317e+01 1.770471e-01 8.351815e-03 -3.358897e-05 -3.129236e-03
225.000 165.000 2.517304e+03 1.605136e+03 2.212689e-01 6.261474e+01 2.540084e+03 1.597693e+03 2.277528e-01 6.263502e+01 3.732444e-02 8.852437e-03 -7.321100e-05 2.937718e-03
225.000 195.000 2.511579e+03 2.410256e+03 2.058632e-02 7.014092e+01 2.526820e+03 2.395380e+03 2.670337e-02 7.013337e+01 -1.123993e-01 9.731004e-03 -6.167070e-05 1.895977e-03
225.000 225.000 2.813867e+03 2.456141e+03 6.787969e-02 7.242738e+01 2.814305e+03 2.457158e+03 6.775098e-02 7.243801e+01 -2.320057e-01 1.011960e-02 1.256558e-06 4.140498e-03
225.000 255.000 2.582316e+03 2.875666e+03 -5.374697e-02 7.377137e+01 2.583951e+03 2.877700e+03 -5.378399e-02 7.379602e+01 -2.894464e-01 9.684707e-03 3.548010e-07 3.194999e-03
225.000 285.000 3.293624e+03 2.734878e+03 9.268404e-02 7.730922e+01 3.278490e+03 2.749090e+03 8.782963e-02 7.733747e+01 -2.693302e-01 8.801520e-03 4.439266e-05 4.682679e-03
225.000 315.000 3.151214e+03 2.914774e+03 3.897795e-02 7.782526e+01 3.125211e+03 2.937635e+03 3.093852e-02 7.782701e+01 -1.770471e-01 8.351815e-03 7.304403e-05 2.775771e-03
225.000 345.000 2.455700e+03 1.888132e+03 1.306607e-01 6.534273e+01 2.444631e+03 1.900625e+03 1.251954e-01 6.539992e+01 -3.732445e-02 8.852437e-03 5.911721e-05 2.570832e-03
255.000 15.000 2.986217e+03 2.378862e+03 1.132051e-01 7.277584e+01 3.111602e+03 2.294847e+03 1.510705e-01 7.268467e+01 1.842249e-02 9.403389e-03 -3.681397e-04 1.302391e-03
255.000 45.000 1.872885e+03 2.416587e+03 -1.267528e-01 6.496581e+01 1.933238e+03 2.353564e+03 -9.805131e-02 6.515818e+01 1.803284e-01 9.152685e-03 -3.119331e-04 -4.726812e-03
255.000 75.000 2.302035e+03 2.264444e+03 8.232004e-03 6.757344e+01 2.343551e+03 2.252373e+03 1.983886e-02 6.777991e+01 2.939154e-01 9.023719e-03 -1.212719e-04 -4.227747e-03
255.000 105.000 2.356779e+03 2.428237e+03 -1.493362e-02 6.916610e+01 2.350450e+03 2.444124e+03 -1.953752e-02 6.922964e+01 3.287481e-01 9.150709e-03 4.704547e-05 -4.968933e-03
255.000 135.000 2.428639e+03 2.853126e+03 -8.036840e-02 7.244066e+01 2.372017e+03 2.911039e+03 -1.020285e-01 7.230533e+01 2.754930e-01 9.401466e-03 2.116263e-04 -4.912453e-03
255.000 165.000 2.470398e+03 2.295885e+03 3.661394e-02 6.899198e+01 2.384246e+03 2.381121e+03 6.558497e-04 6.903162e+01 1.484197e-01 9.525318e-03 3.684328e-04 -1.620562e-03
255.000 195.000 1.867889e+03 2.446394e+03 -1.340905e-01 6.509002e+01 1.801041e+03 2.544257e+03 -1.710392e-01 6.494751e+01 -1.842248e-02 9.403389e-03 4.018333e-04 -1.777047e-03
255.000 225.000 3.460137e+03 1.953207e+03 2.783732e-01 7.066721e+01 3.370484e+03 2.018794e+03 2.508110e-01 7.106517e+01 -1.803284e-01 9.152685e-03 2.750160e-04 6.491010e-03
255.000 255.000 2.909918e+03 2.060612e+03 1.708683e-01 6.946518e+01 2.873944e+03 2.085042e+03 1.590853e-01 6.952326e+01 -2.939154e-01 9.023719e-03 1.198924e-04 6.690887e-03
255.000 285.000 3.854914e+03 1.953635e+03 3.273243e-01 7.201538e+01 3.880375e+03 1.935568e+03 3.343924e-01 7.187221e+01 -3.287481e-01 9.150709e-03 -6.946944e-05 9.110170e-03
255.000 315.000 3.797237e+03 3.104878e+03 1.003112e-01 8.265992e+01 3.889524e+03 3.015412e+03 1.265924e-01 8.242742e+01 -2.754930e-01 9.401466e-03 -2.251370e-04 4.546389e-03
255.000 345.000 2.228361e+03 2.319598e+03 -2.006120e-02 6.742499e+01 2.298888e+03 2.233425e+03 1.444357e-02 6.731543e+01 -1.484197e-01 9.525318e-03 -3.621563e-04 1.903723e-03
285.000 15.000 1.828968e+03 1.422662e+03 1.249544e-01 5.657615e+01 1.903572e+03 1.360019e+03 1.665507e-01 5.632993e+01 2.916638e-02 9.525319e-03 -5.210170e-04 1.693081e-03
285.000 45.000 1.958368e+03 1.813611e+03 3.837711e-02 6.137120e+01 2.062435e+03 1.746512e+03 8.294221e-02 6.150401e+01 1.589315e-01 9.401466e-03 -5.129149e-04 -1.964349e-03
285.000 75.000 2.065872e+03 2.885214e+03 -1.654873e-01 6.939376e+01 2.163457e+03 2.781318e+03 -1.249522e-01 6.976798e+01 2.461111e-01 9.150709e-03 -4.119316e-04 -5.931346e-03
285.000 105.000 9.828828e+02 2.013330e+03 -3.439165e-01 5.139868e+01 1.021947e+03 1.961664e+03 -3.149597e-01 5.184243e+01 2.673454e-01 9.023719e-03 -3.966511e-04 -1.189256e-02
285.000 135.000 1.724955e+03 2.619175e+03 -2.058456e-01 6.449852e+01 1.743608e+03 2.596484e+03 -1.965111e-01 6.459483e+01 2.169448e-01 9.152684e-03 -1.022594e-04 -6.555039e-03
285.000 165.000 2.310237e+03 2.923476e+03 -1.171708e-01 7.184608e+01 2.283657e+03 2.980003e+03 -1.322932e-01 7.191341e+01 1.084139e-01 9.403389e-03 1.487649e-04 -3.139833e-03
285.000 195.000 2.291056e+03 1.991610e+03 6.992056e-02 6.528192e+01 2.220976e+03 2.070073e+03 3.516682e-02 6.546558e+01 -2.916636e-02 9.525319e-03 3.759090e-04 1.517831e-03
285.000 225.000 1.766465e+03 1.718089e+03 1.388284e-02 5.902443e+01 1.693350e+03 1.809975e+03 -3.328992e-02 5.915609e+01 -1.589315e-01 9.401466e-03 5.644951e-04 2.927845e-03
285.000 255.000 1.340914e+03 1.619690e+03 -9.416213e-02 5.416967e+01 1.288674e+03 1.705768e+03 -1.392893e-01 5.418805e+01 -2.461111e-01 9.150709e-03 5.889706e-04 2.805056e-03
285.000 285.000 1.911387e+03 1.913431e+03 -5.345449e-04 6.184510e+01 1.857701e+03 1.974479e+03 -3.047306e-02 6.187585e+01 -2.673454e-01 9.023719e-03 3.422173e-04 4.314180e-03
285.000 315.000 2.012996e+03 1.948457e+03 1.629184e-02 6.293172e+01 2.006240e+03 1.945147e+03 1.546116e-02 6.285254e+01 -2.169448e-01 9.152684e-03 9.339488e-06 3.706185e-03
285.000 345.000 1.491643e+03 1.935856e+03 -1.296025e-01 5.805108e+01 1.514436e+03 1.895032e+03 -1.116290e-01 5.802571e+01 -1.084139e-01 9.403389e-03 -2.189784e-04 -3.649990e-04
315.000 15.000 8.709663e+02 1.416491e+03 -2.384853e-01 4.644737e+01 8.507658e+02 1.457632e+03 -2.628951e-01 4.635575e+01 1.774130e-01 8.852437e-03 3.719780e-04 -8.954184e-03
315.000 45.000 1.451890e+03 1.593645e+03 -4.654515e-02 5.512655e+01 1.419223e+03 1.608010e+03 -6.236301e-02 5.491320e+01 3.081271e-01 8.351814e-03 2.032883e-04 -6.433783e-03
315.000 75.000 1.070475e+03 1.167927e+03 -4.353617e-02 4.726689e+01 1.087414e+03 1.172504e+03 -3.765163e-02 4.750489e+01 3.562787e-01 8.801520e-03 -8.781068e-05 -8.458667e-03
315.000 105.000 1.679602e+03 1.995644e+03 -8.599204e-02 6.039925e+01 1.721097e+03 1.957479e+03 -6.425916e-02 6.052591e+01 3.089658e-01 9.684708e-03 -2.541647e-04 -6.539118e-03
315.000 135.000 1.015631e+03 1.461409e+03 -1.799640e-01 4.895729e+01 1.047940e+03 1.422748e+03 -1.517015e-01 4.913074e+01 1.788657e-01 1.011960e-02 -4.074816e-04 -7.329443e-03
315.000 165.000 1.763099e+03 1.139871e+03 2.146865e-01 5.262291e+01 1.821416e+03 1.098444e+03 2.476051e-01 5.235311e+01 8.387328e-04 9.731004e-03 -4.434711e-04 4.063777e-03
315.000 195.000 9.547819e+02 1.614279e+03 -2.567074e-01 4.898738e+01 9.810656e+02 1.573950e+03 -2.320474e-01 4.916745e+01 -1.774130e-01 8.852437e-03 -3.553010e-04 -1.618670e-03
315.000 225.000 1.470042e+03 1.852311e+03 -1.150595e-01 5.725704e+01 1.484271e+03 1.818049e+03 -1.010736e-01 5.717153e+01 -3.081271e-01 8.351814e-03 -1.728503e-04 3.371945e-03
315.000 255.000 1.207069e+03 8.343853e+02 1.825579e-01 4.442317e+01 1.208731e+03 8.330232e+02 1.840121e-01 4.441418e+01 -3.562787e-01 8.801520e-03 -2.314950e-05 1.212963e-02
315.000 285.000 1.694359e+03 1.593126e+03 3.079339e-02 5.730940e+01 1.651198e+03 1.620116e+03 9.501473e-03 5.719282e+01 -3.089658e-01 9.684708e-03 2.629758e-04 5.928508e-03
315.000 315.000 1.099861e+03 1.255790e+03 -6.619377e-02 4.842860e+01 1.071425e+03 1.303333e+03 -9.765524e-02 4.849857e+01 -1.788658e-01 1.011960e-02 4.590377e-04 2.326559e-03
315.000 345.000 1.424269e+03 9.989474e+02 1.755194e-01 4.846199e+01 1.375298e+03 1.037321e+03 1.400870e-01 4.863407e+01 -8.387518e-04 9.731004e-03 5.160757e-04 3.639104e-03
345.000 15.000 7.356404e+02 1.027204e+03 -1.653939e-01 4.140799e+01 6.997298e+02 1.068884e+03 -2.087253e-01 4.112861e+01 2.074281e-01 7.366676e-03 7.424529e-04 -9.003624e-03
345.000 45.000 5.521233e+02 1.455152e+03 -4.498780e-01 4.001278e+01 5.125378e+02 1.539063e+03 -5.003532e-01 3.921703e+01 4.211856e-01 1.089743e-02 9.009134e-04 -2.176963e-02
345.000 75.000 6.193963e+02 1.481730e+03 -4.104149e-01 4.179966e+01 5.696619e+02 1.577553e+03 -4.693946e-01 4.091597e+01 5.220868e-01 1.227052e-02 1.008336e-03 -2.230883e-02
345.000 105.000 5.462747e+02 1.856267e+03 -5.452527e-01 4.108850e+01 5.111288e+02 1.937362e+03 -5.824948e-01 4.022086e+01 4.830953e-01 1.085778e-02 6.477154e-04 -2.502763e-02
345.000 135.000 9.463304e+02 1.051901e+03 -5.283206e-02 4.463915e+01 8.975101e+02 1.068999e+03 -8.720481e-02 4.417640e+01 3.146588e-01 7.307885e-03 5.473112e-04 -8.232477e-03
345.000 165.000 1.004034e+03 1.228710e+03 -1.006276e-01 4.701208e+01 1.011939e+03 1.213695e+03 -9.065066e-02 4.698239e+01 6.190969e-02 4.646880e-03 -1.501104e-04 -3.457352e-03
345.000 195.000 1.139795e+03 1.177844e+03 -1.641726e-02 4.813538e+01 1.177804e+03 1.123665e+03 2.352355e-02 4.796036e+01 -2.074280e-01 7.366676e-03 -5.877965e-04 3.968199e-03
345.000 225.000 1.299017e+03 9.449293e+02 1.577968e-01 4.677683e+01 1.371802e+03 8.725424e+02 2.224524e-01 4.618748e+01 -4.211856e-01 1.089743e-02 -9.835487e-04 1.237755e-02
345.000 255.000 1.536767e+03 9.287501e+02 2.466083e-01 4.812042e+01 1.626398e+03 8.567418e+02 3.099527e-01 4.737702e+01 -5.220868e-01 1.227052e-02 -9.380340e-04 1.597440e-02
345.000 285.000 1.355566e+03 1.066228e+03 1.194725e-01 4.885924e+01 1.413340e+03 9.963909e+02 1.730273e-01 4.834860e+01 -4.830953e-01 1.085778e-02 -7.791227e-04 1.233273e-02
345.000 315.000 1.882526e+03 5.294001e+02 5.610146e-01 4.065468e+01 1.913012e+03 5.071720e+02 5.808815e-01 4.004445e+01 -3.146588e-01 7.307885e-03 -3.481471e-04 2.153930e-02
345.000 345.000 1.046620e+03 4.223000e+02 4.250195e-01 3.469253e+01 1.033283e+03 4.287185e+02 4.135184e-01 3.481383e+01 -6.190972e-02 4.646880e-03 2.340070e-04 1.403557e-02
