  #t  #Q2   A1M1_AVG      A_1M1     dA_1M1   A0P1_AVG      A_0P1     dA_0P1   A2M1_AVG      A_2M1     dA_2M1   A3M1_AVG      A_3M1     dA_3M1   A1P1_AVG      A_1P1     dA_1P1       Asym      Astat          t         tp         xb         Q2          W     Dilute
   3    0 -3.020e-02 -2.320e-02 4.1087e-03  3.944e-01  4.029e-01 4.0648e-03 -2.647e-03 -1.347e-02 4.0951e-03  5.904e-04 -1.450e-02 4.0378e-03  1.192e-02  2.985e-02 4.0175e-03 6.4852e-03 2.2079e-03 3.1300e-01 1.2825e-02 4.3009e-01 5.2684e+00 2.8071e+00 7.7208e-01
   Phi   PhiS      N_U_avg      N_D_avg     Asym_avg    dAsym_avg      N_U_fit      N_D_fit     Asym_fit    dAsym_fit     Asym_cal    dAsym_cal     GOOD_fit     GOOD_cal
15.000 15.000 1.190703e+03 1.566367e+03 -1.362550e-01 5.201811e+01 1.193333e+03 1.563601e+03 -1.343041e-01 5.203082e+01 1.084669e-01 3.215774e-03 -2.651551e-05 -4.704552e-03
15.000 45.000 1.420826e+03 1.829629e+03 -1.257681e-01 5.656006e+01 1.417808e+03 1.831486e+03 -1.273131e-01 5.653873e+01 3.258305e-01 5.070527e-03 1.931855e-05 -7.984407e-03
15.000 75.000 8.945710e+02 1.768201e+03 -3.280904e-01 4.874569e+01 8.891300e+02 1.774375e+03 -3.323609e-01 4.867529e+01 4.558880e-01 7.528482e-03 6.199339e-05 -1.608303e-02
15.000 105.000 1.563706e+03 1.872919e+03 -8.997562e-02 5.838496e+01 1.544501e+03 1.892857e+03 -1.013442e-01 5.832713e+01 4.637908e-01 8.501576e-03 1.377540e-04 -9.484744e-03
15.000 135.000 1.169070e+03 1.834305e+03 -2.214958e-01 5.344182e+01 1.158403e+03 1.849016e+03 -2.296366e-01 5.337442e+01 3.474211e-01 7.543722e-03 1.077821e-04 -1.064554e-02
15.000 165.000 1.598702e+03 1.664539e+03 -2.017520e-02 5.711316e+01 1.585582e+03 1.674935e+03 -2.740479e-02 5.707949e+01 1.379603e-01 5.093128e-03 8.953451e-05 -2.768811e-03
15.000 195.000 1.423960e+03 1.814648e+03 -1.206344e-01 5.649317e+01 1.420075e+03 1.819428e+03 -1.232759e-01 5.648249e+01 -1.084669e-01 3.215774e-03 3.306623e-05 -2.153805e-04
15.000 225.000 1.699730e+03 1.024286e+03 2.479590e-01 5.056218e+01 1.708468e+03 1.021462e+03 2.516568e-01 5.056719e+01 -3.258305e-01 5.070527e-03 -5.171142e-05 1.134819e-02
15.000 255.000 1.497137e+03 9.760769e+02 2.106815e-01 4.861519e+01 1.509024e+03 9.692427e+02 2.178061e-01 4.858703e+01 -4.558880e-01 7.528482e-03 -1.036579e-04 1.371114e-02
15.000 285.000 1.394346e+03 1.324708e+03 2.561132e-02 5.212744e+01 1.406560e+03 1.308984e+03 3.593234e-02 5.207723e+01 -4.637908e-01 8.501576e-03 -1.400717e-04 9.388569e-03
15.000 315.000 1.339218e+03 1.112205e+03 9.260487e-02 4.929909e+01 1.348818e+03 1.099986e+03 1.016138e-01 4.922925e+01 -3.474212e-01 7.543722e-03 -1.293079e-04 8.925642e-03
15.000 345.000 1.523222e+03 1.370648e+03 5.272329e-02 5.371988e+01 1.533642e+03 1.360570e+03 5.979915e-02 5.370161e+01 -1.379603e-01 5.093128e-03 -9.315430e-05 3.549592e-03
45.000 15.000 1.347327e+03 2.153271e+03 -2.302302e-01 5.757644e+01 1.350061e+03 2.149383e+03 -2.284138e-01 5.759225e+01 9.296066e-02 6.731028e-03 -2.230443e-05 -5.613250e-03
45.000 45.000 1.181768e+03 2.772508e+03 -4.022833e-01 5.757038e+01 1.186908e+03 2.768643e+03 -3.998772e-01 5.764591e+01 2.907186e-01 7.006451e-03 -2.953392e-05 -1.203747e-02
45.000 75.000 1.664349e+03 2.077168e+03 -1.103349e-01 6.079448e+01 1.663568e+03 2.073719e+03 -1.097456e-01 6.076409e+01 4.105787e-01 6.715104e-03 -6.855397e-06 -8.568436e-03
45.000 105.000 1.117923e+03 2.644453e+03 -4.057356e-01 5.606254e+01 1.114668e+03 2.643843e+03 -4.068566e-01 5.600318e+01 4.204246e-01 6.108294e-03 1.414598e-05 -1.473640e-02
45.000 135.000 1.606547e+03 1.699634e+03 -2.815559e-02 5.747660e+01 1.603769e+03 1.698814e+03 -2.877916e-02 5.744430e+01 3.176181e-01 5.790305e-03 7.673606e-06 -6.015903e-03
45.000 165.000 1.520353e+03 2.005955e+03 -1.377083e-01 5.881697e+01 1.515499e+03 2.007993e+03 -1.397744e-01 5.877630e+01 1.297060e-01 6.125796e-03 2.484729e-05 -4.546551e-03
45.000 195.000 1.801028e+03 1.871507e+03 -1.919085e-02 6.059028e+01 1.799462e+03 1.870215e+03 -1.928031e-02 6.056660e+01 -9.296064e-02 6.731028e-03 1.044207e-06 1.217518e-03
45.000 225.000 2.596498e+03 1.083010e+03 4.113289e-01 5.528984e+01 2.602415e+03 1.090505e+03 4.094078e-01 5.544305e+01 -2.907186e-01 7.006451e-03 2.453517e-05 1.269759e-02
45.000 255.000 1.971406e+03 1.506511e+03 1.336704e-01 5.844463e+01 1.971592e+03 1.509285e+03 1.328134e-01 5.847629e+01 -4.105787e-01 6.715104e-03 1.036580e-05 9.312217e-03
45.000 285.000 2.440961e+03 1.667079e+03 1.883822e-01 6.294644e+01 2.443532e+03 1.660002e+03 1.909402e-01 6.288026e+01 -4.204246e-01 6.108294e-03 -2.875105e-05 9.671822e-03
45.000 315.000 2.212948e+03 1.625220e+03 1.531274e-01 6.122230e+01 2.214064e+03 1.628062e+03 1.525202e-01 6.125968e+01 -3.176181e-01 5.790305e-03 7.010225e-06 7.689117e-03
45.000 345.000 2.727241e+03 1.392007e+03 3.241452e-01 6.071604e+01 2.731077e+03 1.390562e+03 3.252382e-01 6.070957e+01 -1.297060e-01 6.125796e-03 -1.273012e-05 7.474981e-03
75.000 15.000 1.852133e+03 2.109078e+03 -6.486512e-02 6.280561e+01 1.824975e+03 2.138268e+03 -7.904962e-02 6.275730e+01 1.117617e-01 6.509151e-03 1.597598e-04 -2.812277e-03
75.000 45.000 1.925153e+03 1.870878e+03 1.429779e-02 6.160564e+01 1.919106e+03 1.887653e+03 8.262392e-03 6.169684e+01 2.861332e-01 6.342977e-03 6.922280e-05 -4.412508e-03
75.000 75.000 1.505500e+03 1.745928e+03 -7.394543e-02 5.686519e+01 1.501023e+03 1.741228e+03 -7.408582e-02 5.678429e+01 3.838355e-01 6.258858e-03 1.747027e-06 -8.050284e-03
75.000 105.000 1.514073e+03 2.062460e+03 -1.533291e-01 5.909695e+01 1.529991e+03 2.050889e+03 -1.454666e-01 5.920394e+01 3.786894e-01 6.344205e-03 -9.399136e-05 -9.002470e-03
75.000 135.000 2.055942e+03 2.331903e+03 -6.289231e-02 6.610968e+01 2.083292e+03 2.312180e+03 -5.207357e-02 6.620841e+01 2.720738e-01 6.510348e-03 -1.156305e-04 -5.066825e-03
75.000 165.000 1.690771e+03 2.170465e+03 -1.242334e-01 6.165746e+01 1.715783e+03 2.145056e+03 -1.111865e-01 6.175038e+01 9.255628e-02 6.591258e-03 -1.495133e-04 -3.516033e-03
75.000 195.000 1.871978e+03 1.475798e+03 1.183413e-01 5.745338e+01 1.894532e+03 1.459667e+03 1.296477e-01 5.742665e+01 -1.117617e-01 6.509151e-03 -1.391864e-04 4.005038e-03
75.000 225.000 2.697870e+03 1.982337e+03 1.528849e-01 6.760778e+01 2.712726e+03 1.963300e+03 1.602699e-01 6.749753e+01 -2.861331e-01 6.342977e-03 -7.730233e-05 6.493602e-03
75.000 255.000 2.276861e+03 1.321148e+03 2.656227e-01 5.782863e+01 2.282050e+03 1.325717e+03 2.650762e-01 5.791602e+01 -3.838355e-01 6.258858e-03 6.676958e-06 1.123074e-02
75.000 285.000 2.244005e+03 1.564935e+03 1.782830e-01 6.072787e+01 2.234632e+03 1.575067e+03 1.731278e-01 6.079070e+01 -3.786894e-01 6.344205e-03 5.999569e-05 9.171612e-03
75.000 315.000 1.858271e+03 1.478478e+03 1.138212e-01 5.738921e+01 1.840252e+03 1.494584e+03 1.036534e-01 5.743698e+01 -2.720738e-01 6.510348e-03 1.252279e-04 6.724175e-03
75.000 345.000 3.016153e+03 1.925297e+03 2.207561e-01 6.856119e+01 2.978060e+03 1.953752e+03 2.076940e-01 6.869548e+01 -9.255630e-02 6.591258e-03 1.345838e-04 4.569821e-03
105.000 15.000 9.250342e+02 1.563065e+03 -2.564329e-01 4.821293e+01 9.066137e+02 1.595183e+03 -2.752298e-01 4.808619e+01 1.229727e-01 6.591259e-03 2.760442e-04 -7.869374e-03
105.000 45.000 1.188398e+03 1.554224e+03 -1.333854e-01 5.190208e+01 1.165385e+03 1.573508e+03 -1.490102e-01 5.175015e+01 2.907402e-01 6.510348e-03 2.131823e-04 -8.171649e-03
105.000 75.000 1.259299e+03 1.629976e+03 -1.282939e-01 5.330778e+01 1.235544e+03 1.648976e+03 -1.433280e-01 5.315321e+01 3.806042e-01 6.344205e-03 1.997108e-04 -9.546411e-03
105.000 105.000 1.226922e+03 1.611384e+03 -1.354547e-01 5.278475e+01 1.231702e+03 1.614250e+03 -1.344182e-01 5.286332e+01 3.684855e-01 6.258858e-03 -1.387474e-05 -9.547080e-03
105.000 135.000 1.407281e+03 1.333541e+03 2.690432e-02 5.233390e+01 1.424599e+03 1.322277e+03 3.725006e-02 5.237427e+01 2.576315e-01 6.342977e-03 -1.397321e-04 -4.408751e-03
105.000 165.000 1.230083e+03 1.768912e+03 -1.796699e-01 5.387192e+01 1.251107e+03 1.740948e+03 -1.637141e-01 5.396166e+01 7.774527e-02 6.509151e-03 -2.092569e-04 -4.778282e-03
105.000 195.000 1.725976e+03 1.533969e+03 5.889862e-02 5.699681e+01 1.758928e+03 1.505380e+03 7.767286e-02 5.696151e+01 -1.229727e-01 6.591259e-03 -2.329867e-04 3.190903e-03
105.000 225.000 2.007392e+03 1.119773e+03 2.838412e-01 5.362110e+01 2.042639e+03 1.102916e+03 2.987463e-01 5.352398e+01 -2.907402e-01 6.510348e-03 -1.967329e-04 1.071558e-02
105.000 255.000 1.783581e+03 1.590793e+03 5.713293e-02 5.799447e+01 1.804774e+03 1.566333e+03 7.073063e-02 5.791582e+01 -3.806041e-01 6.344205e-03 -1.659046e-04 7.547910e-03
105.000 285.000 1.517287e+03 1.258940e+03 9.305686e-02 5.246128e+01 1.513546e+03 1.252867e+03 9.423010e-02 5.236267e+01 -3.684855e-01 6.258858e-03 -1.582851e-05 8.797771e-03
105.000 315.000 1.513491e+03 1.060455e+03 1.760081e-01 4.994205e+01 1.496774e+03 1.070026e+03 1.662567e-01 4.995848e+01 -2.576315e-01 6.342977e-03 1.380430e-04 8.682855e-03
105.000 345.000 2.106025e+03 1.372832e+03 2.107569e-01 5.765702e+01 2.074405e+03 1.395425e+03 1.956811e-01 5.776649e+01 -7.774529e-02 6.509151e-03 1.847146e-04 5.003765e-03
135.000 15.000 1.657221e+03 1.437748e+03 7.091279e-02 5.549240e+01 1.636270e+03 1.455623e+03 5.842596e-02 5.550981e+01 1.048724e-01 6.125796e-03 1.590873e-04 -6.119691e-04
135.000 45.000 1.354444e+03 1.724780e+03 -1.202691e-01 5.508797e+01 1.335475e+03 1.745653e+03 -1.331260e-01 5.501383e+01 2.712180e-01 5.790305e-03 1.651411e-04 -7.106582e-03
135.000 75.000 7.734335e+02 2.165929e+03 -4.737405e-01 4.774600e+01 7.665098e+02 2.208090e+03 -4.846300e-01 4.770709e+01 3.648910e-01 6.108294e-03 1.613353e-04 -1.756443e-02
135.000 105.000 1.456179e+03 2.581903e+03 -2.787770e-01 6.102668e+01 1.445085e+03 2.601581e+03 -2.857899e-01 6.096024e+01 3.607917e-01 6.715104e-03 8.130177e-05 -1.048015e-02
135.000 135.000 1.869748e+03 1.421149e+03 1.363153e-01 5.683085e+01 1.867898e+03 1.420205e+03 1.361553e-01 5.680798e+01 2.600186e-01 7.006451e-03 1.990525e-06 -2.176693e-03
135.000 165.000 9.125899e+02 1.660542e+03 -2.906778e-01 4.853575e+01 9.202453e+02 1.650933e+03 -2.841840e-01 4.861614e+01 8.957370e-02 6.731028e-03 -9.452775e-05 -7.834462e-03
135.000 195.000 1.246796e+03 1.320545e+03 -2.872562e-02 5.064802e+01 1.262421e+03 1.299803e+03 -1.458952e-02 5.061303e+01 -1.048724e-01 6.125796e-03 -1.974250e-04 1.503450e-03
135.000 225.000 1.844235e+03 1.168282e+03 2.243814e-01 5.348687e+01 1.868429e+03 1.151893e+03 2.372383e-01 5.338850e+01 -2.712180e-01 5.790305e-03 -1.701262e-04 9.265815e-03
135.000 255.000 2.339323e+03 7.152012e+02 5.317103e-01 4.680771e+01 2.372924e+03 7.100109e+02 5.393929e-01 4.675438e+01 -3.648910e-01 6.108294e-03 -1.161237e-04 1.915499e-02
135.000 285.000 1.251377e+03 1.176690e+03 3.076001e-02 4.925210e+01 1.257331e+03 1.164677e+03 3.825509e-02 4.917788e+01 -3.607917e-01 6.715104e-03 -1.076870e-04 7.949951e-03
135.000 315.000 1.654021e+03 1.221000e+03 1.506149e-01 5.300757e+01 1.653906e+03 1.219754e+03 1.510798e-01 5.299121e+01 -2.600186e-01 7.006451e-03 -6.203566e-06 7.746695e-03
135.000 345.000 1.815960e+03 1.714693e+03 2.868236e-02 5.939485e+01 1.805791e+03 1.724804e+03 2.293864e-02 5.940317e+01 -8.957372e-02 6.731028e-03 6.837528e-05 1.991016e-03
165.000 15.000 1.459585e+02 2.580674e+02 -2.774794e-01 1.931109e+01 1.455721e+02 2.599622e+02 -2.820726e-01 1.932015e+01 8.964555e-02 5.093128e-03 1.681479e-04 -1.901110e-02
165.000 45.000 2.906514e+02 2.207320e+02 1.367260e-01 2.240142e+01 2.837346e+02 2.217999e+02 1.225133e-01 2.231472e+01 2.483876e-01 7.543722e-03 4.494969e-04 -4.984576e-03
165.000 75.000 2.645107e+02 2.730099e+02 -1.581186e-02 2.318159e+01 2.624812e+02 2.777509e+02 -2.826508e-02 2.323361e+01 3.405743e-01 8.501575e-03 3.794341e-04 -1.537367e-02
165.000 105.000 3.517924e+02 3.296112e+02 3.255222e-02 2.608988e+01 3.445647e+02 3.341535e+02 1.533950e-02 2.604916e+01 3.415045e-01 7.528482e-03 4.668761e-04 -1.184184e-02
165.000 135.000 2.190632e+02 3.135656e+02 -1.774264e-01 2.271258e+01 2.143398e+02 3.185887e+02 -1.956151e-01 2.263926e+01 2.509288e-01 5.070528e-03 5.671812e-04 -1.885981e-02
165.000 165.000 3.178078e+02 9.555927e+01 5.376542e-01 1.714276e+01 3.151396e+02 9.530660e+01 5.355952e-01 1.710861e+01 9.311692e-02 3.215775e-03 8.501615e-05 2.593149e-02
165.000 195.000 3.423451e+02 3.801386e+02 -5.231064e-02 2.684226e+01 3.438343e+02 3.767985e+02 -4.574348e-02 2.681650e+01 -8.964553e-02 5.093128e-03 -1.730820e-04 1.390900e-03
165.000 225.000 2.402023e+02 1.541986e+02 2.180616e-01 1.938161e+01 2.421509e+02 1.534759e+02 2.241381e-01 1.938431e+01 -2.483875e-01 7.543722e-03 -2.216732e-04 2.406658e-02
165.000 255.000 2.829902e+02 1.492920e+02 3.092847e-01 1.977198e+01 2.852840e+02 1.484550e+02 3.154639e-01 1.976296e+01 -3.405743e-01 8.501575e-03 -2.210374e-04 3.286766e-02
165.000 285.000 3.720274e+02 1.361595e+02 4.641362e-01 1.996778e+01 3.800433e+02 1.358290e+02 4.734008e-01 2.000652e+01 -3.415045e-01 7.528482e-03 -3.277639e-04 4.034704e-02
165.000 315.000 4.137483e+02 3.171483e+02 1.321665e-01 2.679794e+01 4.189545e+02 3.148340e+02 1.418945e-01 2.681444e+01 -2.509288e-01 5.070528e-03 -2.566097e-04 1.429570e-02
165.000 345.000 2.652384e+02 1.489010e+02 2.809134e-01 1.953097e+01 2.672778e+02 1.485342e+02 2.855703e-01 1.954232e+01 -9.311694e-02 3.215775e-03 -1.685490e-04 1.915063e-02
195.000 15.000 1.434725e+02 5.063711e+02 -5.584398e-01 2.114679e+01 1.436732e+02 5.077778e+02 -5.589131e-01 2.116479e+01 9.311690e-02 3.215774e-03 1.581996e-05 -3.081114e-02
195.000 45.000 1.362049e+02 2.483327e+02 -2.915915e-01 1.875745e+01 1.372400e+02 2.506242e+02 -2.923296e-01 1.883398e+01 2.509288e-01 5.070528e-03 2.776768e-05 -2.892291e-02
195.000 75.000 2.379975e+02 3.490588e+02 -1.891834e-01 2.379171e+01 2.328765e+02 3.577191e+02 -2.113841e-01 2.375302e+01 3.415045e-01 7.528482e-03 6.603592e-04 -2.230558e-02
195.000 105.000 1.208195e+02 5.919500e+02 -6.609858e-01 2.003394e+01 1.192070e+02 6.018111e+02 -6.693371e-01 1.994977e+01 3.405743e-01 8.501576e-03 2.953829e-04 -4.999315e-02
195.000 135.000 2.406346e+02 3.956640e+02 -2.436424e-01 2.446481e+01 2.344674e+02 3.973291e+02 -2.577757e-01 2.428610e+01 2.483876e-01 7.543722e-03 4.099884e-04 -2.011174e-02
195.000 165.000 4.116396e+02 2.552528e+02 2.345009e-01 2.510417e+01 4.108812e+02 2.560740e+02 2.321104e-01 2.512017e+01 8.964557e-02 5.093128e-03 6.731368e-05 5.770170e-03
195.000 195.000 4.384708e+02 5.014462e+02 -6.700100e-02 3.058917e+01 4.395328e+02 4.995110e+02 -6.387153e-02 3.058125e+01 -9.311688e-02 3.215774e-03 -7.235098e-05 8.537621e-04
195.000 225.000 4.114812e+02 1.050168e+02 5.933504e-01 1.829364e+01 4.167544e+02 1.046606e+02 5.985516e-01 1.829237e+01 -2.509287e-01 5.070527e-03 -2.010477e-04 4.615151e-02
195.000 255.000 2.800376e+02 4.611579e+02 -2.443623e-01 2.639956e+01 2.847322e+02 4.520738e+02 -2.271176e-01 2.643482e+01 -3.415044e-01 7.528482e-03 -4.615881e-04 3.679688e-03
195.000 285.000 2.599866e+02 2.933666e+02 -6.032306e-02 2.348062e+01 2.650602e+02 2.867279e+02 -3.926819e-02 2.347205e+01 -3.405743e-01 8.501576e-03 -6.341724e-04 1.193543e-02
195.000 315.000 2.782604e+02 3.737881e+02 -1.465039e-01 2.525972e+01 2.833607e+02 3.694515e+02 -1.318769e-01 2.532704e+01 -2.483876e-01 7.543722e-03 -4.089153e-04 4.033446e-03
195.000 345.000 3.744827e+02 2.928773e+02 1.222809e-01 2.563945e+01 3.764956e+02 2.896406e+02 1.303862e-01 2.558929e+01 -8.964559e-02 5.093128e-03 -2.237526e-04 8.265642e-03
225.000 15.000 1.556215e+03 1.238844e+03 1.135471e-01 5.252640e+01 1.568450e+03 1.230406e+03 1.207794e-01 5.251692e+01 8.957368e-02 6.731028e-03 -9.736966e-05 4.564076e-04
225.000 45.000 1.272706e+03 1.912128e+03 -2.007710e-01 5.528523e+01 1.275935e+03 1.908228e+03 -1.985743e-01 5.530466e+01 2.600186e-01 7.006451e-03 -2.809015e-05 -8.334768e-03
225.000 75.000 9.256723e+02 2.090080e+03 -3.861085e-01 5.065732e+01 9.192019e+02 2.108016e+03 -3.927084e-01 5.060000e+01 3.607917e-01 6.715103e-03 9.217786e-05 -1.474417e-02
225.000 105.000 8.297506e+02 1.517563e+03 -2.930212e-01 4.632246e+01 8.206326e+02 1.528746e+03 -3.014045e-01 4.621634e+01 3.648910e-01 6.108294e-03 1.281158e-04 -1.420288e-02
225.000 135.000 1.633064e+03 2.263533e+03 -1.618000e-01 6.160022e+01 1.609978e+03 2.297398e+03 -1.759287e-01 6.153405e+01 2.712181e-01 5.790306e-03 1.622704e-04 -7.029488e-03
225.000 165.000 1.475819e+03 1.291067e+03 6.677272e-02 5.248380e+01 1.456363e+03 1.305297e+03 5.470124e-02 5.247281e+01 1.048724e-01 6.125796e-03 1.626544e-04 -7.259329e-04
225.000 195.000 1.534402e+03 1.804673e+03 -8.094189e-02 5.759513e+01 1.524790e+03 1.814637e+03 -8.679547e-02 5.756969e+01 -8.957366e-02 6.731028e-03 7.188141e-05 1.498698e-04
225.000 225.000 1.637776e+03 1.280740e+03 1.223348e-01 5.361751e+01 1.635608e+03 1.279216e+03 1.222687e-01 5.358403e+01 -2.600186e-01 7.006451e-03 8.722418e-07 7.131128e-03
225.000 255.000 1.241427e+03 1.764750e+03 -1.740827e-01 5.399144e+01 1.247656e+03 1.740909e+03 -1.650468e-01 5.391804e+01 -3.607917e-01 6.715104e-03 -1.184208e-04 3.458122e-03
225.000 285.000 2.326284e+03 1.156047e+03 3.360499e-01 5.557943e+01 2.358631e+03 1.141027e+03 3.479207e-01 5.546196e+01 -3.648910e-01 6.108294e-03 -1.511851e-04 1.261152e-02
225.000 315.000 1.719367e+03 9.280213e+02 2.989157e-01 4.910033e+01 1.743210e+03 9.127263e+02 3.126896e-01 4.895154e+01 -2.712181e-01 5.790306e-03 -1.986626e-04 1.161161e-02
225.000 345.000 1.100624e+03 1.263441e+03 -6.887158e-02 4.850619e+01 1.111959e+03 1.247491e+03 -5.744234e-02 4.849397e+01 -1.048725e-01 6.125796e-03 -1.666325e-04 7.421915e-04
255.000 15.000 1.525407e+03 1.541124e+03 -5.125447e-03 5.537554e+01 1.550801e+03 1.516497e+03 1.118371e-02 5.537972e+01 7.774525e-02 6.509151e-03 -2.082486e-04 -1.496522e-03
255.000 45.000 1.466322e+03 1.642460e+03 -5.665797e-02 5.566689e+01 1.484901e+03 1.626300e+03 -4.544838e-02 5.572051e+01 2.576314e-01 6.342977e-03 -1.423208e-04 -5.645895e-03
255.000 75.000 1.293753e+03 1.714233e+03 -1.397881e-01 5.430661e+01 1.289143e+03 1.720681e+03 -1.433766e-01 5.429504e+01 3.684855e-01 6.258858e-03 4.672870e-05 -9.359333e-03
255.000 105.000 1.502660e+03 1.129008e+03 1.419831e-01 5.078007e+01 1.483167e+03 1.132539e+03 1.340473e-01 5.068240e+01 3.806042e-01 6.344206e-03 1.106109e-04 -4.699109e-03
255.000 135.000 1.241950e+03 1.943115e+03 -2.201412e-01 5.505188e+01 1.215689e+03 1.973902e+03 -2.377149e-01 5.485757e+01 2.907402e-01 6.510348e-03 2.261216e-04 -9.279999e-03
255.000 165.000 1.428320e+03 1.946012e+03 -1.534204e-01 5.740128e+01 1.399248e+03 1.982990e+03 -1.725903e-01 5.728429e+01 1.229727e-01 6.591258e-03 2.363875e-04 -4.815104e-03
255.000 195.000 1.412245e+03 1.518633e+03 -3.629910e-02 5.410191e+01 1.389033e+03 1.544049e+03 -5.285087e-02 5.408225e+01 -7.774523e-02 6.509151e-03 2.163693e-04 7.660753e-04
255.000 225.000 1.764135e+03 1.502704e+03 8.002565e-02 5.697295e+01 1.750088e+03 1.520412e+03 7.022637e-02 5.704709e+01 -2.576314e-01 6.342977e-03 1.215424e-04 5.926620e-03
255.000 255.000 1.751489e+03 1.434269e+03 9.957451e-02 5.616200e+01 1.757965e+03 1.435322e+03 1.010376e-01 5.622000e+01 -3.684855e-01 6.258858e-03 -1.841192e-05 8.334105e-03
255.000 285.000 1.785170e+03 1.046337e+03 2.609327e-01 5.136849e+01 1.803358e+03 1.036330e+03 2.701099e-01 5.130795e+01 -3.806042e-01 6.344206e-03 -1.264025e-04 1.248892e-02
255.000 315.000 1.845092e+03 1.304104e+03 1.717859e-01 5.528347e+01 1.875635e+03 1.282282e+03 1.878939e-01 5.519447e+01 -2.907403e-01 6.510348e-03 -2.061964e-04 8.366447e-03
255.000 345.000 1.094785e+03 1.740073e+03 -2.276264e-01 5.184567e+01 1.115030e+03 1.712550e+03 -2.113183e-01 5.197416e+01 -1.229727e-01 6.591258e-03 -2.221463e-04 -2.018562e-03
285.000 15.000 2.106489e+03 1.725681e+03 9.937144e-02 6.159812e+01 2.136891e+03 1.703840e+03 1.127522e-01 6.157844e+01 9.255625e-02 6.591259e-03 -1.536267e-04 1.106395e-04
285.000 45.000 1.776916e+03 1.821956e+03 -1.251505e-02 5.998591e+01 1.793504e+03 1.801486e+03 -2.220291e-03 5.995808e+01 2.720738e-01 6.510348e-03 -1.213816e-04 -4.744262e-03
285.000 75.000 1.606376e+03 2.077776e+03 -1.279535e-01 6.019829e+01 1.610412e+03 2.075507e+03 -1.261814e-01 6.022651e+01 3.786894e-01 6.344205e-03 -2.081064e-05 -8.416233e-03
285.000 105.000 1.597645e+03 2.632477e+03 -2.446340e-01 6.306320e+01 1.598998e+03 2.630238e+03 -2.438360e-01 6.306967e+01 3.838355e-01 6.258858e-03 -8.947193e-06 -9.965710e-03
285.000 135.000 2.224096e+03 2.479076e+03 -5.421452e-02 6.847882e+01 2.208688e+03 2.497418e+03 -6.135224e-02 6.847183e+01 2.861332e-01 6.342977e-03 7.370725e-05 -4.970116e-03
285.000 165.000 2.129619e+03 2.289590e+03 -3.619909e-02 6.643356e+01 2.096773e+03 2.315533e+03 -4.957959e-02 6.634350e+01 1.117617e-01 6.509152e-03 1.425162e-04 -2.227200e-03
285.000 195.000 2.831530e+03 1.422451e+03 3.312377e-01 6.154056e+01 2.799188e+03 1.440148e+03 3.205787e-01 6.167379e+01 -9.255623e-02 6.591259e-03 1.223407e-04 6.886417e-03
285.000 225.000 1.891356e+03 1.835118e+03 1.509167e-02 6.103790e+01 1.872086e+03 1.854730e+03 4.657120e-03 6.104699e+01 -2.720738e-01 6.510348e-03 1.208723e-04 4.704707e-03
285.000 255.000 1.672219e+03 1.776318e+03 -3.018644e-02 5.869749e+01 1.660595e+03 1.785891e+03 -3.635464e-02 5.866797e+01 -3.786894e-01 6.344205e-03 7.432474e-05 5.937272e-03
285.000 285.000 2.629436e+03 1.577950e+03 2.499144e-01 6.280608e+01 2.633357e+03 1.578990e+03 2.503041e-01 6.283657e+01 -3.838355e-01 6.258858e-03 -4.386684e-06 1.009058e-02
285.000 315.000 2.346824e+03 1.761377e+03 1.425068e-01 6.344108e+01 2.372509e+03 1.738840e+03 1.541267e-01 6.335364e+01 -2.861332e-01 6.342977e-03 -1.296038e-04 6.756504e-03
285.000 345.000 1.654721e+03 1.530977e+03 3.884370e-02 5.639939e+01 1.671134e+03 1.510976e+03 5.033080e-02 5.633869e+01 -1.117617e-01 6.509151e-03 -1.440970e-04 2.670338e-03
315.000 15.000 1.225114e+03 2.025831e+03 -2.463027e-01 5.526053e+01 1.223489e+03 2.028826e+03 -2.476196e-01 5.525303e+01 1.297060e-01 6.125796e-03 1.685263e-05 -6.804290e-03
315.000 45.000 1.380528e+03 2.173608e+03 -2.231426e-01 5.811339e+01 1.379497e+03 2.176143e+03 -2.240512e-01 5.811326e+01 3.176180e-01 5.790305e-03 1.105566e-05 -9.305268e-03
315.000 75.000 1.597085e+03 1.856200e+03 -7.503427e-02 5.859899e+01 1.588094e+03 1.855195e+03 -7.757166e-02 5.850273e+01 4.204246e-01 6.108294e-03 3.064346e-05 -8.455075e-03
315.000 105.000 1.845531e+03 2.094601e+03 -6.321381e-02 6.264493e+01 1.854120e+03 2.099150e+03 -6.198158e-02 6.275415e+01 4.105787e-01 6.715104e-03 -1.389665e-05 -7.563142e-03
315.000 135.000 1.658329e+03 1.775027e+03 -3.398944e-02 5.856099e+01 1.667063e+03 1.766380e+03 -2.892641e-02 5.857107e+01 2.907186e-01 7.006451e-03 -6.112944e-05 -5.544784e-03
315.000 165.000 2.492877e+03 1.408451e+03 2.779633e-01 5.999915e+01 2.491513e+03 1.403805e+03 2.792347e-01 5.992989e+01 9.296068e-02 6.731028e-03 -1.499261e-05 3.083421e-03
315.000 195.000 2.160356e+03 2.319599e+03 -3.554563e-02 6.689017e+01 2.161902e+03 2.313408e+03 -3.385371e-02 6.685941e+01 -1.297060e-01 6.125796e-03 -1.788966e-05 1.407686e-03
315.000 225.000 1.898691e+03 1.943768e+03 -1.173135e-02 6.198330e+01 1.901178e+03 1.941403e+03 -1.046821e-02 6.198515e+01 -3.176180e-01 5.790305e-03 -1.440967e-05 4.934985e-03
315.000 255.000 2.652386e+03 1.146523e+03 3.963934e-01 5.658618e+01 2.659536e+03 1.150887e+03 3.959270e-01 5.668428e+01 -4.204246e-01 6.108294e-03 5.822885e-06 1.443494e-02
315.000 285.000 2.181927e+03 1.650039e+03 1.388029e-01 6.130367e+01 2.178871e+03 1.646709e+03 1.391061e-01 6.124993e+01 -4.105787e-01 6.715104e-03 -3.499537e-06 8.961643e-03
315.000 315.000 2.418454e+03 1.508018e+03 2.318713e-01 6.095382e+01 2.415273e+03 1.508185e+03 2.311961e-01 6.094048e+01 -2.907186e-01 7.006451e-03 7.832935e-06 8.573537e-03
315.000 345.000 1.936227e+03 1.627945e+03 8.649470e-02 5.947694e+01 1.935058e+03 1.630427e+03 8.543907e-02 5.949334e+01 -9.296071e-02 6.731028e-03 1.254835e-05 3.017227e-03
345.000 15.000 1.386612e+03 1.588968e+03 -6.800554e-02 5.442259e+01 1.375758e+03 1.599617e+03 -7.523704e-02 5.439239e+01 1.379603e-01 5.093129e-03 9.398416e-05 -3.784565e-03
345.000 45.000 8.531103e+02 1.486797e+03 -2.708170e-01 4.656495e+01 8.447468e+02 1.498509e+03 -2.789974e-01 4.648503e+01 3.474211e-01 7.543722e-03 1.243288e-04 -1.327690e-02
345.000 75.000 1.137852e+03 1.981428e+03 -2.704393e-01 5.376936e+01 1.124921e+03 1.996644e+03 -2.792584e-01 5.364820e+01 4.637908e-01 8.501575e-03 1.161078e-04 -1.365518e-02
345.000 105.000 1.042582e+03 1.647558e+03 -2.248863e-01 5.053800e+01 1.033557e+03 1.657371e+03 -2.318210e-01 5.046102e+01 4.558880e-01 7.528482e-03 9.710129e-05 -1.347054e-02
345.000 135.000 1.084379e+03 2.174227e+03 -3.344525e-01 5.379687e+01 1.084872e+03 2.186140e+03 -3.366750e-01 5.385390e+01 3.258305e-01 5.070528e-03 2.919643e-05 -1.227363e-02
345.000 165.000 1.207242e+03 1.584782e+03 -1.352208e-01 5.235430e+01 1.210685e+03 1.582258e+03 -1.330401e-01 5.237851e+01 1.084669e-01 3.215776e-03 -2.944576e-05 -4.654589e-03
345.000 195.000 1.437675e+03 1.253196e+03 6.855741e-02 5.175156e+01 1.447636e+03 1.241846e+03 7.651654e-02 5.170818e+01 -1.379603e-01 5.093129e-03 -1.087950e-04 3.990560e-03
345.000 225.000 1.301365e+03 9.518206e+02 1.551333e-01 4.689306e+01 1.314073e+03 9.438407e+02 1.639710e-01 4.687437e+01 -3.474211e-01 7.543722e-03 -1.332915e-04 1.071703e-02
345.000 255.000 1.755010e+03 1.345294e+03 1.321538e-01 5.519201e+01 1.767897e+03 1.321147e+03 1.446241e-01 5.499484e+01 -4.637908e-01 8.501575e-03 -1.600521e-04 1.079766e-02
345.000 285.000 1.647874e+03 1.006784e+03 2.414964e-01 4.999837e+01 1.653505e+03 9.990214e+02 2.467398e-01 4.991031e+01 -4.558880e-01 7.528482e-03 -7.422172e-05 1.394814e-02
345.000 315.000 1.562419e+03 1.113455e+03 1.677822e-01 5.099555e+01 1.566839e+03 1.108132e+03 1.714812e-01 5.095401e+01 -3.258305e-01 5.070528e-03 -5.131264e-05 9.679524e-03
345.000 345.000 1.737263e+03 1.387777e+03 1.118341e-01 5.555138e+01 1.733042e+03 1.389942e+03 1.098628e-01 5.554539e+01 -1.084669e-01 3.215775e-03 2.509420e-05 3.965716e-03
