  #t  #Q2   A1M1_AVG      A_1M1     dA_1M1   A0P1_AVG      A_0P1     dA_0P1   A2M1_AVG      A_2M1     dA_2M1   A3M1_AVG      A_3M1     dA_3M1   A1P1_AVG      A_1P1     dA_1P1       Asym      Astat          t         tp         xb         Q2          W     Dilute
   2    0 -5.616e-02 -5.900e-02 3.6578e-03  3.717e-01  3.489e-01 3.6055e-03 -8.808e-03  2.366e-02 3.6200e-03 -1.501e-04 -3.727e-02 3.5558e-03  1.855e-02  2.554e-02 3.5519e-03 6.3929e-03 1.4371e-03 2.5027e-01 2.7844e-02 3.8813e-01 4.8290e+00 2.9133e+00 7.6418e-01
   Phi   PhiS      N_U_avg      N_D_avg     Asym_avg    dAsym_avg      N_U_fit      N_D_fit     Asym_fit    dAsym_fit     Asym_cal    dAsym_cal     GOOD_fit     GOOD_cal
15.000 15.000 1.535638e+03 1.160290e+03 1.392277e-01 5.141662e+01 1.546492e+03 1.156635e+03 1.442246e-01 5.144803e+01 9.056062e-02 2.839642e-03 -6.869936e-05 9.465236e-04
15.000 45.000 1.060626e+03 1.934657e+03 -2.918023e-01 5.234729e+01 1.066779e+03 1.932783e+03 -2.887103e-01 5.243603e+01 2.922042e-01 4.492718e-03 -4.173122e-05 -1.115638e-02
15.000 75.000 1.447970e+03 1.945056e+03 -1.465022e-01 5.762120e+01 1.438998e+03 1.951888e+03 -1.512555e-01 5.756135e+01 4.155519e-01 6.670275e-03 5.836053e-05 -9.754294e-03
15.000 105.000 1.524809e+03 1.939847e+03 -1.197921e-01 5.843747e+01 1.513186e+03 1.957705e+03 -1.280703e-01 5.842911e+01 4.275528e-01 7.528590e-03 1.001749e-04 -9.366334e-03
15.000 135.000 9.968003e+02 2.164289e+03 -3.693310e-01 5.224844e+01 9.845688e+02 2.183546e+03 -3.784514e-01 5.209952e+01 3.249913e-01 6.675232e-03 1.236065e-04 -1.328886e-02
15.000 165.000 1.319742e+03 1.763874e+03 -1.440298e-01 5.495132e+01 1.304788e+03 1.781429e+03 -1.544417e-01 5.488719e+01 1.353486e-01 4.500075e-03 1.340573e-04 -5.084107e-03
15.000 195.000 1.777223e+03 1.767108e+03 2.853960e-03 5.953404e+01 1.764873e+03 1.779138e+03 -4.025075e-03 5.953111e+01 -9.056060e-02 2.839642e-03 8.170673e-05 1.569095e-03
15.000 225.000 2.241520e+03 7.488579e+02 4.991550e-01 4.738468e+01 2.236360e+03 7.558996e+02 4.947633e-01 4.753716e+01 -2.922042e-01 4.492718e-03 6.542957e-05 1.670074e-02
15.000 255.000 2.070441e+03 1.282687e+03 2.349310e-01 5.628553e+01 2.075062e+03 1.282940e+03 2.358908e-01 5.631295e+01 -4.155519e-01 6.670275e-03 -1.205554e-05 1.155684e-02
15.000 285.000 2.039204e+03 1.093280e+03 3.019727e-01 5.335579e+01 2.048462e+03 1.083847e+03 3.079566e-01 5.324705e+01 -4.275528e-01 7.528590e-03 -7.938321e-05 1.367285e-02
15.000 315.000 2.169658e+03 1.152496e+03 3.061754e-01 5.487006e+01 2.193186e+03 1.146666e+03 3.133433e-01 5.488107e+01 -3.249913e-01 6.675232e-03 -9.236260e-05 1.150293e-02
15.000 345.000 2.015631e+03 1.672511e+03 9.303317e-02 6.046669e+01 2.032059e+03 1.653605e+03 1.026828e-01 6.038877e+01 -1.353486e-01 4.500075e-03 -1.129172e-04 3.776985e-03
45.000 15.000 1.983280e+03 2.331926e+03 -8.079479e-02 6.547547e+01 2.003120e+03 2.309825e+03 -7.111265e-02 6.550675e+01 7.349729e-02 5.948700e-03 -1.045379e-04 -2.356487e-03
45.000 45.000 1.885593e+03 2.519432e+03 -1.438901e-01 6.567969e+01 1.919028e+03 2.492864e+03 -1.300656e-01 6.585784e+01 2.517097e-01 6.189646e-03 -1.486327e-04 -6.023168e-03
45.000 75.000 1.728716e+03 2.322486e+03 -1.465665e-01 6.296170e+01 1.762846e+03 2.293545e+03 -1.308303e-01 6.314237e+01 3.624767e-01 5.941069e-03 -1.764761e-04 -8.084966e-03
45.000 105.000 1.579401e+03 2.140540e+03 -1.508463e-01 6.029341e+01 1.604739e+03 2.111082e+03 -1.362667e-01 6.038893e+01 3.761184e-01 5.418136e-03 -1.708501e-04 -8.740004e-03
45.000 135.000 1.720258e+03 2.008259e+03 -7.724268e-02 6.087916e+01 1.732770e+03 1.997746e+03 -7.102915e-02 6.092368e+01 2.889794e-01 5.141159e-03 -7.214339e-05 -6.015558e-03
45.000 165.000 2.562310e+03 1.953329e+03 1.348603e-01 6.658462e+01 2.556864e+03 1.955742e+03 1.332094e-01 6.657725e+01 1.244087e-01 5.426503e-03 1.753309e-05 1.569682e-04
45.000 195.000 2.172270e+03 1.604099e+03 1.504543e-01 6.075265e+01 2.155014e+03 1.624414e+03 1.403917e-01 6.086818e+01 -7.349727e-02 5.948700e-03 1.170091e-04 3.686285e-03
45.000 225.000 2.247956e+03 1.715279e+03 1.344046e-01 6.238302e+01 2.215338e+03 1.742602e+03 1.194400e-01 6.246179e+01 -2.517097e-01 6.189646e-03 1.695157e-04 6.189412e-03
45.000 255.000 2.005496e+03 1.485078e+03 1.490924e-01 5.842075e+01 1.981114e+03 1.512026e+03 1.342882e-01 5.856746e+01 -3.624767e-01 5.941069e-03 1.789596e-04 8.756632e-03
45.000 285.000 2.471133e+03 1.678309e+03 1.910676e-01 6.322942e+01 2.441421e+03 1.710628e+03 1.760077e-01 6.343046e+01 -3.761184e-01 5.418136e-03 1.681500e-04 8.970286e-03
45.000 315.000 2.258208e+03 1.550410e+03 1.858412e-01 6.063893e+01 2.244977e+03 1.563539e+03 1.789249e-01 6.071729e+01 -2.889794e-01 5.141159e-03 8.059796e-05 7.830292e-03
45.000 345.000 2.587784e+03 2.448150e+03 2.772765e-02 7.093703e+01 2.589285e+03 2.444275e+03 2.880853e-02 7.091814e+01 -1.244087e-01 5.426503e-03 -1.077580e-05 2.144668e-03
75.000 15.000 3.374243e+03 3.185774e+03 2.872996e-02 8.096050e+01 3.343187e+03 3.198187e+03 2.216666e-02 8.085889e+01 1.001116e-01 5.764942e-03 5.735973e-05 -8.816848e-04
75.000 45.000 3.131052e+03 3.188245e+03 -9.050508e-03 7.949075e+01 3.122326e+03 3.194099e+03 -1.136285e-02 7.947081e+01 2.621816e-01 5.615448e-03 2.057189e-05 -3.412122e-03
75.000 75.000 2.322051e+03 4.068514e+03 -2.732876e-01 7.689784e+01 2.348984e+03 4.044911e+03 -2.652415e-01 7.709777e+01 3.540003e-01 5.538079e-03 -7.389112e-05 -8.157419e-03
75.000 105.000 2.622188e+03 3.875399e+03 -1.928733e-01 7.909410e+01 2.669332e+03 3.826278e+03 -1.781120e-01 7.930664e+01 3.509649e-01 5.613259e-03 -1.317893e-04 -6.875837e-03
75.000 135.000 2.342054e+03 3.495536e+03 -1.975956e-01 7.489771e+01 2.389114e+03 3.443048e+03 -1.807106e-01 7.511129e+01 2.538887e-01 5.762810e-03 -1.591838e-04 -6.028013e-03
75.000 165.000 2.753199e+03 3.778025e+03 -1.569119e-01 7.981489e+01 2.798792e+03 3.719306e+03 -1.412244e-01 7.992558e+01 8.878327e-02 5.837201e-03 -1.388844e-04 -3.078312e-03
75.000 195.000 3.752348e+03 3.218168e+03 7.663434e-02 8.324409e+01 3.788727e+03 3.191227e+03 8.560225e-02 8.323946e+01 -1.001116e-01 5.764942e-03 -7.617896e-05 2.123225e-03
75.000 225.000 3.743957e+03 2.579347e+03 1.841774e-01 7.815887e+01 3.744651e+03 2.577046e+03 1.846980e-01 7.814118e+01 -2.621816e-01 5.615448e-03 -4.710208e-06 5.710920e-03
75.000 255.000 4.452785e+03 2.497785e+03 2.812718e-01 8.000427e+01 4.420078e+03 2.518536e+03 2.740521e-01 8.010925e+01 -3.540003e-01 5.538079e-03 6.376815e-05 7.940477e-03
75.000 285.000 4.072879e+03 2.249524e+03 2.883960e-01 7.613511e+01 4.022227e+03 2.293325e+03 2.737532e-01 7.643467e+01 -3.509649e-01 5.613259e-03 1.357280e-04 8.397714e-03
75.000 315.000 4.248512e+03 2.957041e+03 1.792327e-01 8.351095e+01 4.186422e+03 3.013035e+03 1.629827e-01 8.371508e+01 -2.538887e-01 5.762810e-03 1.374253e-04 5.186403e-03
75.000 345.000 2.796716e+03 3.417139e+03 -9.984507e-02 7.843410e+01 2.755648e+03 3.470155e+03 -1.147654e-01 7.838241e+01 -8.878329e-02 5.837201e-03 1.345556e-04 -1.410328e-04
105.000 15.000 4.401484e+03 4.874182e+03 -5.096102e-02 9.618512e+01 4.374322e+03 4.913655e+03 -5.806787e-02 9.621153e+01 7.957336e-02 5.837201e-03 5.223901e-05 -1.357116e-03
105.000 45.000 4.778373e+03 4.833519e+03 -5.737275e-03 9.803865e+01 4.721218e+03 4.879824e+03 -1.651970e-02 9.797154e+01 2.517777e-01 5.762810e-03 7.779522e-05 -2.626668e-03
105.000 75.000 4.321354e+03 4.740894e+03 -4.629542e-02 9.509377e+01 4.273624e+03 4.790138e+03 -5.698669e-02 9.504908e+01 3.565184e-01 5.613259e-03 7.951782e-05 -4.235965e-03
105.000 105.000 3.466408e+03 4.575510e+03 -1.379150e-01 8.881980e+01 3.416728e+03 4.606797e+03 -1.483225e-01 8.858336e+01 3.657303e-01 5.538079e-03 8.296582e-05 -5.670418e-03
105.000 135.000 4.642734e+03 5.497058e+03 -8.425456e-02 1.003385e+02 4.620596e+03 5.516045e+03 -8.833784e-02 1.002873e+02 2.769451e-01 5.615448e-03 2.878307e-05 -3.599812e-03
105.000 165.000 4.632198e+03 4.241993e+03 4.397082e-02 9.411181e+01 4.635981e+03 4.239163e+03 4.471126e-02 9.411377e+01 1.139526e-01 5.764942e-03 -5.563252e-06 -7.436028e-04
105.000 195.000 4.079126e+03 4.463413e+03 -4.498505e-02 9.233229e+01 4.106473e+03 4.436641e+03 -3.864716e-02 9.235992e+01 -7.957334e-02 5.837201e-03 -4.853008e-05 3.746068e-04
105.000 225.000 5.925727e+03 4.105023e+03 1.815122e-01 9.848995e+01 5.990786e+03 4.057700e+03 1.923758e-01 9.836975e+01 -2.517777e-01 5.762810e-03 -7.804219e-05 4.399332e-03
105.000 255.000 6.050153e+03 4.354105e+03 1.630148e-01 1.006369e+02 6.111075e+03 4.303261e+03 1.735890e-01 1.005013e+02 -3.565184e-01 5.613259e-03 -7.434783e-05 5.162455e-03
105.000 285.000 5.839040e+03 3.633874e+03 2.327864e-01 9.465507e+01 5.894361e+03 3.600681e+03 2.415661e-01 9.455668e+01 -3.657303e-01 5.538079e-03 -6.562138e-05 6.323135e-03
105.000 315.000 5.954076e+03 4.481103e+03 1.411546e-01 1.011299e+02 5.981970e+03 4.465561e+03 1.451452e-01 1.011308e+02 -2.769451e-01 5.615448e-03 -2.790246e-05 4.134283e-03
105.000 345.000 4.625732e+03 4.886252e+03 -2.738864e-02 9.749281e+01 4.627374e+03 4.887954e+03 -2.738532e-02 9.750996e+01 -1.139526e-01 5.764942e-03 -2.407535e-08 8.879014e-04
135.000 15.000 4.896201e+03 5.859545e+03 -8.956555e-02 1.032931e+02 4.982283e+03 5.745039e+03 -7.110408e-02 1.033106e+02 1.048766e-02 5.426503e-03 -1.263697e-04 -9.686341e-04
135.000 45.000 4.607907e+03 4.906560e+03 -3.138937e-02 9.749406e+01 4.674480e+03 4.855647e+03 -1.900995e-02 9.760473e+01 1.709794e-01 5.141159e-03 -8.973473e-05 -2.075704e-03
135.000 75.000 4.472033e+03 5.467438e+03 -1.001466e-01 9.919569e+01 4.442997e+03 5.477751e+03 -1.043021e-01 9.905969e+01 2.856574e-01 5.418136e-03 2.964168e-05 -3.889322e-03
135.000 105.000 4.094378e+03 5.826681e+03 -1.746087e-01 9.807438e+01 4.055137e+03 5.884094e+03 -1.840139e-01 9.799325e+01 3.237937e-01 5.941069e-03 6.783899e-05 -5.081881e-03
135.000 135.000 4.824883e+03 5.078226e+03 -2.558216e-02 9.948180e+01 4.714107e+03 5.175497e+03 -4.665402e-02 9.933820e+01 2.751697e-01 6.189646e-03 1.498848e-04 -3.023185e-03
135.000 165.000 4.655685e+03 5.793158e+03 -1.088611e-01 1.016121e+02 4.544139e+03 5.921485e+03 -1.316067e-01 1.014118e+02 1.528143e-01 5.948701e-03 1.584401e-04 -2.575239e-03
135.000 195.000 5.451333e+03 5.358658e+03 8.573097e-03 1.039673e+02 5.359449e+03 5.479446e+03 -1.107092e-02 1.041036e+02 -1.048765e-02 5.426503e-03 1.335162e-04 1.833340e-04
135.000 225.000 5.932269e+03 5.001577e+03 8.512021e-02 1.041855e+02 5.890341e+03 5.067392e+03 7.510214e-02 1.043836e+02 -1.709794e-01 5.141159e-03 6.792801e-05 2.458111e-03
135.000 255.000 5.907063e+03 5.142072e+03 6.923533e-02 1.048626e+02 5.896335e+03 5.142109e+03 6.832721e-02 1.048185e+02 -2.856574e-01 5.418136e-03 6.124903e-06 3.384358e-03
135.000 285.000 4.984315e+03 4.889847e+03 9.567213e-03 9.936427e+01 5.033922e+03 4.815746e+03 2.215059e-02 9.922115e+01 -3.237937e-01 5.941069e-03 -8.961168e-05 3.354937e-03
135.000 315.000 4.876912e+03 4.285028e+03 6.460246e-02 9.551808e+01 4.954521e+03 4.184798e+03 8.422111e-02 9.526013e+01 -2.751697e-01 6.189646e-03 -1.454303e-04 3.557151e-03
135.000 345.000 5.441141e+03 5.032762e+03 3.899013e-02 1.022643e+02 5.568494e+03 4.911586e+03 6.268162e-02 1.021710e+02 -1.528143e-01 5.948701e-03 -1.638897e-04 1.875576e-03
165.000 15.000 4.057174e+03 2.995327e+03 1.505633e-01 8.302184e+01 4.135882e+03 2.941664e+03 1.687333e-01 8.292190e+01 1.179504e-02 4.500075e-03 -1.548493e-04 1.671467e-03
165.000 45.000 3.345169e+03 4.029332e+03 -9.277420e-02 8.550455e+01 3.403855e+03 3.958270e+03 -7.530637e-02 8.555918e+01 1.227202e-01 6.675232e-03 -1.444096e-04 -2.520269e-03
165.000 75.000 3.418416e+03 4.716616e+03 -1.595815e-01 8.903855e+01 3.463916e+03 4.652047e+03 -1.463943e-01 8.911806e+01 2.007627e-01 7.528590e-03 -1.046801e-04 -4.047058e-03
165.000 105.000 3.278699e+03 3.424393e+03 -2.173544e-02 8.185307e+01 3.300164e+03 3.407459e+03 -1.599602e-02 8.188960e+01 2.250109e-01 6.670275e-03 -4.957019e-05 -3.014503e-03
165.000 135.000 2.995026e+03 3.982682e+03 -1.415446e-01 8.269166e+01 2.976993e+03 4.003300e+03 -1.470292e-01 8.264016e+01 1.889676e-01 4.492718e-03 4.691401e-05 -3.996923e-03
165.000 165.000 3.070663e+03 4.096246e+03 -1.430998e-01 8.378633e+01 3.033776e+03 4.155062e+03 -1.559759e-01 8.374930e+01 1.022906e-01 2.839642e-03 1.086909e-04 -2.928764e-03
165.000 195.000 3.409979e+03 4.043932e+03 -8.504973e-02 8.602322e+01 3.347100e+03 4.124357e+03 -1.040302e-01 8.596859e+01 -1.179503e-02 4.500075e-03 1.560684e-04 -8.515688e-04
165.000 225.000 4.401862e+03 3.231108e+03 1.533812e-01 8.633306e+01 4.328239e+03 3.299921e+03 1.348055e-01 8.654212e+01 -1.227202e-01 6.675232e-03 1.519596e-04 3.198096e-03
165.000 255.000 4.143143e+03 3.167714e+03 1.334220e-01 8.473909e+01 4.083273e+03 3.195448e+03 1.219754e-01 8.467838e+01 -2.007627e-01 7.528590e-03 9.555037e-05 3.943689e-03
165.000 285.000 4.043142e+03 2.933230e+03 1.590959e-01 8.246083e+01 4.030965e+03 2.951694e+03 1.545644e-01 8.255811e+01 -2.250109e-01 6.670275e-03 3.883514e-05 4.658051e-03
165.000 315.000 3.578001e+03 3.192773e+03 5.689570e-02 8.215142e+01 3.600054e+03 3.190890e+03 6.025146e-02 8.225746e+01 -1.889676e-01 4.492718e-03 -2.886561e-05 2.992807e-03
165.000 345.000 3.485063e+03 3.292284e+03 2.844459e-02 8.229134e+01 3.528655e+03 3.248505e+03 4.133744e-02 8.225314e+01 -1.022907e-01 2.839642e-03 -1.108104e-04 1.588688e-03
195.000 15.000 3.962006e+03 3.845019e+03 1.498486e-02 8.834745e+01 3.915751e+03 3.889149e+03 3.408344e-03 8.834483e+01 1.022906e-01 2.839641e-03 9.265640e-05 -9.882090e-04
195.000 45.000 3.260685e+03 4.049980e+03 -1.079649e-01 8.500264e+01 3.234054e+03 4.077930e+03 -1.154101e-01 8.493876e+01 1.889676e-01 4.492718e-03 6.195717e-05 -3.493214e-03
195.000 75.000 3.437242e+03 4.295466e+03 -1.109862e-01 8.739255e+01 3.448078e+03 4.280727e+03 -1.077332e-01 8.740195e+01 2.250109e-01 6.670275e-03 -2.631876e-05 -3.844688e-03
195.000 105.000 2.829103e+03 3.212645e+03 -6.348194e-02 7.757190e+01 2.873602e+03 3.166520e+03 -4.849552e-02 7.762678e+01 2.007627e-01 7.528591e-03 -1.365605e-04 -3.406447e-03
195.000 135.000 3.864081e+03 3.868818e+03 -6.126345e-04 8.793689e+01 3.937603e+03 3.789523e+03 1.916358e-02 8.788793e+01 1.227203e-01 6.675232e-03 -1.590663e-04 -1.402516e-03
195.000 165.000 3.763956e+03 3.312672e+03 6.377106e-02 8.395147e+01 3.830572e+03 3.250235e+03 8.195915e-02 8.386444e+01 1.179507e-02 4.500074e-03 -1.532742e-04 6.191195e-04
195.000 195.000 3.941299e+03 3.243377e+03 9.714037e-02 8.436160e+01 3.992786e+03 3.199815e+03 1.102482e-01 8.429222e+01 -1.022906e-01 2.839641e-03 -1.099129e-04 2.364002e-03
195.000 225.000 3.841517e+03 3.519955e+03 4.368171e-02 8.571713e+01 3.860704e+03 3.494292e+03 4.981815e-02 8.565478e+01 -1.889676e-01 4.492718e-03 -5.063979e-05 2.714152e-03
195.000 255.000 5.080939e+03 3.341012e+03 2.065944e-01 8.979138e+01 5.056773e+03 3.360467e+03 2.015275e-01 8.986316e+01 -2.250109e-01 6.670275e-03 3.988539e-05 4.806756e-03
195.000 285.000 3.970309e+03 3.490821e+03 6.426478e-02 8.619928e+01 3.907426e+03 3.552837e+03 4.753029e-02 8.627520e+01 -2.007627e-01 7.528591e-03 1.372153e-04 3.074590e-03
195.000 315.000 4.254392e+03 3.455843e+03 1.035701e-01 8.733573e+01 4.176214e+03 3.525044e+03 8.455374e-02 8.744254e+01 -1.227203e-01 6.675232e-03 1.538699e-04 2.591039e-03
195.000 345.000 3.540018e+03 4.075758e+03 -7.034605e-02 8.705222e+01 3.481578e+03 4.151582e+03 -8.777536e-02 8.703074e+01 -1.179508e-02 4.500075e-03 1.415921e-04 -6.725959e-04
225.000 15.000 5.663166e+03 5.414287e+03 2.246721e-02 1.052229e+02 5.522393e+03 5.534427e+03 -1.088364e-03 1.051514e+02 1.528142e-01 5.948700e-03 1.583493e-04 -1.238770e-03
225.000 45.000 4.974477e+03 6.587211e+03 -1.394894e-01 1.064741e+02 4.860121e+03 6.714309e+03 -1.601969e-01 1.061951e+02 2.751697e-01 6.189646e-03 1.377009e-04 -3.894461e-03
225.000 75.000 4.704742e+03 6.636528e+03 -1.703324e-01 1.049391e+02 4.660501e+03 6.707968e+03 -1.801006e-01 1.048795e+02 3.237936e-01 5.941069e-03 6.583867e-05 -4.708692e-03
225.000 105.000 4.132312e+03 6.485566e+03 -2.216313e-01 1.004805e+02 4.149180e+03 6.496810e+03 -2.205178e-01 1.006394e+02 2.856574e-01 5.418136e-03 -7.830192e-06 -5.048630e-03
225.000 135.000 4.446009e+03 5.579365e+03 -1.130487e-01 9.948492e+01 4.513181e+03 5.539668e+03 -1.021090e-01 9.973984e+01 1.709794e-01 5.141159e-03 -7.765623e-05 -2.854987e-03
225.000 165.000 4.835525e+03 4.881322e+03 -4.713139e-03 9.857298e+01 4.936642e+03 4.790309e+03 1.504408e-02 9.861414e+01 1.048767e-02 5.426503e-03 -1.416975e-04 -1.542087e-04
225.000 195.000 5.388271e+03 5.594391e+03 -1.876779e-02 1.047797e+02 5.505580e+03 5.455293e+03 4.587866e-03 1.046931e+02 -1.528142e-01 5.948700e-03 -1.576810e-04 1.279316e-03
225.000 225.000 6.509366e+03 4.748512e+03 1.564108e-01 1.047972e+02 6.628661e+03 4.657637e+03 1.746387e-01 1.046044e+02 -2.751697e-01 6.189646e-03 -1.231035e-04 4.118243e-03
225.000 255.000 6.109647e+03 4.034003e+03 2.046250e-01 9.858459e+01 6.177337e+03 3.985524e+03 2.156689e-01 9.843858e+01 -3.237936e-01 5.941069e-03 -7.927158e-05 5.360053e-03
225.000 285.000 5.721793e+03 4.608390e+03 1.077816e-01 1.010454e+02 5.746288e+03 4.602868e+03 1.104844e-01 1.011080e+02 -2.856574e-01 5.418136e-03 -1.890832e-05 3.893684e-03
225.000 315.000 5.955002e+03 5.118208e+03 7.556926e-02 1.049284e+02 5.918183e+03 5.195040e+03 6.507051e-02 1.051959e+02 -1.709794e-01 5.141159e-03 7.066036e-05 2.349684e-03
225.000 345.000 6.014008e+03 5.655170e+03 3.075093e-02 1.079729e+02 5.899976e+03 5.762212e+03 1.181285e-02 1.079841e+02 -1.048769e-02 5.426503e-03 1.240177e-04 3.819349e-04
255.000 15.000 4.287815e+03 4.511926e+03 -2.546791e-02 9.377651e+01 4.296952e+03 4.501346e+03 -2.323100e-02 9.377393e+01 1.139526e-01 5.764942e-03 -1.686731e-05 -1.486732e-03
255.000 45.000 4.005480e+03 4.709982e+03 -8.083364e-02 9.305114e+01 3.989083e+03 4.726054e+03 -8.456218e-02 9.302052e+01 2.769451e-01 5.615448e-03 2.833835e-05 -3.844969e-03
255.000 75.000 3.461816e+03 5.618202e+03 -2.374869e-01 9.256297e+01 3.436684e+03 5.653635e+03 -2.438804e-01 9.246431e+01 3.657303e-01 5.538079e-03 4.886736e-05 -6.516831e-03
255.000 105.000 4.044461e+03 5.294968e+03 -1.338954e-01 9.577052e+01 4.006919e+03 5.326078e+03 -1.413435e-01 9.563756e+01 3.565184e-01 5.613259e-03 5.503001e-05 -5.120719e-03
255.000 135.000 4.778535e+03 5.567743e+03 -7.627938e-02 1.014203e+02 4.731574e+03 5.610814e+03 -8.501324e-02 1.013294e+02 2.517777e-01 5.762810e-03 6.092017e-05 -3.234630e-03
255.000 165.000 4.588119e+03 4.667222e+03 -8.546702e-03 9.620117e+01 4.546719e+03 4.705698e+03 -1.718251e-02 9.617529e+01 7.957337e-02 5.837201e-03 6.348423e-05 -9.159980e-04
255.000 195.000 5.213165e+03 4.618465e+03 6.048849e-02 9.897301e+01 5.201493e+03 4.626147e+03 5.854360e-02 9.896442e+01 -1.139526e-01 5.764942e-03 1.389578e-05 1.762512e-03
255.000 225.000 5.823147e+03 4.107131e+03 1.728064e-01 9.815161e+01 5.848272e+03 4.093176e+03 1.765433e-01 9.814070e+01 -2.769451e-01 5.615448e-03 -2.692348e-05 4.582211e-03
255.000 255.000 5.197418e+03 3.515822e+03 1.929931e-01 9.158987e+01 5.233661e+03 3.490585e+03 1.997967e-01 9.152041e+01 -3.657303e-01 5.538079e-03 -5.254589e-05 6.100276e-03
255.000 285.000 5.035142e+03 4.344495e+03 7.363258e-02 9.658563e+01 5.079512e+03 4.301681e+03 8.291382e-02 9.652305e+01 -3.565184e-01 5.613259e-03 -6.797031e-05 4.453572e-03
255.000 315.000 4.732622e+03 3.699624e+03 1.225056e-01 9.113560e+01 4.767548e+03 3.644384e+03 1.335203e-01 9.089536e+01 -2.517777e-01 5.762810e-03 -8.557425e-05 4.106884e-03
255.000 345.000 4.716096e+03 4.286762e+03 4.768859e-02 9.477544e+01 4.738354e+03 4.262482e+03 5.286981e-02 9.474005e+01 -7.957339e-02 5.837201e-03 -3.866362e-05 1.342774e-03
285.000 15.000 2.370354e+03 2.500669e+03 -2.675308e-02 6.976774e+01 2.408321e+03 2.463311e+03 -1.128778e-02 6.979263e+01 8.878325e-02 5.837202e-03 -1.567153e-04 -1.656014e-03
285.000 45.000 2.532416e+03 4.092560e+03 -2.354943e-01 7.910482e+01 2.584873e+03 4.028616e+03 -2.183028e-01 7.936193e+01 2.538887e-01 5.762810e-03 -1.534223e-04 -6.186513e-03
285.000 75.000 2.012811e+03 3.078420e+03 -2.093030e-01 6.977246e+01 2.055006e+03 3.041578e+03 -1.935752e-01 7.004004e+01 3.509649e-01 5.613259e-03 -1.590872e-04 -8.029929e-03
285.000 105.000 2.013979e+03 3.397868e+03 -2.557148e-01 7.111938e+01 2.032678e+03 3.369367e+03 -2.474414e-01 7.121301e+01 3.540003e-01 5.538079e-03 -8.220493e-05 -8.573122e-03
285.000 135.000 2.318307e+03 4.310913e+03 -3.005792e-01 7.765490e+01 2.317103e+03 4.311510e+03 -3.008785e-01 7.764366e+01 2.621817e-01 5.615448e-03 2.726018e-06 -7.246945e-03
285.000 165.000 2.513671e+03 3.138141e+03 -1.104902e-01 7.471823e+01 2.490439e+03 3.164756e+03 -1.192384e-01 7.466452e+01 1.001116e-01 5.764942e-03 8.282009e-05 -2.818613e-03
285.000 195.000 2.994057e+03 2.575649e+03 7.512214e-02 7.441958e+01 2.949686e+03 2.617605e+03 5.964860e-02 7.448143e+01 -8.878323e-02 5.837202e-03 1.469626e-04 2.202449e-03
285.000 225.000 3.401418e+03 2.875970e+03 8.370482e-02 7.895192e+01 3.345617e+03 2.934759e+03 6.541929e-02 7.907906e+01 -2.538887e-01 5.762810e-03 1.636366e-04 4.275938e-03
285.000 255.000 3.234834e+03 2.148683e+03 2.017550e-01 7.186363e+01 3.199126e+03 2.188256e+03 1.876367e-01 7.209511e+01 -3.509649e-01 5.613259e-03 1.386943e-04 7.691232e-03
285.000 285.000 3.334324e+03 2.541245e+03 1.349790e-01 7.595077e+01 3.306415e+03 2.558425e+03 1.275380e-01 7.595685e+01 -3.540003e-01 5.538079e-03 6.927347e-05 6.438108e-03
285.000 315.000 4.838731e+03 2.171688e+03 3.804399e-01 7.743235e+01 4.843105e+03 2.165735e+03 3.819991e-01 7.736980e+01 -2.621817e-01 5.615448e-03 -1.424442e-05 8.299135e-03
285.000 345.000 2.301686e+03 3.716794e+03 -2.351271e-01 7.540391e+01 2.316552e+03 3.687609e+03 -2.283510e-01 7.543924e+01 -1.001117e-01 5.764942e-03 -6.352799e-05 -1.790562e-03
315.000 15.000 1.399713e+03 2.591144e+03 -2.985403e-01 6.029234e+01 1.396798e+03 2.590495e+03 -2.993755e-01 6.024889e+01 1.244086e-01 5.426503e-03 9.798668e-06 -7.014970e-03
315.000 45.000 1.869805e+03 1.586259e+03 8.204294e-02 5.859011e+01 1.881866e+03 1.578466e+03 8.767926e-02 5.859804e+01 2.889794e-01 5.141159e-03 -6.801847e-05 -3.531935e-03
315.000 75.000 1.758046e+03 2.232410e+03 -1.188747e-01 6.272213e+01 1.781269e+03 2.210844e+03 -1.076058e-01 6.281631e+01 3.761183e-01 5.418136e-03 -1.269465e-04 -7.891841e-03
315.000 105.000 1.686856e+03 1.996680e+03 -8.411046e-02 6.047707e+01 1.714858e+03 1.973358e+03 -7.008809e-02 6.058133e+01 3.624767e-01 5.941069e-03 -1.638103e-04 -7.384404e-03
315.000 135.000 1.869354e+03 2.802851e+03 -1.997979e-01 6.697533e+01 1.903925e+03 2.764698e+03 -1.843742e-01 6.715593e+01 2.517097e-01 6.189647e-03 -1.626194e-04 -6.741402e-03
315.000 165.000 1.817655e+03 1.476755e+03 1.034782e-01 5.708883e+01 1.833931e+03 1.463938e+03 1.121914e-01 5.706452e+01 7.349731e-02 5.948701e-03 -1.079455e-04 5.251626e-04
315.000 195.000 1.970139e+03 1.718143e+03 6.832343e-02 6.058931e+01 1.971451e+03 1.710263e+03 7.094196e-02 6.052425e+01 -1.244086e-01 5.426503e-03 -3.057594e-05 3.180958e-03
315.000 225.000 2.266601e+03 1.935494e+03 7.879568e-02 6.462201e+01 2.250820e+03 1.949447e+03 7.175089e-02 6.464243e+01 -2.889794e-01 5.141159e-03 7.707331e-05 5.691173e-03
315.000 255.000 1.913123e+03 1.393540e+03 1.571324e-01 5.678925e+01 1.885438e+03 1.418839e+03 1.412106e-01 5.690684e+01 -3.761183e-01 5.418136e-03 1.980435e-04 9.389993e-03
315.000 285.000 1.810957e+03 1.402443e+03 1.271283e-01 5.622692e+01 1.781842e+03 1.432194e+03 1.087878e-01 5.635600e+01 -3.624767e-01 5.941069e-03 2.303848e-04 8.707663e-03
315.000 315.000 1.805945e+03 2.049476e+03 -6.316585e-02 6.196804e+01 1.785025e+03 2.084809e+03 -7.746683e-02 6.202105e+01 -2.517097e-01 6.189647e-03 1.631163e-04 3.042599e-03
315.000 345.000 2.496688e+03 1.810082e+03 1.594247e-01 6.478664e+01 2.470260e+03 1.826760e+03 1.497550e-01 6.481244e+01 -7.349733e-02 5.948701e-03 1.055178e-04 3.595217e-03
345.000 15.000 1.072109e+03 1.603810e+03 -1.986982e-01 5.069784e+01 1.060698e+03 1.618608e+03 -2.082293e-01 5.062740e+01 1.353486e-01 4.500075e-03 1.330279e-04 -6.588974e-03
345.000 45.000 7.765475e+02 2.211568e+03 -4.802426e-01 4.794745e+01 7.676118e+02 2.235067e+03 -4.887153e-01 4.780702e+01 3.249912e-01 6.675232e-03 1.251345e-04 -1.679409e-02
345.000 75.000 1.406195e+03 2.121209e+03 -2.027025e-01 5.815900e+01 1.388544e+03 2.136085e+03 -2.120908e-01 5.801795e+01 4.275528e-01 7.528590e-03 1.142827e-04 -1.083676e-02
345.000 105.000 7.895073e+02 2.132934e+03 -4.596933e-01 4.800914e+01 7.885117e+02 2.133182e+03 -4.602366e-01 4.798778e+01 4.155519e-01 6.670274e-03 8.003533e-06 -1.823080e-02
345.000 135.000 1.544774e+03 1.168322e+03 1.387537e-01 5.158354e+01 1.548219e+03 1.164896e+03 1.412853e-01 5.156508e+01 2.922042e-01 4.492718e-03 -3.470998e-05 -2.974796e-03
345.000 165.000 1.332438e+03 1.151303e+03 7.292848e-02 4.970444e+01 1.342656e+03 1.143235e+03 8.022095e-02 4.969802e+01 9.056064e-02 2.839643e-03 -1.037510e-04 -3.547400e-04
345.000 195.000 1.175778e+03 1.415681e+03 -9.257443e-02 5.068776e+01 1.186136e+03 1.400218e+03 -8.277343e-02 5.068169e+01 -1.353486e-01 4.500075e-03 -1.367346e-04 8.438749e-04
345.000 225.000 1.376560e+03 1.114437e+03 1.052280e-01 4.963279e+01 1.390020e+03 1.101074e+03 1.159917e-01 4.957397e+01 -3.249912e-01 6.675232e-03 -1.534392e-04 8.668045e-03
345.000 255.000 1.812861e+03 1.078364e+03 2.540436e-01 5.200606e+01 1.825948e+03 1.072814e+03 2.598123e-01 5.199124e+01 -4.275528e-01 7.528590e-03 -7.844660e-05 1.310609e-02
345.000 285.000 2.083346e+03 1.453033e+03 1.782367e-01 5.851525e+01 2.088302e+03 1.445368e+03 1.819452e-01 5.845247e+01 -4.155519e-01 6.670275e-03 -4.483836e-05 1.014759e-02
345.000 315.000 1.316291e+03 1.147706e+03 6.841955e-02 4.952235e+01 1.311736e+03 1.147947e+03 6.658920e-02 4.948512e+01 -2.922042e-01 4.492718e-03 2.614461e-05 7.282041e-03
345.000 345.000 1.214351e+03 1.259074e+03 -1.808134e-02 4.972541e+01 1.207798e+03 1.269020e+03 -2.471837e-02 4.975243e+01 -9.056066e-02 2.839643e-03 9.435449e-05 1.457591e-03
