  #t  #Q2   A1M1_AVG      A_1M1     dA_1M1   A0P1_AVG      A_0P1     dA_0P1   A2M1_AVG      A_2M1     dA_2M1   A3M1_AVG      A_3M1     dA_3M1   A1P1_AVG      A_1P1     dA_1P1       Asym      Astat          t         tp         xb         Q2          W     Dilute
   1    0 -5.498e-03 -5.750e-02 4.1388e-02  3.832e-01  5.841e-01 3.8622e-02  1.157e-03  9.460e-02 4.1370e-02  1.106e-03  1.537e-01 4.2123e-02  3.951e-03 -8.548e-02 4.0879e-02 -1.0763e-01 1.2986e-02 2.5723e-01 1.9617e-03 4.0581e-01 4.9738e+00 2.8332e+00 7.8314e-01
   Phi   PhiS      N_U_avg      N_D_avg     Asym_avg    dAsym_avg      N_U_fit      N_D_fit     Asym_fit    dAsym_fit     Asym_cal    dAsym_cal     GOOD_fit     GOOD_cal
15.000 15.000 2.885798e+01 5.363994e+01 -3.003950e-01 8.663345e+00 2.802604e+01 5.397938e+01 -3.164833e-01 8.590205e+00 2.097705e-01 3.280136e-02 1.318687e-03 -5.888740e-02
15.000 45.000 1.037959e+01 1.031631e+01 3.057462e-03 4.549254e+00 9.579985e+00 1.081347e+01 -6.048428e-02 4.507643e+00 3.432589e-01 5.041862e-02 9.921792e-03 -7.477723e-02
15.000 75.000 2.035712e+01 1.815437e+01 5.719700e-02 6.195603e+00 2.120651e+01 1.725780e+01 1.026589e-01 6.169193e+00 3.847714e-01 7.514572e-02 -5.199660e-03 -5.286819e-02
15.000 105.000 0.000000e+00 0.000000e+00         -nan         -nan 0.000000e+00 0.000000e+00         -nan         -nan 3.231847e-01 8.535580e-02         -nan         -nan
15.000 135.000 1.427403e+01 7.040144e+01 -6.628532e-01 6.889938e+00 1.437398e+01 6.812304e+01 -6.515273e-01 6.890431e+00 1.750010e-01 7.628568e-02 -1.162321e-03 -1.215980e-01
15.000 165.000 1.648594e+01 0.000000e+00 1.000000e+00 2.000000e+00 1.685519e+01 0.000000e+00 1.000000e+00 2.000000e+00 -2.007418e-02 5.210243e-02 0.000000e+00 5.098641e-01
15.000 195.000 0.000000e+00 1.496909e+02 -1.000000e+00 2.000000e+00 0.000000e+00 1.475828e+02 -1.000000e+00 2.000000e+00 -2.097705e-01 3.280136e-02 0.000000e+00 -3.950616e-01
15.000 225.000 3.731576e+01 0.000000e+00 1.000000e+00 2.000000e+00 3.785524e+01 0.000000e+00 1.000000e+00 2.000000e+00 -3.432589e-01 5.041862e-02 0.000000e+00 6.714162e-01
15.000 255.000 5.469133e+01 1.000096e+01 6.908144e-01 5.815457e+00 5.472690e+01 1.019086e+01 6.860379e-01 5.862111e+00 -3.847714e-01 7.514572e-02 5.784564e-04 1.849375e-01
15.000 285.000 0.000000e+00 1.940817e+01 -1.000000e+00 2.000000e+00 0.000000e+00 2.024628e+01 -1.000000e+00 2.000000e+00 -3.231848e-01 8.535580e-02 0.000000e+00 -3.380999e-01
15.000 315.000 0.000000e+00 2.213419e+01 -1.000000e+00 2.000000e+00 0.000000e+00 2.366990e+01 -1.000000e+00 2.000000e+00 -1.750010e-01 7.628568e-02 0.000000e+00 -4.121998e-01
15.000 345.000 4.346497e+01 4.150809e+01 2.302943e-02 9.215639e+00 4.143741e+01 4.426439e+01 -3.298621e-02 9.252489e+00 2.007416e-02 5.210243e-02 4.289440e-03 3.206748e-04
45.000 15.000 4.226536e+01 0.000000e+00 1.000000e+00 2.000000e+00 3.953050e+01 0.000000e+00 1.000000e+00 2.000000e+00 2.728830e-01 6.862269e-02 0.000000e+00 3.633447e-01
45.000 45.000 2.149308e+01 1.109345e+02 -6.753986e-01 8.486398e+00 1.917120e+01 1.214436e+02 -7.273232e-01 8.138163e+00 5.481334e-01 7.104229e-02 4.416134e-03 -1.441706e-01
45.000 75.000 0.000000e+00 1.776547e+02 -1.000000e+00 2.000000e+00 0.000000e+00 1.986980e+02 -1.000000e+00 2.000000e+00 6.765118e-01 6.722132e-02 0.000000e+00 -8.377828e-01
45.000 105.000 7.979497e+01 0.000000e+00 1.000000e+00 2.000000e+00 6.822442e+01 0.000000e+00 1.000000e+00 2.000000e+00 6.236195e-01 6.043566e-02 0.000000e+00 1.881044e-01
45.000 135.000 9.544278e+01 1.027843e+02 -3.703598e-02 1.406966e+01 8.612794e+01 1.121036e+02 -1.310370e-01 1.395807e+01 4.036288e-01 5.757199e-02 4.743033e-03 -3.131996e-02
45.000 165.000 4.728132e+01 7.810187e+00 7.164650e-01 5.178014e+00 4.790586e+01 7.550194e+00 7.277053e-01 5.107741e+00 7.548611e-02 6.199062e-02 -1.545425e-03 1.237797e-01
45.000 195.000 8.773586e+01 4.563042e+01 3.157127e-01 1.095779e+01 8.858843e+01 4.524664e+01 3.238447e-01 1.094528e+01 -2.728830e-01 6.862269e-02 -5.250584e-04 5.371379e-02
45.000 225.000 1.136439e+02 7.778657e+01 1.873125e-01 1.359095e+01 1.276514e+02 6.810372e+01 3.041947e-01 1.332820e+01 -5.481333e-01 7.104229e-02 -6.140185e-03 5.411216e-02
45.000 255.000 0.000000e+00 9.712067e+01 -1.000000e+00 2.000000e+00 0.000000e+00 8.033149e+01 -1.000000e+00 2.000000e+00 -6.765118e-01 6.722132e-02 0.000000e+00 -1.616528e-01
45.000 285.000 0.000000e+00 1.131336e+02 -1.000000e+00 2.000000e+00 0.000000e+00 1.035442e+02 -1.000000e+00 2.000000e+00 -6.236195e-01 6.043566e-02 0.000000e+00 -1.881044e-01
45.000 315.000 1.312655e+01 0.000000e+00 1.000000e+00 2.000000e+00 1.311933e+01 0.000000e+00 1.000000e+00 2.000000e+00 -4.036288e-01 5.757199e-02 0.000000e+00 7.015238e-01
45.000 345.000 1.524632e+02 5.213742e+01 4.903492e-01 1.246619e+01 1.468413e+02 4.921453e+01 4.979538e-01 1.214258e+01 -7.548614e-02 6.199062e-02 -4.369824e-04 4.538903e-02
75.000 15.000 8.946057e+01 4.763232e+01 3.051088e-01 1.115037e+01 8.890347e+01 4.633078e+01 3.148070e-01 1.103776e+01 5.942054e-03 6.599292e-02 -6.181309e-04 2.682974e-02
75.000 45.000 1.880413e+01 1.200286e+02 -7.291110e-01 8.064047e+00 1.817621e+01 1.212191e+02 -7.392134e-01 7.951390e+00 4.016198e-01 6.343674e-02 8.920586e-04 -1.402144e-01
75.000 75.000 6.488593e+01 2.606253e+02 -6.013291e-01 1.441553e+01 5.447843e+01 2.936707e+02 -6.870397e-01 1.355782e+01 6.896839e-01 6.204778e-02 4.331129e-03 -8.955628e-02
75.000 105.000 3.853922e+01 8.550437e+01 -3.786181e-01 1.030833e+01 2.925990e+01 9.880070e+01 -5.430304e-01 9.502517e+00 7.929477e-01 6.329674e-02 1.172701e-02 -1.136502e-01
75.000 135.000 4.696693e+01 3.688556e+02 -7.741011e-01 1.290923e+01 3.706405e+01 4.315360e+02 -8.418095e-01 1.168460e+01 6.837418e-01 6.585835e-02 3.888603e-03 -1.129288e-01
75.000 165.000 1.725998e+01 6.786848e+01 -5.944956e-01 7.419025e+00 1.527221e+01 7.397452e+01 -6.577530e-01 7.115835e+00 3.913279e-01 6.716856e-02 6.153487e-03 -1.328723e-01
75.000 195.000 4.709833e+01 5.716205e+01 -9.652485e-02 1.016312e+01 4.854353e+01 6.178671e+01 -1.200322e-01 1.042788e+01 -5.942012e-03 6.599292e-02 1.614379e-03 -8.912710e-03
75.000 225.000 8.762440e+01 1.565790e+01 6.967942e-01 7.289476e+00 8.916111e+01 1.627437e+01 6.912923e-01 7.419531e+00 -4.016198e-01 6.343674e-02 5.289627e-04 1.506792e-01
75.000 255.000 1.207981e+02 0.000000e+00 1.000000e+00 2.000000e+00 1.352949e+02 0.000000e+00 1.000000e+00 2.000000e+00 -6.896838e-01 6.204778e-02 0.000000e+00 8.444356e-01
75.000 285.000 4.485074e+01 7.419268e+00 7.161176e-01 5.046253e+00 5.131369e+01 5.997173e+00 7.907142e-01 4.634485e+00 -7.929477e-01 6.329674e-02 -1.088763e-02 2.990231e-01
75.000 315.000 0.000000e+00 7.752809e+01 -1.000000e+00 2.000000e+00 0.000000e+00 6.075997e+01 -1.000000e+00 2.000000e+00 -6.837418e-01 6.585835e-02 0.000000e+00 -1.580434e-01
75.000 345.000 7.664388e+01 1.194064e+02 -2.181203e-01 1.366466e+01 8.508795e+01 1.056829e+02 -1.079565e-01 1.373126e+01 -3.913279e-01 6.716856e-02 -5.686783e-03 1.267544e-02
105.000 15.000 2.921186e+01 1.777111e+02 -7.176548e-01 1.001757e+01 3.217090e+01 1.665869e+02 -6.762804e-01 1.038532e+01 -1.379440e-01 6.716856e-02 -2.867372e-03 -5.786808e-02
105.000 45.000 1.410210e+02 0.000000e+00 1.000000e+00 2.000000e+00 1.443470e+02 0.000000e+00 1.000000e+00 2.000000e+00 1.912689e-01 6.585835e-02 0.000000e+00 4.041465e-01
105.000 75.000 2.173171e+01 6.116796e+00 5.607091e-01 4.369563e+00 2.129505e+01 6.310424e+00 5.428136e-01 4.412665e+00 4.692315e-01 6.329674e-02 2.881710e-03 2.093300e-02
105.000 105.000 6.525891e+01 1.038542e+02 -2.282215e-01 1.266115e+01 5.542127e+01 1.168895e+02 -3.567291e-01 1.226309e+01 6.214639e-01 6.204777e-02 7.290651e-03 -6.710883e-02
105.000 135.000 1.351507e+02 7.183113e+01 3.059186e-01 1.369712e+01 1.077943e+02 8.381281e+01 1.251596e-01 1.373337e+01 6.071755e-01 6.343674e-02 9.319248e-03 -2.199394e-02
105.000 165.000 0.000000e+00 1.923024e+02 -1.000000e+00 2.000000e+00 0.000000e+00 2.191731e+02 -1.000000e+00 2.000000e+00 4.301950e-01 6.599292e-02 0.000000e+00 -7.147085e-01
105.000 195.000 0.000000e+00 0.000000e+00         -nan         -nan 0.000000e+00 0.000000e+00         -nan         -nan 1.379441e-01 6.716856e-02         -nan         -nan
105.000 225.000 1.761621e+01 1.038780e+02 -7.100073e-01 7.761939e+00 1.743304e+01 1.049851e+02 -7.151885e-01 7.733169e+00 -1.912689e-01 6.585835e-02 4.728837e-04 -6.682863e-02
105.000 255.000 0.000000e+00 0.000000e+00         -nan         -nan 0.000000e+00 0.000000e+00         -nan         -nan -4.692314e-01 6.329674e-02         -nan         -nan
105.000 285.000 1.211047e+02 1.437458e+01 7.877966e-01 7.169215e+00 1.317670e+02 1.257057e+01 8.258171e-01 6.775185e+00 -6.214639e-01 6.204777e-02 -3.854419e-03 1.965637e-01
105.000 315.000 6.095170e+01 3.552635e+01 2.635351e-01 9.475103e+00 6.958310e+01 3.009631e+01 3.961379e-01 9.167180e+00 -6.071755e-01 6.343674e-02 -1.005795e-02 9.189252e-02
105.000 345.000 0.000000e+00 5.319115e+01 -1.000000e+00 2.000000e+00 0.000000e+00 4.645990e+01 -1.000000e+00 2.000000e+00 -4.301950e-01 6.599292e-02 0.000000e+00 -2.847475e-01
135.000 15.000 0.000000e+00 0.000000e+00         -nan         -nan 0.000000e+00 0.000000e+00         -nan         -nan 4.411314e-02 6.199062e-02         -nan         -nan
135.000 45.000 7.397745e+01 1.352953e+02 -2.930046e-01 1.383135e+01 7.029986e+01 1.443293e+02 -3.449179e-01 1.375118e+01 2.886287e-01 5.757199e-02 2.661690e-03 -4.205143e-02
135.000 75.000 1.597014e+02 0.000000e+00 1.000000e+00 2.000000e+00 1.491266e+02 0.000000e+00 1.000000e+00 2.000000e+00 4.558065e-01 6.043566e-02 0.000000e+00 2.719726e-01
135.000 105.000 3.912512e+01 0.000000e+00 1.000000e+00 2.000000e+00 3.521800e+01 0.000000e+00 1.000000e+00 2.000000e+00 5.008513e-01 6.722132e-02 0.000000e+00 2.494335e-01
135.000 135.000 0.000000e+00 0.000000e+00         -nan         -nan 0.000000e+00 0.000000e+00         -nan         -nan 4.116934e-01 7.104230e-02         -nan         -nan
135.000 165.000 0.000000e+00 3.068055e+01 -1.000000e+00 2.000000e+00 0.000000e+00 3.252583e+01 -1.000000e+00 2.000000e+00 2.122226e-01 6.862269e-02 0.000000e+00 -6.057548e-01
135.000 195.000 0.000000e+00 0.000000e+00         -nan         -nan 0.000000e+00 0.000000e+00         -nan         -nan -4.411311e-02 6.199062e-02         -nan         -nan
135.000 225.000 1.934332e+01 0.000000e+00 1.000000e+00 2.000000e+00 1.975354e+01 0.000000e+00 1.000000e+00 2.000000e+00 -2.886287e-01 5.757199e-02 0.000000e+00 6.440476e-01
135.000 255.000 0.000000e+00 2.018693e+02 -1.000000e+00 2.000000e+00 0.000000e+00 1.902825e+02 -1.000000e+00 2.000000e+00 -4.558065e-01 6.043566e-02 0.000000e+00 -2.719726e-01
135.000 285.000 9.979116e+01 0.000000e+00 1.000000e+00 2.000000e+00 1.027758e+02 0.000000e+00 1.000000e+00 2.000000e+00 -5.008513e-01 6.722132e-02 0.000000e+00 7.500021e-01
135.000 315.000 1.541612e+01 0.000000e+00 1.000000e+00 2.000000e+00 1.602425e+01 0.000000e+00 1.000000e+00 2.000000e+00 -4.116934e-01 7.104230e-02 0.000000e+00 7.054018e-01
135.000 345.000 6.642249e+01 4.468015e+01 1.956960e-01 1.033672e+01 7.008949e+01 4.023224e+01 2.706380e-01 1.011144e+01 -2.122226e-01 6.862269e-02 -5.182741e-03 3.946220e-02
165.000 15.000 5.103892e+01 0.000000e+00 1.000000e+00 2.000000e+00 4.877542e+01 0.000000e+00 1.000000e+00 2.000000e+00 1.886420e-01 5.210243e-02 0.000000e+00 4.055414e-01
165.000 45.000 0.000000e+00 0.000000e+00         -nan         -nan 0.000000e+00 0.000000e+00         -nan         -nan 4.682880e-01 7.628568e-02         -nan         -nan
165.000 75.000 0.000000e+00 3.286262e+01 -1.000000e+00 2.000000e+00 0.000000e+00 3.564898e+01 -1.000000e+00 2.000000e+00 6.224566e-01 8.535580e-02 0.000000e+00 -8.104905e-01
165.000 105.000 6.858198e+01 1.037948e+02 -2.042784e-01 1.285238e+01 5.716354e+01 1.165700e+02 -3.419401e-01 1.238629e+01 6.098385e-01 7.514572e-02 7.712367e-03 -6.334260e-02
165.000 135.000 0.000000e+00 1.310932e+02 -1.000000e+00 2.000000e+00 0.000000e+00 1.396944e+02 -1.000000e+00 2.000000e+00 4.338147e-01 5.041863e-02 0.000000e+00 -7.166796e-01
165.000 165.000 1.811006e+01 0.000000e+00 1.000000e+00 2.000000e+00 1.812512e+01 0.000000e+00 1.000000e+00 2.000000e+00 1.415505e-01 3.280137e-02 0.000000e+00 4.291670e-01
165.000 195.000 0.000000e+00 0.000000e+00         -nan         -nan 0.000000e+00 0.000000e+00         -nan         -nan -1.886420e-01 5.210243e-02         -nan         -nan
165.000 225.000 0.000000e+00 0.000000e+00         -nan         -nan 0.000000e+00 0.000000e+00         -nan         -nan -4.682880e-01 7.628567e-02         -nan         -nan
165.000 255.000 1.215295e+01 0.000000e+00 1.000000e+00 2.000000e+00 1.325310e+01 0.000000e+00 1.000000e+00 2.000000e+00 -6.224566e-01 8.535580e-02 0.000000e+00 8.104905e-01
165.000 285.000 0.000000e+00 0.000000e+00         -nan         -nan 0.000000e+00 0.000000e+00         -nan         -nan -6.098385e-01 7.514572e-02         -nan         -nan
165.000 315.000 0.000000e+00 5.179322e+01 -1.000000e+00 2.000000e+00 0.000000e+00 4.724850e+01 -1.000000e+00 2.000000e+00 -4.338147e-01 5.041863e-02 0.000000e+00 -2.830028e-01
165.000 345.000 0.000000e+00 0.000000e+00         -nan         -nan 0.000000e+00 0.000000e+00         -nan         -nan -1.415505e-01 3.280137e-02         -nan         -nan
195.000 15.000 0.000000e+00 0.000000e+00         -nan         -nan 0.000000e+00 0.000000e+00         -nan         -nan 1.415505e-01 3.280136e-02         -nan         -nan
195.000 45.000 0.000000e+00 0.000000e+00         -nan         -nan 0.000000e+00 0.000000e+00         -nan         -nan 4.338146e-01 5.041863e-02         -nan         -nan
195.000 75.000 0.000000e+00 0.000000e+00         -nan         -nan 0.000000e+00 0.000000e+00         -nan         -nan 6.098385e-01 7.514572e-02         -nan         -nan
195.000 105.000 5.541761e+00 0.000000e+00 1.000000e+00 2.000000e+00 4.835646e+00 0.000000e+00 1.000000e+00 2.000000e+00 6.224567e-01 8.535580e-02 0.000000e+00 1.886000e-01
195.000 135.000 0.000000e+00 0.000000e+00         -nan         -nan 0.000000e+00 0.000000e+00         -nan         -nan 4.682881e-01 7.628568e-02         -nan         -nan
195.000 165.000 0.000000e+00 0.000000e+00         -nan         -nan 0.000000e+00 0.000000e+00         -nan         -nan 1.886420e-01 5.210242e-02         -nan         -nan
195.000 195.000 4.723846e+01 1.615726e+01 4.902729e-01 6.939557e+00 4.731338e+01 1.617201e+01 4.905281e-01 6.943319e+00 -1.415505e-01 3.280136e-02 -2.599503e-05 9.104563e-02
195.000 225.000 9.615735e+01 0.000000e+00 1.000000e+00 2.000000e+00 1.024981e+02 0.000000e+00 1.000000e+00 2.000000e+00 -4.338146e-01 5.041862e-02 0.000000e+00 7.166796e-01
195.000 255.000 0.000000e+00 0.000000e+00         -nan         -nan 0.000000e+00 0.000000e+00         -nan         -nan -6.098385e-01 7.514572e-02         -nan         -nan
195.000 285.000 0.000000e+00 0.000000e+00         -nan         -nan 0.000000e+00 0.000000e+00         -nan         -nan -6.224567e-01 8.535580e-02         -nan         -nan
195.000 315.000 1.673930e+01 2.804330e+01 -2.524194e-01 6.475281e+00 1.737171e+01 2.489599e+01 -1.780149e-01 6.397520e+00 -4.682881e-01 7.628568e-02 -8.173973e-03 3.333504e-02
195.000 345.000 0.000000e+00 0.000000e+00         -nan         -nan 0.000000e+00 0.000000e+00         -nan         -nan -1.886421e-01 5.210242e-02         -nan         -nan
225.000 15.000 2.682444e+02 0.000000e+00 1.000000e+00 2.000000e+00 2.601209e+02 0.000000e+00 1.000000e+00 2.000000e+00 2.122225e-01 6.862269e-02 0.000000e+00 3.936571e-01
225.000 45.000 2.559329e+01 0.000000e+00 1.000000e+00 2.000000e+00 2.315758e+01 0.000000e+00 1.000000e+00 2.000000e+00 4.116934e-01 7.104229e-02 0.000000e+00 2.939679e-01
225.000 75.000 0.000000e+00 0.000000e+00         -nan         -nan 0.000000e+00 0.000000e+00         -nan         -nan 5.008513e-01 6.722131e-02         -nan         -nan
225.000 105.000 0.000000e+00 1.071515e+02 -1.000000e+00 2.000000e+00 0.000000e+00 1.141251e+02 -1.000000e+00 2.000000e+00 4.558066e-01 6.043566e-02 0.000000e+00 -7.275712e-01
225.000 135.000 0.000000e+00 0.000000e+00         -nan         -nan 0.000000e+00 0.000000e+00         -nan         -nan 2.886288e-01 5.757200e-02         -nan         -nan
225.000 165.000 0.000000e+00 0.000000e+00         -nan         -nan 0.000000e+00 0.000000e+00         -nan         -nan 4.411322e-02 6.199062e-02         -nan         -nan
225.000 195.000 0.000000e+00 0.000000e+00         -nan         -nan 0.000000e+00 0.000000e+00         -nan         -nan -2.122225e-01 6.862269e-02         -nan         -nan
225.000 225.000 8.063037e+01 0.000000e+00 1.000000e+00 2.000000e+00 8.441226e+01 0.000000e+00 1.000000e+00 2.000000e+00 -4.116933e-01 7.104229e-02 0.000000e+00 7.054018e-01
225.000 255.000 0.000000e+00 0.000000e+00         -nan         -nan 0.000000e+00 0.000000e+00         -nan         -nan -5.008513e-01 6.722132e-02         -nan         -nan
225.000 285.000 6.228869e+01 2.524961e+01 4.231185e-01 8.477404e+00 6.517477e+01 2.329872e+01 4.733176e-01 8.285699e+00 -4.558066e-01 6.043566e-02 -4.234751e-03 1.036759e-01
225.000 315.000 1.907461e+02 1.017368e+01 8.987289e-01 6.215636e+00 1.854090e+02 1.049000e+01 8.929040e-01 6.301835e+00 -2.886288e-01 5.757200e-02 6.580768e-04 1.910194e-01
225.000 345.000 1.406932e+01 0.000000e+00 1.000000e+00 2.000000e+00 1.289082e+01 0.000000e+00 1.000000e+00 2.000000e+00 -4.411324e-02 6.199062e-02 0.000000e+00 5.218060e-01
255.000 15.000 0.000000e+00 0.000000e+00         -nan         -nan 0.000000e+00 0.000000e+00         -nan         -nan 4.301949e-01 6.599291e-02         -nan         -nan
255.000 45.000 0.000000e+00 0.000000e+00         -nan         -nan 0.000000e+00 0.000000e+00         -nan         -nan 6.071755e-01 6.343674e-02         -nan         -nan
255.000 75.000 0.000000e+00 1.108559e+02 -1.000000e+00 2.000000e+00 0.000000e+00 1.210514e+02 -1.000000e+00 2.000000e+00 6.214638e-01 6.204778e-02 0.000000e+00 -8.103420e-01
255.000 105.000 1.231855e+01 0.000000e+00 1.000000e+00 2.000000e+00 1.127128e+01 0.000000e+00 1.000000e+00 2.000000e+00 4.692315e-01 6.329674e-02 0.000000e+00 2.652515e-01
255.000 135.000 0.000000e+00 8.079775e+01 -1.000000e+00 2.000000e+00 0.000000e+00 8.133223e+01 -1.000000e+00 2.000000e+00 1.912689e-01 6.585835e-02 0.000000e+00 -5.953118e-01
255.000 165.000 3.559103e+01 0.000000e+00 1.000000e+00 2.000000e+00 4.010326e+01 0.000000e+00 1.000000e+00 2.000000e+00 -1.379440e-01 6.716856e-02 0.000000e+00 5.686514e-01
255.000 195.000 1.139316e+02 0.000000e+00 1.000000e+00 2.000000e+00 1.277457e+02 0.000000e+00 1.000000e+00 2.000000e+00 -4.301949e-01 6.599291e-02 0.000000e+00 7.147085e-01
255.000 225.000 0.000000e+00 8.346634e+00 -1.000000e+00 2.000000e+00 0.000000e+00 7.333135e+00 -1.000000e+00 2.000000e+00 -6.071755e-01 6.343674e-02 0.000000e+00 -1.963135e-01
255.000 255.000 5.259922e+01 0.000000e+00 1.000000e+00 2.000000e+00 5.615890e+01 0.000000e+00 1.000000e+00 2.000000e+00 -6.214638e-01 6.204778e-02 0.000000e+00 8.103420e-01
255.000 285.000 2.105043e+01 0.000000e+00 1.000000e+00 2.000000e+00 2.176149e+01 0.000000e+00 1.000000e+00 2.000000e+00 -4.692315e-01 6.329674e-02 0.000000e+00 7.342481e-01
255.000 315.000 4.612231e+01 1.720135e+02 -5.771229e-01 1.206156e+01 4.401683e+01 1.696029e+02 -5.878954e-01 1.182321e+01 -1.912689e-01 6.585835e-02 6.378064e-04 -3.198992e-02
255.000 345.000 5.873843e+01 0.000000e+00 1.000000e+00 2.000000e+00 5.381054e+01 0.000000e+00 1.000000e+00 2.000000e+00 1.379440e-01 6.716856e-02 0.000000e+00 4.307851e-01
285.000 15.000 2.950858e+01 7.781925e+01 -4.501225e-01 9.251060e+00 2.537461e+01 8.827047e+01 -5.534411e-01 8.878960e+00 3.913279e-01 6.716857e-02 8.057565e-03 -9.095478e-02
285.000 45.000 2.262425e+01 9.456702e+01 -6.138919e-01 8.545537e+00 1.780876e+01 1.093558e+02 -7.199101e-01 7.826809e+00 6.837418e-01 6.585835e-02 9.148849e-03 -1.518448e-01
285.000 75.000 1.985420e+02 1.306706e+02 2.061627e-01 1.775444e+01 1.536405e+02 1.501324e+02 1.154830e-02 1.742792e+01 7.929477e-01 6.329674e-02 7.822516e-03 -3.304983e-02
285.000 105.000 9.702511e+00 1.214784e+02 -8.520744e-01 5.994960e+00 8.170361e+00 1.378159e+02 -8.880667e-01 5.554491e+00 6.896838e-01 6.204777e-02 4.404010e-03 -2.571620e-01
285.000 135.000 2.786881e+01 1.573083e+02 -6.990037e-01 9.731311e+00 2.512421e+01 1.728142e+02 -7.461411e-01 9.367008e+00 4.016198e-01 6.343674e-02 3.489843e-03 -1.130989e-01
285.000 165.000 1.537637e+02 0.000000e+00 1.000000e+00 2.000000e+00 1.608452e+02 0.000000e+00 1.000000e+00 2.000000e+00 5.942036e-03 6.599292e-02 0.000000e+00 4.967586e-01
285.000 195.000 1.262439e+02 0.000000e+00 1.000000e+00 2.000000e+00 1.425770e+02 0.000000e+00 1.000000e+00 2.000000e+00 -3.913279e-01 6.716857e-02 0.000000e+00 6.952719e-01
285.000 225.000 1.323992e+02 6.170910e+01 3.641788e-01 1.297553e+01 1.563972e+02 4.917404e+01 5.215864e-01 1.223295e+01 -6.837418e-01 6.585835e-02 -8.826850e-03 8.076023e-02
285.000 255.000 0.000000e+00 0.000000e+00         -nan         -nan 0.000000e+00 0.000000e+00         -nan         -nan -7.929477e-01 6.329674e-02         -nan         -nan
285.000 285.000 4.654637e+01 1.294287e+01 5.648667e-01 6.364570e+00 5.193462e+01 1.116576e+01 6.460952e-01 6.062988e+00 -6.896839e-01 6.204777e-02 -9.240801e-03 1.971054e-01
285.000 315.000 6.306967e+01 6.308371e+01 -1.113503e-04 1.123180e+01 6.629414e+01 5.599706e+01 8.420131e-02 1.101926e+01 -4.016198e-01 6.343674e-02 -5.358425e-03 3.574690e-02
285.000 345.000 5.689061e+00 0.000000e+00 1.000000e+00 2.000000e+00 5.115865e+00 0.000000e+00 1.000000e+00 2.000000e+00 -5.942079e-03 6.599292e-02 0.000000e+00 5.026975e-01
315.000 15.000 3.685173e+01 2.653424e+01 1.627725e-01 7.855352e+00 3.798045e+01 2.722728e+01 1.649063e-01 7.964576e+00 7.548613e-02 6.199062e-02 -1.907470e-04 1.111136e-02
315.000 45.000 0.000000e+00 1.898036e+01 -1.000000e+00 2.000000e+00 0.000000e+00 2.021934e+01 -1.000000e+00 2.000000e+00 4.036288e-01 5.757199e-02 0.000000e+00 -7.015238e-01
315.000 75.000 1.818639e+02 0.000000e+00 1.000000e+00 2.000000e+00 1.639003e+02 0.000000e+00 1.000000e+00 2.000000e+00 6.236195e-01 6.043566e-02 0.000000e+00 1.881044e-01
315.000 105.000 0.000000e+00 1.373140e+01 -1.000000e+00 2.000000e+00 0.000000e+00 1.413247e+01 -1.000000e+00 2.000000e+00 6.765119e-01 6.722132e-02 0.000000e+00 -8.377828e-01
315.000 135.000 3.288825e+01 8.784711e+01 -4.552010e-01 9.783560e+00 2.911517e+01 9.499549e+01 -5.308192e-01 9.441405e+00 5.481334e-01 7.104230e-02 5.561690e-03 -1.025504e-01
315.000 165.000 2.387261e+01 1.553003e+02 -7.335244e-01 9.097664e+00 2.266871e+01 1.664896e+02 -7.603202e-01 8.933553e+00 2.728830e-01 6.862269e-02 2.101545e-03 -1.106195e-01
315.000 195.000 3.321156e+01 3.574348e+01 -3.671835e-02 8.298317e+00 3.223959e+01 3.414162e+01 -2.865306e-02 8.144121e+00 -7.548609e-02 6.199062e-02 -6.936643e-04 4.671630e-03
315.000 225.000 7.689514e+01 8.347489e+01 -4.102858e-02 1.265307e+01 7.931276e+01 7.729739e+01 1.286870e-02 1.251336e+01 -4.036288e-01 5.757199e-02 -3.028681e-03 2.865681e-02
315.000 255.000 4.705012e+01 0.000000e+00 1.000000e+00 2.000000e+00 4.904569e+01 0.000000e+00 1.000000e+00 2.000000e+00 -6.236195e-01 6.043566e-02 0.000000e+00 8.114394e-01
315.000 285.000 1.535701e+01 3.060366e+01 -3.317326e-01 6.395534e+00 1.707924e+01 2.704836e+01 -2.259155e-01 6.471122e+00 -6.765119e-01 6.722132e-02 -1.163047e-02 5.390640e-02
315.000 315.000 1.308135e+02 1.551529e+01 7.879394e-01 7.448543e+00 1.443360e+02 1.323337e+01 8.320312e-01 6.963326e+00 -5.481334e-01 7.104230e-02 -4.324210e-03 1.793655e-01
315.000 345.000 2.611679e+01 1.069603e+02 -6.074937e-01 9.163250e+00 2.786216e+01 9.587136e+01 -5.496425e-01 9.292619e+00 -2.728831e-01 6.862269e-02 -4.432836e-03 -3.651556e-02
345.000 15.000 1.466053e+01 0.000000e+00 1.000000e+00 2.000000e+00 1.563505e+01 0.000000e+00 1.000000e+00 2.000000e+00 -2.007423e-02 5.210243e-02 0.000000e+00 5.098641e-01
345.000 45.000 1.457320e+01 0.000000e+00 1.000000e+00 2.000000e+00 1.535512e+01 0.000000e+00 1.000000e+00 2.000000e+00 1.750009e-01 7.628568e-02 0.000000e+00 4.121998e-01
345.000 75.000 1.338808e+01 2.683484e+02 -9.049603e-01 7.141956e+00 1.431539e+01 2.666834e+02 -8.981106e-01 7.371865e+00 3.231848e-01 8.535580e-02 -6.673370e-04 -1.719497e-01
345.000 105.000 3.250178e+01 1.190687e+01 4.637591e-01 5.904030e+00 3.084672e+01 1.134466e+01 4.622285e-01 5.759946e+00 3.847715e-01 7.514572e-02 1.855589e-04 1.337751e-02
345.000 135.000 4.171013e+01 8.190679e+01 -3.251712e-01 1.051409e+01 3.916306e+01 8.141741e+01 -3.504244e-01 1.028463e+01 3.432590e-01 5.041863e-02 1.716998e-03 -6.357396e-02
345.000 165.000 3.042313e+01 2.667019e+01 6.573350e-02 7.539670e+00 2.890929e+01 2.856359e+01 6.014891e-03 7.580950e+00 2.097705e-01 3.280137e-02 5.585389e-03 -1.910371e-02
345.000 195.000 5.163242e+01 1.627357e+01 5.207030e-01 7.035235e+00 4.908516e+01 1.649772e+01 4.968893e-01 7.027840e+00 2.007425e-02 5.210243e-02 2.394753e-03 7.115825e-02
345.000 225.000 0.000000e+00 3.425657e+01 -1.000000e+00 2.000000e+00 0.000000e+00 3.616020e+01 -1.000000e+00 2.000000e+00 -1.750009e-01 7.628567e-02 0.000000e+00 -4.121998e-01
345.000 255.000 0.000000e+00 0.000000e+00         -nan         -nan 0.000000e+00 0.000000e+00         -nan         -nan -3.231848e-01 8.535580e-02         -nan         -nan
345.000 285.000 1.016757e+02 8.090204e+00 8.525917e-01 5.475006e+00 9.824088e+01 7.727491e+00 8.541548e-01 5.353123e+00 -3.847715e-01 7.514572e-02 -2.041388e-04 2.259809e-01
345.000 315.000 1.532044e+01 7.941393e+00 3.172169e-01 4.573956e+00 1.537167e+01 8.220382e+00 3.031227e-01 4.628643e+00 -3.432590e-01 5.041863e-02 2.165892e-03 1.443905e-01
345.000 345.000 0.000000e+00 2.112899e+01 -1.000000e+00 2.000000e+00 0.000000e+00 1.958229e+01 -1.000000e+00 2.000000e+00 -2.097706e-01 3.280137e-02 0.000000e+00 -3.950616e-01
