  #t  #Q2   A1M1_AVG      A_1M1     dA_1M1   A0P1_AVG      A_0P1     dA_0P1   A2M1_AVG      A_2M1     dA_2M1   A3M1_AVG      A_3M1     dA_3M1   A1P1_AVG      A_1P1     dA_1P1       Asym      Astat          t         tp         xb         Q2          W     Dilute
   1    0 -2.575e-02  2.331e-02 2.0129e-02  3.855e-01  5.524e-01 1.9056e-02 -2.063e-03 -6.546e-02 1.9442e-02  6.741e-04  6.744e-03 1.9002e-02  1.018e-02  8.623e-02 1.9253e-02 -6.5378e-02 6.1266e-03 2.8435e-01 1.0812e-02 4.1227e-01 5.0875e+00 2.8375e+00 7.7377e-01
   Phi   PhiS      N_U_avg      N_D_avg     Asym_avg    dAsym_avg      N_U_fit      N_D_fit     Asym_fit    dAsym_fit     Asym_cal    dAsym_cal     GOOD_fit     GOOD_cal
15.000 15.000 1.249750e+02 2.161643e+02 -2.673083e-01 1.779785e+01 1.197852e+02 2.228861e+02 -3.008741e-01 1.765364e+01 1.725163e-01 1.525071e-02 1.338980e-03 -2.471222e-02
15.000 45.000 5.553462e+01 1.960569e+02 -5.585334e-01 1.315694e+01 5.103619e+01 2.076769e+02 -6.054612e-01 1.280130e+01 4.705704e-01 2.421134e-02 2.556402e-03 -7.821742e-02
15.000 75.000 6.474285e+01 1.257819e+02 -3.203734e-01 1.307553e+01 5.673145e+01 1.346579e+02 -4.071620e-01 1.263569e+01 6.425356e-01 3.595318e-02 4.772998e-03 -7.364178e-02
15.000 105.000 9.611631e+01 4.680691e+01 3.450062e-01 1.122101e+01 8.545241e+01 5.013280e+01 2.604975e-01 1.124209e+01 6.423338e-01 4.056438e-02 5.320429e-03 -2.649722e-02
15.000 135.000 7.257086e+01 2.704289e+02 -5.768460e-01 1.512832e+01 6.709343e+01 2.869383e+02 -6.209750e-01 1.474834e+01 4.700193e-01 3.594251e-02 2.088681e-03 -6.919883e-02
15.000 165.000 5.048471e+01 7.200690e+01 -1.757033e-01 1.089542e+01 4.880156e+01 7.311179e+01 -1.994058e-01 1.081969e+01 1.717634e-01 2.419550e-02 1.543632e-03 -3.189101e-02
15.000 195.000 3.629404e+01 2.240130e+02 -7.211444e-01 1.117741e+01 3.711284e+01 2.165773e+02 -7.074160e-01 1.125762e+01 -1.725163e-01 1.525071e-02 -8.653791e-04 -4.908359e-02
15.000 225.000 1.373580e+02 6.635610e+01 3.485371e-01 1.337787e+01 1.464349e+02 6.193184e+01 4.055496e-01 1.319456e+01 -4.705704e-01 2.421134e-02 -3.034191e-03 6.122846e-02
15.000 255.000 1.961798e+02 9.419234e+01 3.512302e-01 1.595466e+01 2.106486e+02 8.407820e+01 4.294498e-01 1.550391e+01 -6.425356e-01 3.595318e-02 -3.515987e-03 6.228672e-02
15.000 285.000 1.476559e+02 4.928219e+01 4.995158e-01 1.215725e+01 1.588773e+02 4.286647e+01 5.750404e-01 1.162036e+01 -6.423338e-01 4.056438e-02 -4.490807e-03 9.392279e-02
15.000 315.000 1.368391e+02 1.290016e+02 2.948191e-02 1.629753e+01 1.436493e+02 1.201132e+02 8.923223e-02 1.617598e+01 -4.700193e-01 3.594252e-02 -2.602094e-03 3.064881e-02
15.000 345.000 2.100425e+02 2.709957e+02 -1.267118e-01 2.175580e+01 2.153929e+02 2.625906e+02 -9.874344e-02 2.175599e+01 -1.717634e-01 2.419550e-02 -9.090243e-04 2.070785e-03
45.000 15.000 3.102864e+02 2.204092e+02 1.693575e-01 2.270406e+01 2.994888e+02 2.292012e+02 1.329467e-01 2.278915e+01 1.719150e-01 3.204849e-02 1.131873e-03 -1.126459e-04
45.000 45.000 1.714681e+02 3.508390e+02 -3.434204e-01 2.146410e+01 1.598711e+02 3.709168e+02 -3.976082e-01 2.113940e+01 4.372926e-01 3.320113e-02 1.798701e-03 -3.637293e-02
45.000 75.000 8.939517e+01 3.857254e+02 -6.236948e-01 1.703822e+01 8.029059e+01 4.152624e+02 -6.759556e-01 1.640509e+01 5.854980e-01 3.184708e-02 2.209550e-03 -7.096931e-02
45.000 105.000 3.034537e+02 3.852592e+01 7.746888e-01 1.169372e+01 2.753411e+02 4.033235e+01 7.444679e-01 1.186242e+01 5.768197e-01 2.917101e-02 1.814290e-03 1.692092e-02
45.000 135.000 1.795349e+02 3.315919e+02 -2.974937e-01 2.158450e+01 1.703310e+02 3.453066e+02 -3.393383e-01 2.136028e+01 4.135830e-01 2.785207e-02 1.377963e-03 -3.294382e-02
45.000 165.000 1.822674e+02 2.892719e+02 -2.269259e-01 2.114846e+01 1.807882e+02 2.912560e+02 -2.340202e-01 2.112327e+01 1.395271e-01 2.939076e-02 2.373418e-04 -1.732763e-02
45.000 195.000 3.665322e+02 2.493734e+02 1.902220e-01 2.436431e+01 3.763527e+02 2.392829e+02 2.226476e-01 2.418920e+01 -1.719149e-01 3.204849e-02 -9.444531e-04 1.486341e-02
45.000 225.000 4.345187e+02 2.650229e+02 2.422956e-01 2.566074e+01 4.610354e+02 2.420107e+02 3.115367e-01 2.519547e+01 -4.372925e-01 3.320113e-02 -1.925382e-03 2.648355e-02
45.000 255.000 2.795161e+02 1.721045e+02 2.378359e-01 2.064157e+01 2.983513e+02 1.542933e+02 3.182585e-01 2.016921e+01 -5.854980e-01 3.184708e-02 -2.786694e-03 3.988713e-02
45.000 285.000 2.951679e+02 1.694141e+02 2.706815e-01 2.074953e+01 3.118383e+02 1.505023e+02 3.489550e-01 2.015047e+01 -5.768197e-01 2.917101e-02 -2.706199e-03 4.084432e-02
45.000 315.000 8.072384e+01 1.875225e+02 -3.981364e-01 1.502418e+01 8.402551e+01 1.788421e+02 -3.607009e-01 1.512175e+01 -4.135830e-01 2.785207e-02 -1.756175e-03 1.028115e-03
45.000 345.000 3.443102e+02 3.161963e+02 4.256415e-02 2.567703e+01 3.503991e+02 3.103516e+02 6.060905e-02 2.565782e+01 -1.395272e-01 2.939076e-02 -4.971152e-04 7.091598e-03
75.000 15.000 2.787301e+02 3.020542e+02 -4.015971e-02 2.408003e+01 2.653937e+02 3.180518e+02 -9.025369e-02 2.405604e+01 1.997295e-01 3.127540e-02 1.471736e-03 -9.962157e-03
75.000 45.000 2.383095e+02 5.932307e+02 -4.268238e-01 2.607779e+01 2.189243e+02 6.319170e+02 -4.853933e-01 2.550250e+01 4.137086e-01 3.022481e-02 1.605742e-03 -3.223171e-02
75.000 75.000 2.852183e+02 8.610278e+02 -5.023437e-01 2.927442e+01 2.640894e+02 9.133892e+02 -5.514323e-01 2.862575e+01 5.168349e-01 2.957051e-02 1.198915e-03 -3.481463e-02
75.000 105.000 3.678293e+02 2.709578e+02 1.516491e-01 2.498193e+01 3.442440e+02 2.773995e+02 1.075286e-01 2.478822e+01 4.814757e-01 2.999838e-02 1.253669e-03 -1.320260e-02
75.000 135.000 1.893542e+02 4.768250e+02 -4.315218e-01 2.328367e+01 1.893975e+02 4.876924e+02 -4.405543e-01 2.335968e+01 3.171055e-01 3.105663e-02 2.738642e-04 -3.215243e-02
75.000 165.000 2.004317e+02 2.264725e+02 -6.099915e-02 2.062319e+01 2.078648e+02 2.227780e+02 -3.463001e-02 2.073949e+01 6.776707e-02 3.168025e-02 -9.015725e-04 -6.243752e-03
75.000 195.000 5.843460e+02 3.366666e+02 2.689206e-01 2.923023e+01 6.172868e+02 3.150712e+02 3.241411e-01 2.888594e+01 -1.997295e-01 3.127540e-02 -1.343726e-03 1.603305e-02
75.000 225.000 1.285362e+02 2.324673e+02 -2.878950e-01 1.819567e+01 1.363316e+02 2.163843e+02 -2.269608e-01 1.829063e+01 -4.137086e-01 3.022481e-02 -2.361808e-03 6.914476e-03
75.000 255.000 3.856921e+02 2.192518e+02 2.751335e-01 2.364636e+01 4.039037e+02 2.027204e+02 3.316440e-01 2.323581e+01 -5.168349e-01 2.957051e-02 -1.704591e-03 3.349216e-02
75.000 285.000 2.470032e+02 2.133745e+02 7.304575e-02 2.139909e+01 2.535605e+02 2.011373e+02 1.152923e-01 2.118145e+01 -4.814757e-01 2.999838e-02 -1.403104e-03 2.591329e-02
75.000 315.000 6.843820e+01 4.032328e+02 -7.098053e-01 1.529810e+01 6.756469e+01 3.967219e+02 -7.089527e-01 1.519637e+01 -3.171055e-01 3.105663e-02 -3.954271e-05 -2.566979e-02
75.000 345.000 3.293132e+02 1.647648e+02 3.330413e-01 2.095893e+01 3.224133e+02 1.689728e+02 3.122604e-01 2.105879e+01 -6.776710e-02 3.168025e-02 6.994322e-04 1.912350e-02
105.000 15.000 4.466156e+01 3.282969e+02 -7.605011e-01 1.254007e+01 4.131645e+01 3.544021e+02 -7.911826e-01 1.216596e+01 2.520608e-01 3.168025e-02 1.756058e-03 -8.074583e-02
105.000 45.000 2.637812e+02 2.207444e+02 8.882244e-02 2.192494e+01 2.396351e+02 2.392046e+02 8.990868e-04 2.188240e+01 4.302215e-01 3.105663e-02 2.838391e-03 -1.557125e-02
105.000 75.000 4.898900e+01 1.656166e+02 -5.434509e-01 1.229733e+01 4.607507e+01 1.745459e+02 -5.823147e-01 1.207520e+01 4.931047e-01 2.999838e-02 2.254970e-03 -8.429089e-02
105.000 105.000 3.027561e+02 2.766126e+02 4.512410e-02 2.404556e+01 2.953039e+02 2.871544e+02 1.399150e-02 2.413181e+01 4.238609e-01 2.957051e-02 9.138744e-04 -1.575079e-02
105.000 135.000 1.679237e+02 2.547496e+02 -2.054208e-01 2.012057e+01 1.692190e+02 2.554966e+02 -2.031421e-01 2.017892e+01 2.410439e-01 3.022481e-02 -7.996349e-05 -2.218944e-02
105.000 165.000 2.639238e+02 3.494231e+02 -1.393979e-01 2.452404e+01 2.775676e+02 3.342405e+02 -9.263189e-02 2.462841e+01 -6.360594e-03 3.127540e-02 -1.345549e-03 -5.424769e-03
105.000 195.000 0.000000e+00 3.243699e+01 -1.000000e+00 2.000000e+00 0.000000e+00 3.021002e+01 -1.000000e+00 2.000000e+00 -2.520608e-01 3.168025e-02 0.000000e+00 -3.739227e-01
105.000 225.000 2.611498e+02 5.460069e+02 -3.529143e-01 2.658245e+01 2.812678e+02 4.940598e+02 -2.744542e-01 2.677547e+01 -4.302215e-01 3.105663e-02 -2.079514e-03 2.908204e-03
105.000 255.000 4.286757e+02 7.896364e+01 6.888987e-01 1.633166e+01 4.592735e+02 7.283597e+01 7.262369e-01 1.585762e+01 -4.931047e-01 2.999838e-02 -1.640251e-03 7.237484e-02
105.000 285.000 4.111315e+02 1.900597e+02 3.677228e-01 2.280127e+01 4.232284e+02 1.814464e+02 3.998547e-01 2.253879e+01 -4.238609e-01 2.957051e-02 -1.002217e-03 3.471662e-02
105.000 315.000 2.389253e+02 3.915187e+02 -2.420412e-01 2.436206e+01 2.356912e+02 3.962093e+02 -2.540244e-01 2.431306e+01 -2.410440e-01 3.022481e-02 3.481603e-04 -4.093392e-05
105.000 345.000 2.912027e+02 3.056929e+02 -2.427592e-02 2.442425e+01 2.761733e+02 3.232768e+02 -7.857780e-02 2.440797e+01 6.360568e-03 3.127540e-02 1.572619e-03 -1.254346e-03
135.000 15.000 4.129795e+01 1.185633e+02 -4.833277e-01 1.106873e+01 3.800036e+01 1.292209e+02 -5.455080e-01 1.083788e+01 2.728752e-01 2.939076e-02 4.013920e-03 -6.831860e-02
135.000 45.000 1.158232e+02 3.084466e+02 -4.540117e-01 1.835256e+01 1.032049e+02 3.399488e+02 -5.342253e-01 1.779548e+01 4.602030e-01 2.785207e-02 3.137810e-03 -4.981395e-02
135.000 75.000 2.131331e+02 1.188430e+02 2.840267e-01 1.746984e+01 1.895689e+02 1.282547e+02 1.929192e-01 1.749271e+01 5.242198e-01 2.917101e-02 3.685242e-03 -1.374900e-02
135.000 105.000 3.912512e+01 1.879086e+02 -6.553365e-01 1.138115e+01 3.726086e+01 1.977595e+02 -6.829138e-01 1.119882e+01 4.477723e-01 3.184708e-02 1.727144e-03 -9.692385e-02
135.000 135.000 3.341938e+01 2.505756e+02 -7.646481e-01 1.086034e+01 3.467952e+01 2.510832e+02 -7.572845e-01 1.104009e+01 2.513446e-01 3.320113e-02 -4.754849e-04 -9.355033e-02
135.000 165.000 2.147916e+02 1.092728e+02 3.256104e-01 1.702077e+01 2.279431e+02 1.024924e+02 3.796526e-01 1.681689e+01 -1.243069e-02 3.204849e-02 -2.258602e-03 1.986048e-02
135.000 195.000 1.023418e+02 0.000000e+00 1.000000e+00 2.000000e+00 1.102553e+02 0.000000e+00 1.000000e+00 2.000000e+00 -2.728752e-01 2.939076e-02 0.000000e+00 6.363689e-01
135.000 225.000 1.599278e+02 7.092072e+01 3.855649e-01 1.401894e+01 1.762001e+02 6.237278e+01 4.771176e-01 1.357438e+01 -4.602030e-01 2.785207e-02 -4.691649e-03 6.033028e-02
135.000 255.000 8.815613e+01 3.472715e+02 -5.950825e-01 1.676999e+01 9.500006e+01 3.136232e+02 -5.350237e-01 1.707790e+01 -5.242198e-01 2.917101e-02 -2.509238e-03 -4.225561e-03
135.000 285.000 2.101883e+02 1.217262e+02 2.665206e-01 1.755954e+01 2.151015e+02 1.143948e+02 3.056385e-01 1.728341e+01 -4.477723e-01 3.184708e-02 -1.587674e-03 4.067827e-02
135.000 315.000 5.436344e+01 1.571583e+02 -4.859777e-01 1.271085e+01 5.400342e+01 1.575426e+02 -4.894404e-01 1.268344e+01 -2.513446e-01 3.320113e-02 1.928371e-04 -1.845921e-02
135.000 345.000 2.198049e+02 5.582233e+01 5.949433e-01 1.334417e+01 2.089512e+02 5.845213e+01 5.628167e-01 1.351665e+01 1.243066e-02 3.204849e-02 1.691421e-03 4.365284e-02
165.000 15.000 1.173738e+02 5.015795e+01 4.012124e-01 1.185596e+01 1.114634e+02 5.482624e+01 3.405934e-01 1.212433e+01 2.067543e-01 2.419550e-02 3.574724e-03 1.640168e-02
165.000 45.000 0.000000e+00 1.658048e+02 -1.000000e+00 2.000000e+00 0.000000e+00 1.825879e+02 -1.000000e+00 2.000000e+00 4.376513e-01 3.594251e-02 0.000000e+00 -7.187096e-01
165.000 75.000 0.000000e+00 6.298434e+01 -1.000000e+00 2.000000e+00 0.000000e+00 6.717328e+01 -1.000000e+00 2.000000e+00 5.512800e-01 4.056438e-02 0.000000e+00 -7.754805e-01
165.000 105.000 1.144620e+02 1.683229e+02 -1.904657e-01 1.650837e+01 9.949751e+01 1.819484e+02 -2.929548e-01 1.604031e+01 5.171937e-01 3.595318e-02 4.452606e-03 -4.286660e-02
165.000 135.000 1.761472e+01 3.091665e+02 -8.921926e-01 8.164612e+00 1.676136e+01 3.223643e+02 -9.011496e-01 7.983214e+00 3.445257e-01 2.421134e-02 7.843957e-04 -1.514723e-01
165.000 165.000 2.014507e+02 5.032184e+01 6.002595e-01 1.269078e+01 2.059913e+02 4.955273e+01 6.121786e-01 1.264024e+01 7.954236e-02 1.525072e-02 -6.654326e-04 4.103109e-02
165.000 195.000 1.117161e+02 5.753523e+01 3.201209e-01 1.232505e+01 1.172413e+02 5.521149e+01 3.596915e-01 1.225321e+01 -2.067543e-01 2.419550e-02 -2.276852e-03 4.274823e-02
165.000 225.000 0.000000e+00 6.337362e+01 -1.000000e+00 2.000000e+00 0.000000e+00 5.779485e+01 -1.000000e+00 2.000000e+00 -4.376513e-01 3.594251e-02 0.000000e+00 -2.811289e-01
165.000 255.000 1.361148e+02 0.000000e+00 1.000000e+00 2.000000e+00 1.494419e+02 0.000000e+00 1.000000e+00 2.000000e+00 -5.512800e-01 4.056438e-02 0.000000e+00 7.754805e-01
165.000 285.000 0.000000e+00 2.490206e+02 -1.000000e+00 2.000000e+00 0.000000e+00 2.229592e+02 -1.000000e+00 2.000000e+00 -5.171937e-01 3.595318e-02 0.000000e+00 -2.413642e-01
165.000 315.000 1.568385e+02 7.543684e+01 3.504533e-01 1.427403e+01 1.649530e+02 7.217030e+01 3.912847e-01 1.417106e+01 -3.445257e-01 2.421134e-02 -2.030018e-03 4.868829e-02
165.000 345.000 0.000000e+00 8.922663e+01 -1.000000e+00 2.000000e+00 0.000000e+00 9.049815e+01 -1.000000e+00 2.000000e+00 -7.954239e-02 1.525072e-02 0.000000e+00 -4.602154e-01
195.000 15.000 2.291338e+01 0.000000e+00 1.000000e+00 2.000000e+00 2.297043e+01 0.000000e+00 1.000000e+00 2.000000e+00 7.954236e-02 1.525071e-02 0.000000e+00 4.602154e-01
195.000 45.000 7.951271e+01 5.898367e+01 1.482280e-01 1.163845e+01 7.513576e+01 6.147704e+01 9.998129e-02 1.162958e+01 3.445257e-01 2.421134e-02 2.932396e-03 -1.686629e-02
195.000 75.000 4.570576e+01 0.000000e+00 1.000000e+00 2.000000e+00 4.201461e+01 0.000000e+00 1.000000e+00 2.000000e+00 5.171937e-01 3.595318e-02 0.000000e+00 2.413642e-01
195.000 105.000 8.416542e+01 0.000000e+00 1.000000e+00 2.000000e+00 7.244612e+01 0.000000e+00 1.000000e+00 2.000000e+00 5.512800e-01 4.056438e-02 0.000000e+00 2.243138e-01
195.000 135.000 7.805736e+00 0.000000e+00 1.000000e+00 2.000000e+00 7.362081e+00 0.000000e+00 1.000000e+00 2.000000e+00 4.376513e-01 3.594251e-02 0.000000e+00 2.811289e-01
195.000 165.000 7.242124e+01 5.271839e+01 1.574469e-01 1.104706e+01 7.065127e+01 5.615082e+01 1.143549e-01 1.118677e+01 2.067543e-01 2.419549e-02 2.740871e-03 -4.463387e-03
195.000 195.000 4.723846e+01 8.404014e+01 -2.803326e-01 1.099827e+01 4.536469e+01 8.441869e+01 -3.009167e-01 1.086422e+01 -7.954233e-02 1.525071e-02 1.331494e-03 -1.825652e-02
195.000 225.000 2.060066e+02 0.000000e+00 1.000000e+00 2.000000e+00 2.164451e+02 0.000000e+00 1.000000e+00 2.000000e+00 -3.445257e-01 2.421134e-02 0.000000e+00 6.722136e-01
195.000 255.000 8.200975e+01 0.000000e+00 1.000000e+00 2.000000e+00 8.930895e+01 0.000000e+00 1.000000e+00 2.000000e+00 -5.171937e-01 3.595318e-02 0.000000e+00 7.584743e-01
195.000 285.000 0.000000e+00 1.160652e+02 -1.000000e+00 2.000000e+00 0.000000e+00 1.022614e+02 -1.000000e+00 2.000000e+00 -5.512800e-01 4.056438e-02 0.000000e+00 -2.243138e-01
195.000 315.000 9.901937e+01 2.195603e+02 -3.783699e-01 1.652182e+01 1.044004e+02 1.963009e+02 -3.056208e-01 1.651104e+01 -4.376514e-01 3.594252e-02 -3.114558e-03 3.588064e-03
195.000 345.000 0.000000e+00 0.000000e+00         -nan         -nan 0.000000e+00 0.000000e+00         -nan         -nan -2.067544e-01 2.419550e-02         -nan         -nan
225.000 15.000 3.635696e+02 2.350623e+02 2.146684e-01 2.389656e+01 3.819441e+02 2.206276e+02 2.677133e-01 2.365133e+01 -1.243071e-02 3.204849e-02 -1.577690e-03 9.503415e-03
225.000 45.000 4.364888e+01 5.170425e+01 -8.447942e-02 9.729985e+00 4.563490e+01 5.173687e+01 -6.266676e-02 9.848319e+00 2.513446e-01 3.320113e-02 -1.575580e-03 -3.451414e-02
225.000 75.000 5.677716e+01 3.156848e+01 2.853415e-01 9.008471e+00 5.394786e+01 3.251404e+01 2.478990e-01 9.008245e+00 4.477723e-01 3.184708e-02 2.939029e-03 -1.803078e-02
225.000 105.000 6.083699e+01 1.932411e+02 -5.211158e-01 1.360442e+01 5.303408e+01 2.070105e+02 -5.921154e-01 1.299510e+01 5.242198e-01 2.917101e-02 3.773837e-03 -7.683777e-02
225.000 135.000 0.000000e+00 2.582652e+02 -1.000000e+00 2.000000e+00 0.000000e+00 2.835713e+02 -1.000000e+00 2.000000e+00 4.602030e-01 2.785207e-02 0.000000e+00 -7.300307e-01
225.000 165.000 2.989827e+02 1.277508e+02 4.012618e-01 1.892154e+01 2.717170e+02 1.385849e+02 3.244733e-01 1.915996e+01 2.728752e-01 2.939076e-02 2.851599e-03 6.785199e-03
225.000 195.000 4.042210e+01 1.135788e+02 -4.750408e-01 1.092010e+01 3.875321e+01 1.190475e+02 -5.088336e-01 1.081408e+01 1.243073e-02 3.204849e-02 2.198827e-03 -4.463966e-02
225.000 225.000 2.596313e+02 7.141850e+01 5.685332e-01 1.496812e+01 2.576525e+02 7.059846e+01 5.698507e-01 1.488819e+01 -2.513446e-01 3.320113e-02 -6.240645e-05 5.477480e-02
225.000 255.000 0.000000e+00 4.942159e+01 -1.000000e+00 2.000000e+00 0.000000e+00 4.647676e+01 -1.000000e+00 2.000000e+00 -4.477723e-01 3.184708e-02 0.000000e+00 -2.760789e-01
225.000 285.000 2.348460e+02 5.793083e+01 6.042663e-01 1.363352e+01 2.546277e+02 5.401690e+01 6.499735e-01 1.335114e+01 -5.242198e-01 2.917101e-02 -2.395292e-03 8.277270e-02
225.000 315.000 3.855907e+02 1.201417e+02 5.248804e-01 1.914167e+01 4.186216e+02 1.064085e+02 5.946575e-01 1.842200e+01 -4.602030e-01 2.785207e-02 -2.626518e-03 5.146273e-02
225.000 345.000 2.360346e+01 6.084429e+00 5.901070e-01 4.398839e+00 2.528043e+01 5.606675e+00 6.369570e-01 4.284364e+00 -2.728752e-01 2.939076e-02 -7.629692e-03 1.961797e-01
255.000 15.000 1.683787e+02 2.331927e+02 -1.614008e-01 1.977651e+01 1.771956e+02 2.224628e+02 -1.132648e-01 1.986281e+01 -6.360631e-03 3.127539e-02 -1.717347e-03 -7.839601e-03
255.000 45.000 1.296891e+02 2.695029e+02 -3.502420e-01 1.871426e+01 1.303898e+02 2.668096e+02 -3.434543e-01 1.871752e+01 2.410439e-01 3.022481e-02 -2.564466e-04 -3.159544e-02
255.000 75.000 1.795879e+02 3.057586e+02 -2.599601e-01 2.127316e+01 1.779137e+02 3.099919e+02 -2.707045e-01 2.126385e+01 4.238609e-01 2.957051e-02 3.572140e-04 -3.214476e-02
255.000 105.000 5.677010e+01 1.780444e+02 -5.164686e-01 1.312174e+01 5.399303e+01 1.871081e+02 -5.521130e-01 1.294630e+01 4.931047e-01 2.999838e-02 1.933693e-03 -7.693876e-02
255.000 135.000 1.759810e+02 5.470334e+02 -5.132019e-01 2.307790e+01 1.594137e+02 5.900299e+02 -5.745811e-01 2.240580e+01 4.302216e-01 3.105663e-02 1.908239e-03 -4.087991e-02
255.000 165.000 8.975773e+01 1.088259e+02 -9.602074e-02 1.402686e+01 8.347821e+01 1.153768e+02 -1.604115e-01 1.391899e+01 2.520609e-01 3.168024e-02 3.258505e-03 -2.481531e-02
255.000 195.000 1.585911e+02 9.765851e+01 2.377862e-01 1.554866e+01 1.488153e+02 1.016068e+02 1.885157e-01 1.554099e+01 6.360658e-03 3.127539e-02 2.241227e-03 1.488393e-02
255.000 225.000 3.737049e+02 9.783036e+01 5.850560e-01 1.761060e+01 3.721862e+02 1.002008e+02 5.757681e-01 1.777038e+01 -2.410439e-01 3.022481e-02 3.712417e-04 4.690917e-02
255.000 255.000 1.859121e+02 9.382870e+01 3.291739e-01 1.579333e+01 1.886073e+02 9.107448e+01 3.487278e-01 1.567384e+01 -4.238609e-01 2.957051e-02 -8.787950e-04 4.768047e-02
255.000 285.000 2.410105e+02 1.752574e+02 1.579588e-01 2.014650e+01 2.544638e+02 1.584377e+02 2.325640e-01 1.976283e+01 -4.931047e-01 2.999838e-02 -2.643563e-03 3.231642e-02
255.000 315.000 2.606588e+02 3.184552e+02 -9.980128e-02 2.394464e+01 2.843217e+02 2.895442e+02 -9.100554e-03 2.395451e+01 -4.302216e-01 3.105663e-02 -2.677922e-03 1.379933e-02
255.000 345.000 1.562149e+02 7.225702e+01 3.674757e-01 1.405772e+01 1.686852e+02 6.579295e+01 4.388137e-01 1.375964e+01 -2.520609e-01 3.168024e-02 -3.626564e-03 4.407081e-02
285.000 15.000 2.591670e+02 1.688530e+02 2.110039e-01 2.022284e+01 2.674547e+02 1.664688e+02 2.327272e-01 2.025886e+01 6.776702e-02 3.168025e-02 -7.588947e-04 7.082918e-03
285.000 45.000 2.703746e+02 2.159588e+02 1.118900e-01 2.191449e+01 2.683509e+02 2.176181e+02 1.043952e-01 2.192425e+01 3.171054e-01 3.105663e-02 2.417787e-04 -9.364363e-03
285.000 75.000 4.530116e+02 9.420092e+02 -3.505307e-01 3.498017e+01 4.192838e+02 9.818021e+02 -4.014874e-01 3.428180e+01 4.814757e-01 2.999838e-02 1.040397e-03 -2.378508e-02
285.000 105.000 1.900916e+02 2.193214e+02 -7.139436e-02 2.018232e+01 1.745380e+02 2.326019e+02 -1.426141e-01 1.997146e+01 5.168349e-01 2.957051e-02 2.508321e-03 -2.914574e-02
285.000 135.000 2.555573e+02 3.303211e+02 -1.276097e-01 2.400704e+01 2.371181e+02 3.501005e+02 -1.924026e-01 2.377983e+01 4.137087e-01 3.022481e-02 1.917471e-03 -2.254830e-02
285.000 165.000 3.008304e+02 6.834426e+01 6.297456e-01 1.492540e+01 2.843099e+02 7.171123e+01 5.971518e-01 1.513497e+01 1.997295e-01 3.127540e-02 1.533364e-03 2.881097e-02
285.000 195.000 3.445751e+02 2.588403e+02 1.420826e-01 2.431530e+01 3.387754e+02 2.658138e+02 1.206797e-01 2.440869e+01 -6.776700e-02 3.168025e-02 6.212175e-04 8.630343e-03
285.000 225.000 5.440551e+02 1.918127e+02 4.786761e-01 2.381718e+01 5.503198e+02 1.893755e+02 4.879635e-01 2.373958e+01 -3.171054e-01 3.105663e-02 -2.761808e-04 3.341206e-02
285.000 255.000 2.681577e+02 7.443364e+01 5.654668e-01 1.526587e+01 2.765268e+02 7.114527e+01 5.907334e-01 1.504481e+01 -4.814757e-01 2.999838e-02 -1.178839e-03 6.858046e-02
285.000 285.000 3.842983e+02 1.532457e+02 4.298301e-01 2.093396e+01 4.035007e+02 1.436204e+02 4.749959e-01 2.058347e+01 -5.168349e-01 2.957051e-02 -1.538433e-03 4.522146e-02
285.000 315.000 3.668918e+02 2.561820e+02 1.776833e-01 2.456425e+01 3.932724e+02 2.368441e+02 2.482530e-01 2.431631e+01 -4.137087e-01 3.022481e-02 -2.041696e-03 2.407529e-02
285.000 345.000 3.504702e+02 1.771749e+02 3.284316e-01 2.169630e+01 3.684625e+02 1.684373e+02 3.725561e-01 2.150300e+01 -1.997295e-01 3.127540e-02 -1.444487e-03 2.434335e-02
315.000 15.000 2.090586e+02 2.432099e+02 -7.551120e-02 2.120589e+01 2.066943e+02 2.443061e+02 -8.339618e-02 2.116279e+01 1.395271e-01 2.939076e-02 2.631909e-04 -1.014049e-02
315.000 45.000 2.217714e+02 1.836701e+02 9.397476e-02 2.004647e+01 2.068282e+02 1.905623e+02 4.093175e-02 1.991795e+01 4.135830e-01 2.785207e-02 1.877014e-03 -1.594335e-02
315.000 75.000 2.917672e+02 1.329072e+02 3.740749e-01 1.911148e+01 2.606960e+02 1.399513e+02 3.013742e-01 1.908554e+01 5.768196e-01 2.917101e-02 2.691685e-03 -1.060851e-02
315.000 105.000 5.828286e+01 2.742089e+02 -6.494177e-01 1.386599e+01 5.328648e+01 2.919453e+02 -6.913003e-01 1.342560e+01 5.854980e-01 3.184708e-02 2.170018e-03 -8.906056e-02
315.000 135.000 1.403949e+02 2.816386e+02 -3.346741e-01 1.935879e+01 1.311098e+02 2.977188e+02 -3.885212e-01 1.908134e+01 4.372926e-01 3.320113e-02 1.980986e-03 -3.987674e-02
315.000 165.000 2.017639e+02 2.883673e+02 -1.766944e-01 2.179057e+01 1.955172e+02 2.986279e+02 -2.086648e-01 2.174005e+01 1.719150e-01 3.204849e-02 1.038648e-03 -1.599816e-02
315.000 195.000 3.017926e+02 1.771918e+02 2.601354e-01 2.113223e+01 3.053784e+02 1.761863e+02 2.682755e-01 2.114014e+01 -1.395270e-01 2.939076e-02 -2.723266e-04 1.891244e-02
315.000 225.000 2.390362e+02 2.339064e+02 1.084651e-02 2.174596e+01 2.490604e+02 2.225113e+02 5.629909e-02 2.168126e+01 -4.135830e-01 2.785207e-02 -1.480168e-03 1.951760e-02
315.000 255.000 2.345815e+02 2.540611e+02 -3.986456e-02 2.208769e+01 2.493980e+02 2.324210e+02 3.523517e-02 2.193674e+01 -5.768196e-01 2.917101e-02 -2.412443e-03 2.431013e-02
315.000 285.000 1.664062e+02 1.250324e+02 1.419640e-01 1.689867e+01 1.767017e+02 1.136874e+02 2.169997e-01 1.663475e+01 -5.854980e-01 3.184708e-02 -3.164400e-03 4.304841e-02
315.000 315.000 2.172306e+02 1.848497e+02 8.053343e-02 1.998681e+01 2.288068e+02 1.726098e+02 1.399967e-01 1.983808e+01 -4.372926e-01 3.320113e-02 -2.111572e-03 2.590835e-02
315.000 345.000 1.849923e+02 4.176726e+02 -3.860856e-01 2.264576e+01 1.937478e+02 3.988201e+02 -3.460740e-01 2.283851e+01 -1.719150e-01 3.204849e-02 -1.244044e-03 -9.457413e-03
345.000 15.000 1.669666e+02 1.709439e+02 -1.177021e-02 1.838107e+01 1.631919e+02 1.775679e+02 -4.218803e-02 1.844325e+01 1.717634e-01 2.419550e-02 1.168175e-03 -9.984916e-03
345.000 45.000 1.355142e+02 2.561897e+02 -3.080784e-01 1.882887e+01 1.216261e+02 2.718994e+02 -3.818643e-01 1.833416e+01 4.700192e-01 3.594251e-02 2.807623e-03 -4.132463e-02
345.000 75.000 8.224976e+01 4.046885e+02 -6.621758e-01 1.653563e+01 7.201534e+01 4.473979e+02 -7.227051e-01 1.575190e+01 6.423338e-01 4.056438e-02 2.650437e-03 -7.889059e-02
345.000 105.000 9.917897e+01 6.283380e+01 2.243352e-01 1.240400e+01 8.657097e+01 6.723446e+01 1.257206e-01 1.230343e+01 6.425356e-01 3.595318e-02 5.644497e-03 -3.371481e-02
345.000 135.000 9.173896e+01 2.263567e+02 -4.231989e-01 1.615938e+01 8.362626e+01 2.408371e+02 -4.845258e-01 1.575724e+01 4.705705e-01 2.421134e-02 2.717154e-03 -5.530957e-02
345.000 165.000 1.379740e+02 2.199431e+02 -2.290171e-01 1.841588e+01 1.334331e+02 2.264252e+02 -2.584131e-01 1.832561e+01 1.725164e-01 1.525072e-02 1.131476e-03 -2.180364e-02
345.000 195.000 1.357393e+02 1.115848e+02 9.766327e-02 1.565136e+01 1.386246e+02 1.093859e+02 1.178932e-01 1.563852e+01 -1.717633e-01 2.419550e-02 -9.143333e-04 1.721424e-02
345.000 225.000 3.312404e+02 8.783156e+01 5.808283e-01 1.666413e+01 3.515730e+02 8.145374e+01 6.237935e-01 1.626432e+01 -4.700192e-01 3.594251e-02 -1.845138e-03 6.306030e-02
345.000 255.000 2.797728e+02 4.017682e+01 7.488553e-01 1.185440e+01 3.054837e+02 3.626185e+01 7.877845e-01 1.138669e+01 -6.423338e-01 4.056438e-02 -2.368348e-03 1.173556e-01
345.000 285.000 1.883439e+02 1.185123e+02 2.275713e-01 1.705768e+01 2.048839e+02 1.048876e+02 3.228066e-01 1.665809e+01 -6.425356e-01 3.595318e-02 -3.994382e-03 5.100957e-02
345.000 315.000 1.467162e+02 7.710957e+01 3.109858e-01 1.421897e+01 1.551346e+02 7.155698e+01 3.686844e-01 1.399564e+01 -4.705705e-01 2.421134e-02 -2.891962e-03 5.496567e-02
345.000 345.000 1.469862e+02 1.153903e+02 1.204218e-01 1.608016e+01 1.492393e+02 1.120120e+02 1.424963e-01 1.599833e+01 -1.725164e-01 1.525072e-02 -9.731729e-04 1.821736e-02
