  #t  #Q2   A1M1_AVG      A_1M1     dA_1M1   A0P1_AVG      A_0P1     dA_0P1   A2M1_AVG      A_2M1     dA_2M1   A3M1_AVG      A_3M1     dA_3M1   A1P1_AVG      A_1P1     dA_1P1       Asym      Astat          t         tp         xb         Q2          W     Dilute
   3    0 -6.100e-02 -6.353e-02 3.0480e-03  3.945e-01  3.706e-01 2.9842e-03 -1.049e-02 -6.107e-03 3.0165e-03 -4.954e-04 -2.599e-02 2.9239e-03  2.393e-02  5.246e-02 2.8993e-03 -1.1941e-02 1.5773e-03 3.4717e-01 4.1496e-02 4.3510e-01 5.2912e+00 2.7858e+00 7.3565e-01
   Phi   PhiS      N_U_avg      N_D_avg     Asym_avg    dAsym_avg      N_U_fit      N_D_fit     Asym_fit    dAsym_fit     Asym_cal    dAsym_cal     GOOD_fit     GOOD_cal
15.000 15.000 1.064738e+03 1.153381e+03 -3.996312e-02 4.705930e+01 1.069484e+03 1.148880e+03 -3.579016e-02 4.706934e+01 1.075727e-01 2.333425e-03 -6.269567e-05 -3.135105e-03
15.000 45.000 1.078615e+03 1.541818e+03 -1.767659e-01 5.038406e+01 1.063857e+03 1.554510e+03 -1.873887e-01 5.026355e+01 3.408311e-01 3.699904e-03 1.492631e-04 -1.027303e-02
15.000 75.000 1.277537e+03 1.451921e+03 -6.388972e-02 5.213747e+01 1.246228e+03 1.475629e+03 -8.428099e-02 5.198580e+01 4.827640e-01 5.510853e-03 2.769562e-04 -1.048485e-02
15.000 105.000 1.045500e+03 1.398267e+03 -1.443539e-01 4.891670e+01 1.012642e+03 1.427036e+03 -1.698558e-01 4.867536e+01 4.953407e-01 6.229389e-03 3.695486e-04 -1.307722e-02
15.000 135.000 7.187392e+02 1.594343e+03 -3.785442e-01 4.451548e+01 6.981553e+02 1.626412e+03 -3.993245e-01 4.420285e+01 3.751913e-01 5.528188e-03 3.312454e-04 -1.693199e-02
15.000 165.000 1.054710e+03 1.411750e+03 -1.447581e-01 4.914037e+01 1.040279e+03 1.430510e+03 -1.579378e-01 4.908316e+01 1.545097e-01 3.725676e-03 1.897612e-04 -6.090059e-03
15.000 195.000 1.153854e+03 1.389253e+03 -9.256358e-02 5.021272e+01 1.149281e+03 1.392183e+03 -9.557556e-02 5.018215e+01 -1.075727e-01 2.333425e-03 4.242825e-05 2.989107e-04
15.000 225.000 8.820005e+02 5.202550e+02 2.579740e-01 3.617920e+01 8.885662e+02 5.114083e+02 2.694034e-01 3.603286e+01 -3.408310e-01 3.699904e-03 -2.238334e-04 1.655109e-02
15.000 255.000 1.262338e+03 8.570965e+02 1.912025e-01 4.518795e+01 1.284947e+03 8.371379e+02 2.110233e-01 4.502874e+01 -4.827640e-01 5.510853e-03 -3.107043e-04 1.491474e-02
15.000 285.000 1.188288e+03 6.729229e+02 2.768976e-01 4.145488e+01 1.213254e+03 6.501108e+02 3.022183e-01 4.114818e+01 -4.953407e-01 6.229389e-03 -4.335034e-04 1.862840e-02
15.000 315.000 1.181213e+03 1.051373e+03 5.815706e-02 4.717027e+01 1.203998e+03 1.021140e+03 8.217854e-02 4.701182e+01 -3.751913e-01 5.528189e-03 -3.606997e-04 9.186895e-03
15.000 345.000 1.115681e+03 1.259822e+03 -6.067805e-02 4.864932e+01 1.132382e+03 1.237211e+03 -4.423919e-02 4.863080e+01 -1.545097e-01 3.725676e-03 -2.389805e-04 1.928735e-03
45.000 15.000 1.148276e+03 8.538443e+02 1.470599e-01 4.425857e+01 1.159843e+03 8.488676e+02 1.548134e-01 4.427829e+01 8.117812e-02 4.911742e-03 -1.238485e-04 1.488566e-03
45.000 45.000 1.191191e+03 2.048692e+03 -2.646705e-01 5.489014e+01 1.204684e+03 2.032907e+03 -2.558144e-01 5.500654e+01 2.842055e-01 5.094850e-03 -1.139649e-04 -9.999536e-03
45.000 75.000 1.496347e+03 2.087421e+03 -1.649309e-01 5.904475e+01 1.511059e+03 2.078928e+03 -1.581813e-01 5.916216e+01 4.110802e-01 4.894625e-03 -8.075114e-05 -9.755502e-03
45.000 105.000 9.890290e+02 2.539223e+03 -4.393660e-01 5.335869e+01 9.955615e+02 2.533809e+03 -4.358419e-01 5.346904e+01 4.278063e-01 4.486083e-03 -4.665281e-05 -1.625176e-02
45.000 135.000 1.222131e+03 1.305977e+03 -3.316549e-02 5.025263e+01 1.222338e+03 1.302930e+03 -3.191433e-02 5.022644e+01 3.299021e-01 4.276993e-03 -1.760970e-05 -7.224847e-03
45.000 165.000 1.216306e+03 1.711026e+03 -1.690005e-01 5.332658e+01 1.203672e+03 1.722194e+03 -1.772198e-01 5.323508e+01 1.436009e-01 4.504753e-03 1.090807e-04 -5.862018e-03
45.000 195.000 1.654177e+03 1.333740e+03 1.072445e-01 5.434659e+01 1.637838e+03 1.344234e+03 9.845632e-02 5.434303e+01 -8.117810e-02 4.911742e-03 1.143467e-04 3.467054e-03
45.000 225.000 1.559998e+03 1.606391e+03 -1.465168e-02 5.626464e+01 1.546995e+03 1.621199e+03 -2.342134e-02 5.627127e+01 -2.842055e-01 5.094850e-03 1.102064e-04 4.790820e-03
45.000 255.000 2.117578e+03 1.186456e+03 2.818138e-01 5.515099e+01 2.107865e+03 1.197082e+03 2.755817e-01 5.526257e+01 -4.110802e-01 4.894625e-03 7.982270e-05 1.256358e-02
45.000 285.000 2.205627e+03 1.186624e+03 3.003915e-01 5.555313e+01 2.198124e+03 1.190476e+03 2.973642e-01 5.557842e+01 -4.278063e-01 4.486083e-03 3.852354e-05 1.310813e-02
45.000 315.000 2.264632e+03 1.446229e+03 2.205425e-01 5.941690e+01 2.261052e+03 1.440932e+03 2.215353e-01 5.933210e+01 -3.299021e-01 4.276993e-03 -1.182351e-05 9.264108e-03
45.000 345.000 1.748524e+03 1.246814e+03 1.674967e-01 5.395649e+01 1.756767e+03 1.236322e+03 1.738824e-01 5.387572e+01 -1.436009e-01 4.504753e-03 -8.374779e-05 5.765712e-03
75.000 15.000 2.243693e+03 2.242095e+03 3.561313e-04 6.697602e+01 2.224271e+03 2.257684e+03 -7.455021e-03 6.694555e+01 1.020364e-01 4.759953e-03 8.248588e-05 -1.518160e-03
75.000 45.000 2.833095e+03 2.326708e+03 9.814079e-02 7.148500e+01 2.837435e+03 2.327969e+03 9.863036e-02 7.152031e+01 2.698216e-01 4.644297e-03 -4.841445e-06 -2.401633e-03
75.000 75.000 2.048101e+03 3.062489e+03 -1.984875e-01 7.006601e+01 2.088844e+03 3.021533e+03 -1.825090e-01 7.028622e+01 3.653082e-01 4.586656e-03 -1.610024e-04 -8.046636e-03
75.000 105.000 2.306598e+03 2.790414e+03 -9.492141e-02 7.107101e+01 2.361950e+03 2.741674e+03 -7.440283e-02 7.124164e+01 3.629108e-01 4.646827e-03 -2.039005e-04 -6.441899e-03
75.000 135.000 2.205589e+03 2.924201e+03 -1.400860e-01 7.091631e+01 2.265220e+03 2.864464e+03 -1.168189e-01 7.113143e+01 2.632718e-01 4.762422e-03 -2.316441e-04 -5.687799e-03
75.000 165.000 2.091920e+03 2.412595e+03 -7.118964e-02 6.694540e+01 2.129327e+03 2.375121e+03 -5.456690e-02 6.701520e+01 9.308927e-02 4.817960e-03 -1.754853e-04 -2.453924e-03
75.000 195.000 2.312498e+03 2.464580e+03 -3.183572e-02 6.908137e+01 2.333331e+03 2.441840e+03 -2.272360e-02 6.908477e+01 -1.020364e-01 4.759953e-03 -9.326803e-05 1.016203e-03
75.000 225.000 2.806896e+03 2.052056e+03 1.553504e-01 6.885991e+01 2.797637e+03 2.065164e+03 1.506278e-01 6.893816e+01 -2.698215e-01 4.644297e-03 4.846750e-05 6.174448e-03
75.000 255.000 2.661018e+03 2.379547e+03 5.584113e-02 7.088615e+01 2.629547e+03 2.419912e+03 4.151636e-02 7.099828e+01 -3.653082e-01 4.586656e-03 1.427801e-04 5.941207e-03
75.000 285.000 3.350072e+03 2.328550e+03 1.798890e-01 7.412733e+01 3.289173e+03 2.391188e+03 1.580860e-01 7.442044e+01 -3.629108e-01 4.646827e-03 2.075691e-04 7.322532e-03
75.000 315.000 2.191422e+03 2.373666e+03 -3.992126e-02 6.751157e+01 2.144862e+03 2.434710e+03 -6.329140e-02 6.753686e+01 -2.632718e-01 4.762422e-03 2.447298e-04 3.308329e-03
75.000 345.000 2.494660e+03 2.296583e+03 4.134154e-02 6.915963e+01 2.452359e+03 2.343301e+03 2.274103e-02 6.923280e+01 -9.308929e-02 4.817960e-03 1.900761e-04 1.943776e-03
105.000 15.000 3.706713e+03 4.288701e+03 -7.279027e-02 8.917988e+01 3.649981e+03 4.359486e+03 -8.858322e-02 8.914380e+01 1.019086e-01 4.817960e-03 1.252476e-04 -1.958950e-03
105.000 45.000 3.596297e+03 4.092456e+03 -6.453044e-02 8.750278e+01 3.566452e+03 4.123515e+03 -7.244030e-02 8.746207e+01 2.576746e-01 4.762422e-03 6.393414e-05 -3.682226e-03
105.000 75.000 3.011899e+03 5.173723e+03 -2.641002e-01 8.726216e+01 3.018649e+03 5.158326e+03 -2.616710e-01 8.727590e+01 3.443968e-01 4.646827e-03 -1.968220e-05 -6.973206e-03
105.000 105.000 2.879563e+03 4.954062e+03 -2.648198e-01 8.534785e+01 2.922826e+03 4.915238e+03 -2.541970e-01 8.562475e+01 3.388382e-01 4.586656e-03 -8.786778e-05 -7.072914e-03
105.000 135.000 3.478182e+03 4.377691e+03 -1.145014e-01 8.805043e+01 3.538963e+03 4.311343e+03 -9.838852e-02 8.817206e+01 2.424882e-01 4.644297e-03 -1.293088e-04 -4.054377e-03
105.000 165.000 4.600804e+03 4.188365e+03 4.692586e-02 9.364729e+01 4.689256e+03 4.117067e+03 6.497477e-02 9.364371e+01 8.116365e-02 4.759953e-03 -1.362853e-04 -3.656036e-04
105.000 195.000 4.195530e+03 3.768220e+03 5.365692e-02 8.911129e+01 4.256380e+03 3.706744e+03 6.902277e-02 8.902352e+01 -1.019086e-01 4.817960e-03 -1.219896e-04 1.745744e-03
105.000 225.000 4.011948e+03 2.787946e+03 1.800031e-01 8.111455e+01 4.042647e+03 2.771217e+03 1.865945e-01 8.109638e+01 -2.576746e-01 4.762422e-03 -5.746597e-05 5.395798e-03
105.000 255.000 4.560558e+03 3.329222e+03 1.560672e-01 8.773602e+01 4.548556e+03 3.341626e+03 1.529660e-01 8.778133e+01 -3.443968e-01 4.646827e-03 2.498741e-05 5.704202e-03
105.000 285.000 4.862375e+03 3.701707e+03 1.355274e-01 9.168849e+01 4.808583e+03 3.741564e+03 1.247953e-01 9.174415e+01 -3.388382e-01 4.586656e-03 8.274112e-05 5.173666e-03
105.000 315.000 4.171335e+03 3.774631e+03 4.992528e-02 8.902899e+01 4.109329e+03 3.856631e+03 3.172218e-02 8.920731e+01 -2.424882e-01 4.644297e-03 1.444321e-04 3.284475e-03
105.000 345.000 4.264467e+03 4.078451e+03 2.229620e-02 9.131687e+01 4.191075e+03 4.157812e+03 3.984081e-03 9.137152e+01 -8.116367e-02 4.759953e-03 1.417564e-04 1.132977e-03
135.000 15.000 4.782971e+03 3.736373e+03 1.228496e-01 9.160114e+01 4.790028e+03 3.732630e+03 1.240690e-01 9.160495e+01 6.003366e-02 4.504753e-03 -9.413198e-06 6.857548e-04
135.000 45.000 3.905392e+03 5.087383e+03 -1.314379e-01 9.400753e+01 3.917797e+03 5.088798e+03 -1.300160e-01 9.409754e+01 2.028421e-01 4.276992e-03 -1.069037e-05 -3.555885e-03
135.000 75.000 3.928434e+03 5.756272e+03 -1.887346e-01 9.664228e+01 3.943587e+03 5.745678e+03 -1.859884e-01 9.671658e+01 2.912991e-01 4.486083e-03 -2.008517e-05 -4.967119e-03
135.000 105.000 3.664985e+03 6.221667e+03 -2.585993e-01 9.604944e+01 3.692082e+03 6.195694e+03 -2.532028e-01 9.619696e+01 3.017028e-01 4.894625e-03 -3.969852e-05 -5.833476e-03
135.000 135.000 3.592007e+03 5.081717e+03 -1.717498e-01 9.174894e+01 3.604590e+03 5.067253e+03 -1.686681e-01 9.178855e+01 2.312655e-01 5.094850e-03 -2.374558e-05 -4.392588e-03
135.000 165.000 4.506823e+03 4.599172e+03 -1.014158e-02 9.542043e+01 4.519118e+03 4.591422e+03 -7.936364e-03 9.544614e+01 9.886075e-02 4.911742e-03 -1.633941e-05 -1.142337e-03
135.000 195.000 4.281746e+03 3.568780e+03 9.081757e-02 8.823705e+01 4.279375e+03 3.563663e+03 9.125435e-02 8.819142e+01 -6.003364e-02 4.504753e-03 -3.501150e-06 1.709613e-03
135.000 225.000 5.307767e+03 4.045181e+03 1.349934e-01 9.582540e+01 5.289798e+03 4.037925e+03 1.342100e-01 9.570637e+01 -2.028421e-01 4.276992e-03 5.784790e-06 3.525532e-03
135.000 255.000 5.353288e+03 3.956657e+03 1.500150e-01 9.539617e+01 5.331516e+03 3.967238e+03 1.467162e-01 9.538654e+01 -2.912991e-01 4.486083e-03 2.445295e-05 4.626119e-03
135.000 285.000 5.605359e+03 3.874103e+03 1.826323e-01 9.572501e+01 5.598528e+03 3.899247e+03 1.789136e-01 9.588405e+01 -3.017028e-01 4.894625e-03 2.744730e-05 5.059651e-03
135.000 315.000 5.380225e+03 4.016554e+03 1.451211e-01 9.591080e+01 5.360006e+03 4.023656e+03 1.424124e-01 9.588196e+01 -2.312655e-01 5.094850e-03 1.997289e-05 3.924340e-03
135.000 345.000 4.440348e+03 4.390071e+03 5.693607e-03 9.396878e+01 4.434817e+03 4.391827e+03 4.870457e-03 9.394910e+01 -9.886077e-02 4.911742e-03 6.194780e-06 1.112650e-03
165.000 15.000 2.659601e+03 3.326033e+03 -1.113387e-01 7.688585e+01 2.674388e+03 3.305471e+03 -1.055347e-01 7.689771e+01 4.596364e-02 3.725676e-03 -5.337373e-05 -2.045920e-03
165.000 45.000 2.903120e+03 3.260212e+03 -5.793820e-02 7.837502e+01 2.936112e+03 3.231030e+03 -4.782086e-02 7.844131e+01 1.607141e-01 5.528188e-03 -9.124098e-05 -2.789821e-03
165.000 75.000 2.674276e+03 3.428854e+03 -1.236379e-01 7.752313e+01 2.709065e+03 3.402987e+03 -1.135335e-01 7.767412e+01 2.324013e-01 6.229389e-03 -9.207484e-05 -4.592684e-03
165.000 105.000 2.983952e+03 3.473230e+03 -7.577265e-02 8.012558e+01 3.004590e+03 3.458937e+03 -7.029412e-02 8.019719e+01 2.418168e-01 5.510853e-03 -4.832635e-05 -3.963647e-03
165.000 135.000 2.272987e+03 3.233913e+03 -1.744950e-01 7.306999e+01 2.275123e+03 3.226199e+03 -1.728814e-01 7.305408e+01 1.864377e-01 3.699904e-03 -1.561634e-05 -4.939548e-03
165.000 165.000 2.571871e+03 2.620075e+03 -9.284331e-03 7.205205e+01 2.566390e+03 2.629379e+03 -1.212309e-02 7.207639e+01 8.110275e-02 2.333425e-03 2.785440e-05 -1.254469e-03
165.000 195.000 2.770549e+03 3.005904e+03 -4.074386e-02 7.593986e+01 2.752887e+03 3.024983e+03 -4.709284e-02 7.592797e+01 -4.596362e-02 3.725676e-03 5.912251e-05 6.873546e-05
165.000 225.000 3.498478e+03 2.485974e+03 1.691891e-01 7.624400e+01 3.470130e+03 2.514905e+03 1.596023e-01 7.637132e+01 -1.607141e-01 5.528188e-03 8.883623e-05 4.326939e-03
165.000 255.000 4.072615e+03 2.516278e+03 2.362060e-01 7.887507e+01 4.041664e+03 2.529462e+03 2.301283e-01 7.888679e+01 -2.324013e-01 6.229389e-03 5.448220e-05 5.941133e-03
165.000 285.000 2.845532e+03 2.620123e+03 4.124099e-02 7.386717e+01 2.812977e+03 2.645348e+03 3.071063e-02 7.384563e+01 -2.418168e-01 5.510853e-03 1.008185e-04 3.831984e-03
165.000 315.000 3.428470e+03 2.571016e+03 1.429213e-01 7.666119e+01 3.425995e+03 2.568323e+03 1.430809e-01 7.662638e+01 -1.864377e-01 3.699905e-03 -1.472031e-06 4.296294e-03
165.000 345.000 3.231205e+03 2.686857e+03 9.198090e-02 7.660282e+01 3.239100e+03 2.681330e+03 9.421115e-02 7.660210e+01 -8.110276e-02 2.333425e-03 -2.058714e-05 2.259495e-03
195.000 15.000 2.696483e+03 2.846122e+03 -2.699781e-02 7.442154e+01 2.692508e+03 2.856776e+03 -2.960154e-02 7.446087e+01 8.110272e-02 2.333424e-03 2.473243e-05 -1.452544e-03
195.000 45.000 2.541092e+03 3.454972e+03 -1.524134e-01 7.652958e+01 2.540941e+03 3.452690e+03 -1.521197e-01 7.651756e+01 1.864377e-01 3.699904e-03 -2.713818e-06 -4.427714e-03
195.000 75.000 2.853662e+03 2.993578e+03 -2.392849e-02 7.644535e+01 2.884046e+03 2.981448e+03 -1.660590e-02 7.657595e+01 2.418168e-01 5.510853e-03 -6.767496e-05 -3.476278e-03
195.000 105.000 2.542301e+03 3.642901e+03 -1.779408e-01 7.739096e+01 2.559589e+03 3.616561e+03 -1.711376e-01 7.742908e+01 2.324013e-01 6.229389e-03 -6.214421e-05 -5.302198e-03
195.000 135.000 2.649211e+03 3.085647e+03 -7.610247e-02 7.550923e+01 2.685511e+03 3.061168e+03 -6.536936e-02 7.564472e+01 1.607141e-01 5.528188e-03 -1.004201e-04 -3.136260e-03
195.000 165.000 3.266813e+03 3.148895e+03 1.837953e-02 8.008458e+01 3.294747e+03 3.128065e+03 2.595151e-02 8.011546e+01 4.596365e-02 3.725675e-03 -6.684387e-05 -3.444373e-04
195.000 195.000 3.163160e+03 2.857242e+03 5.081352e-02 7.749101e+01 3.169656e+03 2.847899e+03 5.346974e-02 7.746193e+01 -8.110271e-02 2.333424e-03 -2.424259e-05 1.702342e-03
195.000 225.000 3.234474e+03 2.714787e+03 8.735317e-02 7.683661e+01 3.228760e+03 2.723434e+03 8.489751e-02 7.687193e+01 -1.864377e-01 3.699904e-03 2.259362e-05 3.563286e-03
195.000 255.000 2.939471e+03 2.921350e+03 3.091744e-03 7.655563e+01 2.929635e+03 2.934040e+03 -7.512955e-04 7.657462e+01 -2.418168e-01 5.510853e-03 3.549186e-05 3.199093e-03
195.000 285.000 3.324642e+03 2.853592e+03 7.624353e-02 7.837295e+01 3.298871e+03 2.881061e+03 6.760750e-02 7.843268e+01 -2.324013e-01 6.229389e-03 7.788744e-05 3.938155e-03
195.000 315.000 3.448002e+03 2.852632e+03 9.449365e-02 7.902136e+01 3.413426e+03 2.877350e+03 8.521612e-02 7.902590e+01 -1.607141e-01 5.528188e-03 8.301569e-05 3.229605e-03
195.000 345.000 3.140932e+03 3.205713e+03 -1.020706e-02 7.966168e+01 3.122354e+03 3.225167e+03 -1.619735e-02 7.966088e+01 -4.596367e-02 3.725675e-03 5.317230e-05 4.488557e-04
225.000 15.000 4.604082e+03 4.787756e+03 -1.955678e-02 9.689297e+01 4.616464e+03 4.780125e+03 -1.741701e-02 9.692130e+01 9.886074e-02 4.911742e-03 -1.561336e-05 -1.222148e-03
225.000 45.000 4.320955e+03 5.654412e+03 -1.336750e-01 9.898039e+01 4.341265e+03 5.637326e+03 -1.298842e-01 9.904672e+01 2.312655e-01 5.094850e-03 -2.707177e-05 -3.686998e-03
225.000 75.000 3.579566e+03 5.694496e+03 -2.280479e-01 9.376437e+01 3.577035e+03 5.668407e+03 -2.262057e-01 9.366089e+01 3.017028e-01 4.894625e-03 -1.390031e-05 -5.649808e-03
225.000 105.000 4.025855e+03 5.341531e+03 -1.404528e-01 9.582586e+01 4.055470e+03 5.332375e+03 -1.360169e-01 9.599044e+01 2.912991e-01 4.486083e-03 -3.270482e-05 -4.505589e-03
225.000 135.000 4.234263e+03 5.616162e+03 -1.402883e-01 9.826780e+01 4.257262e+03 5.611294e+03 -1.372067e-01 9.840109e+01 2.028421e-01 4.276993e-03 -2.215910e-05 -3.491788e-03
225.000 165.000 3.721807e+03 4.513622e+03 -9.614743e-02 9.032883e+01 3.722533e+03 4.509815e+03 -9.563276e-02 9.031643e+01 6.003366e-02 4.504753e-03 -4.029230e-06 -1.729028e-03
225.000 195.000 4.393649e+03 3.826112e+03 6.904542e-02 9.044653e+01 4.380568e+03 3.830681e+03 6.696754e-02 9.041252e+01 -9.886072e-02 4.911742e-03 1.624779e-05 1.856413e-03
225.000 225.000 5.101517e+03 4.448073e+03 6.842633e-02 9.749296e+01 5.093900e+03 4.464654e+03 6.583071e-02 9.755578e+01 -2.312655e-01 5.094850e-03 1.881968e-05 3.073984e-03
225.000 255.000 5.004512e+03 3.989102e+03 1.129035e-01 9.422829e+01 5.004505e+03 3.997572e+03 1.118556e-01 9.428386e+01 -3.017028e-01 4.894625e-03 7.860747e-06 4.400019e-03
225.000 285.000 5.199507e+03 4.109603e+03 1.170793e-01 9.582017e+01 5.184295e+03 4.129459e+03 1.132558e-01 9.588685e+01 -2.912991e-01 4.486083e-03 2.820587e-05 4.261926e-03
225.000 315.000 4.307977e+03 4.572259e+03 -2.976066e-02 9.419326e+01 4.307427e+03 4.579509e+03 -3.061593e-02 9.422636e+01 -2.028421e-01 4.276993e-03 6.419349e-06 1.837514e-03
225.000 345.000 4.688244e+03 4.046361e+03 7.348746e-02 9.320641e+01 4.680135e+03 4.048156e+03 7.240583e-02 9.318011e+01 -6.003368e-02 4.504753e-03 8.206895e-06 1.432532e-03
255.000 15.000 4.130595e+03 4.151750e+03 -2.554209e-03 9.100709e+01 4.210992e+03 4.078114e+03 1.603044e-02 9.103282e+01 8.116363e-02 4.759953e-03 -1.443786e-04 -9.199046e-04
255.000 45.000 3.464677e+03 5.403494e+03 -2.186264e-01 9.189284e+01 3.536010e+03 5.317781e+03 -2.012438e-01 9.216952e+01 2.424882e-01 4.644297e-03 -1.335567e-04 -5.017960e-03
255.000 75.000 3.418716e+03 4.027182e+03 -8.171827e-02 8.600102e+01 3.455088e+03 3.989329e+03 -7.176403e-02 8.605857e+01 3.388382e-01 4.586657e-03 -8.181717e-05 -4.890133e-03
255.000 105.000 3.012003e+03 4.443580e+03 -1.920142e-01 8.473901e+01 3.015545e+03 4.441675e+03 -1.912416e-01 8.476134e+01 3.443968e-01 4.646827e-03 -6.446482e-06 -6.330154e-03
255.000 135.000 3.591830e+03 4.106503e+03 -6.685515e-02 8.754384e+01 3.555247e+03 4.137621e+03 -7.570320e-02 8.745730e+01 2.576746e-01 4.762422e-03 7.150259e-05 -3.707054e-03
255.000 165.000 3.862981e+03 4.478908e+03 -7.383545e-02 9.108464e+01 3.802300e+03 4.543240e+03 -8.878273e-02 9.099317e+01 1.019087e-01 4.817960e-03 1.160967e-04 -1.929459e-03
255.000 195.000 3.657601e+03 3.982451e+03 -4.251943e-02 8.732834e+01 3.595903e+03 4.061683e+03 -6.082599e-02 8.734560e+01 -8.116361e-02 4.759953e-03 1.482155e-04 4.425159e-04
255.000 225.000 5.014529e+03 3.039865e+03 2.451660e-01 8.700732e+01 4.938062e+03 3.105500e+03 2.278296e-01 8.732726e+01 -2.424882e-01 4.644297e-03 1.406334e-04 5.604749e-03
255.000 255.000 4.542054e+03 3.396133e+03 1.443555e-01 8.816330e+01 4.498008e+03 3.441247e+03 1.331058e-01 8.830965e+01 -3.388382e-01 4.586657e-03 9.015194e-05 5.480667e-03
255.000 285.000 4.704478e+03 4.083791e+03 7.062669e-02 9.351167e+01 4.696550e+03 4.088064e+03 6.926724e-02 9.350115e+01 -3.443968e-01 4.646827e-03 1.028032e-05 4.438200e-03
255.000 315.000 4.280316e+03 3.742992e+03 6.697045e-02 8.937182e+01 4.318134e+03 3.704400e+03 7.650131e-02 8.930612e+01 -2.576746e-01 4.762422e-03 -7.543560e-05 3.632521e-03
255.000 345.000 3.847352e+03 4.155044e+03 -3.844994e-02 8.938996e+01 3.913618e+03 4.092524e+03 -2.234613e-02 8.945471e+01 -1.019087e-01 4.817960e-03 -1.273409e-04 7.099089e-04
285.000 15.000 1.925393e+03 2.445433e+03 -1.189798e-01 6.564261e+01 1.963837e+03 2.398867e+03 -9.971567e-02 6.572157e+01 9.308924e-02 4.817960e-03 -2.073896e-04 -3.230661e-03
285.000 45.000 2.094612e+03 2.593515e+03 -1.064186e-01 6.808109e+01 2.152032e+03 2.540905e+03 -8.286341e-02 6.826942e+01 2.632717e-01 4.762422e-03 -2.443115e-04 -5.430147e-03
285.000 75.000 2.359072e+03 3.063696e+03 -1.299382e-01 7.301514e+01 2.419793e+03 3.005657e+03 -1.079845e-01 7.322694e+01 3.629108e-01 4.646827e-03 -2.122995e-04 -6.749956e-03
285.000 105.000 1.986781e+03 2.706527e+03 -1.533559e-01 6.769734e+01 2.022854e+03 2.669944e+03 -1.378900e-01 6.784962e+01 3.653082e-01 4.586656e-03 -1.613610e-04 -7.661513e-03
285.000 135.000 2.438772e+03 2.556812e+03 -2.362870e-02 7.065971e+01 2.449930e+03 2.549239e+03 -1.986511e-02 7.069085e+01 2.698216e-01 4.644297e-03 -3.765480e-05 -4.153007e-03
285.000 165.000 2.708177e+03 3.177301e+03 -7.970878e-02 7.647277e+01 2.677488e+03 3.201661e+03 -8.915798e-02 7.637024e+01 1.020365e-01 4.759953e-03 8.743080e-05 -2.376601e-03
285.000 195.000 3.041680e+03 2.406715e+03 1.165417e-01 7.331026e+01 2.992358e+03 2.457770e+03 9.808721e-02 7.346899e+01 -9.308923e-02 4.817960e-03 1.778087e-04 2.859504e-03
285.000 225.000 2.270172e+03 1.594059e+03 1.749670e-01 6.120403e+01 2.222350e+03 1.637026e+03 1.516629e-01 6.140525e+01 -2.632717e-01 4.762422e-03 2.687964e-04 7.160292e-03
285.000 255.000 2.998198e+03 2.057367e+03 1.860981e-01 6.986042e+01 2.944291e+03 2.113973e+03 1.641507e-01 7.015674e+01 -3.629108e-01 4.646827e-03 2.216740e-04 7.858655e-03
285.000 285.000 3.648871e+03 2.237614e+03 2.397452e-01 7.448586e+01 3.600884e+03 2.272059e+03 2.262622e-01 7.464771e+01 -3.653082e-01 4.586656e-03 1.278568e-04 8.123064e-03
285.000 315.000 2.758388e+03 2.003098e+03 1.586247e-01 6.812987e+01 2.752324e+03 2.008870e+03 1.561485e-01 6.815501e+01 -2.698216e-01 4.644297e-03 2.569499e-05 6.288671e-03
285.000 345.000 2.682005e+03 2.379404e+03 5.978592e-02 7.101632e+01 2.702144e+03 2.366906e+03 6.613422e-02 7.104139e+01 -1.020365e-01 4.759953e-03 -6.319865e-05 2.278665e-03
315.000 15.000 1.545807e+03 1.962193e+03 -1.186963e-01 5.880966e+01 1.536367e+03 1.973783e+03 -1.246147e-01 5.878471e+01 1.436008e-01 4.504753e-03 7.117592e-05 -4.460103e-03
315.000 45.000 1.296948e+03 1.289635e+03 2.827293e-03 5.085826e+01 1.296498e+03 1.294698e+03 6.946570e-04 5.090378e+01 3.299021e-01 4.276992e-03 2.963779e-05 -6.431104e-03
315.000 75.000 1.267947e+03 2.053653e+03 -2.365443e-01 5.599773e+01 1.269431e+03 2.050608e+03 -2.352913e-01 5.600210e+01 4.278063e-01 4.486083e-03 -1.582049e-05 -1.186388e-02
315.000 105.000 1.473726e+03 1.885710e+03 -1.226349e-01 5.752314e+01 1.487226e+03 1.875623e+03 -1.154966e-01 5.760200e+01 4.110802e-01 4.894626e-03 -8.768801e-05 -9.278267e-03
315.000 135.000 1.385685e+03 1.758341e+03 -1.185283e-01 5.567635e+01 1.403578e+03 1.740597e+03 -1.071884e-01 5.574989e+01 2.842055e-01 5.094850e-03 -1.439244e-04 -7.233480e-03
315.000 165.000 1.429858e+03 1.192895e+03 9.034883e-02 5.100338e+01 1.444224e+03 1.180806e+03 1.003485e-01 5.097642e+01 8.117814e-02 4.911742e-03 -1.386716e-04 1.798055e-04
315.000 195.000 1.714969e+03 1.371454e+03 1.112987e-01 5.521042e+01 1.725775e+03 1.362545e+03 1.176142e-01 5.518694e+01 -1.436008e-01 4.504753e-03 -8.090298e-05 4.616874e-03
315.000 225.000 1.269371e+03 1.195117e+03 3.012926e-02 4.962107e+01 1.270396e+03 1.192147e+03 3.177559e-02 4.959896e+01 -3.299020e-01 4.276992e-03 -2.346563e-05 7.255613e-03
315.000 255.000 1.687345e+03 1.475639e+03 6.693232e-02 5.611429e+01 1.680836e+03 1.481942e+03 6.288602e-02 5.612727e+01 -4.278063e-01 4.486083e-03 5.098227e-05 8.816625e-03
315.000 285.000 1.831414e+03 1.091987e+03 2.529339e-01 5.231037e+01 1.819965e+03 1.101956e+03 2.457319e-01 5.239736e+01 -4.110802e-01 4.894626e-03 9.727232e-05 1.269374e-02
315.000 315.000 1.865189e+03 1.080735e+03 2.662847e-01 5.231669e+01 1.849135e+03 1.092143e+03 2.573684e-01 5.240660e+01 -2.842055e-01 5.094850e-03 1.204085e-04 1.052227e-02
315.000 345.000 1.776928e+03 1.391459e+03 1.216610e-01 5.587030e+01 1.761514e+03 1.403655e+03 1.130616e-01 5.589909e+01 -8.117817e-02 4.911742e-03 1.088085e-04 3.630537e-03
345.000 15.000 1.364514e+03 1.297753e+03 2.507662e-02 5.158093e+01 1.341272e+03 1.318614e+03 8.518328e-03 5.157221e+01 1.545096e-01 3.725676e-03 2.270117e-04 -2.509319e-03
345.000 45.000 7.247352e+02 1.362008e+03 -3.053912e-01 4.349857e+01 7.044687e+02 1.391872e+03 -3.279064e-01 4.325433e+01 3.751913e-01 5.528188e-03 3.670328e-04 -1.564609e-02
345.000 75.000 1.127065e+03 1.894074e+03 -2.538807e-01 5.316399e+01 1.085708e+03 1.932326e+03 -2.805197e-01 5.273084e+01 4.953407e-01 6.229389e-03 3.557578e-04 -1.409265e-02
345.000 105.000 8.705486e+02 1.262157e+03 -1.836206e-01 4.539602e+01 8.483737e+02 1.287135e+03 -2.054598e-01 4.522567e+01 4.827640e-01 5.510853e-03 3.408153e-04 -1.467936e-02
345.000 135.000 1.000289e+03 1.588345e+03 -2.271687e-01 4.954842e+01 9.871217e+02 1.600657e+03 -2.370895e-01 4.941979e+01 3.408311e-01 3.699904e-03 1.417640e-04 -1.146353e-02
345.000 165.000 1.437222e+03 9.704494e+02 1.938689e-01 4.813708e+01 1.440282e+03 9.668539e+02 1.966769e-01 4.810430e+01 1.075727e-01 2.333425e-03 -4.126205e-05 1.792717e-03
345.000 195.000 1.435470e+03 7.720429e+02 3.005315e-01 4.481219e+01 1.455589e+03 7.586147e+02 3.147742e-01 4.466334e+01 -1.545096e-01 3.725676e-03 -2.251143e-04 1.015441e-02
345.000 225.000 1.155125e+03 7.206331e+02 2.316354e-01 4.213211e+01 1.178940e+03 7.030611e+02 2.528579e-01 4.197227e+01 -3.751913e-01 5.528188e-03 -3.568545e-04 1.440295e-02
345.000 255.000 1.394251e+03 9.704927e+02 1.791983e-01 4.784147e+01 1.423981e+03 9.395121e+02 2.049800e-01 4.758347e+01 -4.953407e-01 6.229389e-03 -3.820885e-04 1.409946e-02
345.000 285.000 1.320793e+03 1.137403e+03 7.460329e-02 4.944203e+01 1.345226e+03 1.106114e+03 9.754325e-02 4.927490e+01 -4.827640e-01 5.510853e-03 -3.286361e-04 1.127315e-02
345.000 315.000 1.337294e+03 1.155563e+03 7.290075e-02 4.979567e+01 1.347662e+03 1.137782e+03 8.444368e-02 4.967617e+01 -3.408311e-01 3.699905e-03 -1.641083e-04 8.308590e-03
345.000 345.000 1.182804e+03 1.309282e+03 -5.075191e-02 4.985646e+01 1.181679e+03 1.312727e+03 -5.253660e-02 4.987505e+01 -1.075728e-01 2.333425e-03 2.530725e-05 1.139689e-03
