  #t  #Q2   A1M1_AVG      A_1M1     dA_1M1   A0P1_AVG      A_0P1     dA_0P1   A2M1_AVG      A_2M1     dA_2M1   A3M1_AVG      A_3M1     dA_3M1   A1P1_AVG      A_1P1     dA_1P1       Asym      Astat          t         tp         xb         Q2          W     Dilute
   9    0 -1.005e-01 -5.855e-02 2.4298e-03  3.664e-01  3.733e-01 2.3664e-03 -2.777e-02  5.151e-03 2.3890e-03 -4.118e-03 -1.040e-02 2.3450e-03  5.368e-02  5.034e-02 2.3320e-03 -2.1576e-02 4.9307e-03 6.8778e-01 1.9111e-01 4.6084e-01 6.0023e+00 2.8061e+00 4.9761e-01
   Phi   PhiS      N_U_avg      N_D_avg     Asym_avg    dAsym_avg      N_U_fit      N_D_fit     Asym_fit    dAsym_fit     Asym_cal    dAsym_cal     GOOD_fit     GOOD_cal
15.000 15.000 0.000000e+00 8.734673e+01 -1.000000e+00 2.000000e+00 0.000000e+00 8.804709e+01 -1.000000e+00 2.000000e+00 1.179203e-01 1.868622e-03 0.000000e+00 -5.589599e-01
15.000 45.000 0.000000e+00 3.023673e+01 -1.000000e+00 2.000000e+00 0.000000e+00 2.993012e+01 -1.000000e+00 2.000000e+00 3.355005e-01 2.955823e-03 0.000000e+00 -6.677495e-01
15.000 75.000 0.000000e+00 0.000000e+00         -nan         -nan 0.000000e+00 0.000000e+00         -nan         -nan 4.631836e-01 4.395374e-03         -nan         -nan
15.000 105.000 0.000000e+00 1.139860e+02 -1.000000e+00 2.000000e+00 0.000000e+00 1.113899e+02 -1.000000e+00 2.000000e+00 4.667570e-01 4.965541e-03 0.000000e+00 -7.333762e-01
15.000 135.000 0.000000e+00 0.000000e+00         -nan         -nan 0.000000e+00 0.000000e+00         -nan         -nan 3.452633e-01 4.405843e-03         -nan         -nan
15.000 165.000 0.000000e+00 4.988169e+01 -1.000000e+00 2.000000e+00 0.000000e+00 4.963027e+01 -1.000000e+00 2.000000e+00 1.312565e-01 2.971369e-03 0.000000e+00 -5.656276e-01
15.000 195.000 9.112657e+01 5.730203e+01 2.278843e-01 1.186257e+01 9.116428e+01 5.695069e+01 2.309935e-01 1.184111e+01 -1.179203e-01 1.868622e-03 -1.855017e-04 2.915090e-02
15.000 225.000 2.757120e+01 0.000000e+00 1.000000e+00 2.000000e+00 2.739774e+01 0.000000e+00 1.000000e+00 2.000000e+00 -3.355005e-01 2.955823e-03 0.000000e+00 6.677495e-01
15.000 255.000 0.000000e+00 5.005203e+01 -1.000000e+00 2.000000e+00 0.000000e+00 5.190506e+01 -1.000000e+00 2.000000e+00 -4.631836e-01 4.395374e-03 0.000000e+00 -2.684076e-01
15.000 285.000 0.000000e+00 0.000000e+00         -nan         -nan 0.000000e+00 0.000000e+00         -nan         -nan -4.667570e-01 4.965541e-03         -nan         -nan
15.000 315.000 3.545670e+01 0.000000e+00 1.000000e+00 2.000000e+00 3.462550e+01 0.000000e+00 1.000000e+00 2.000000e+00 -3.452633e-01 4.405843e-03 0.000000e+00 6.726300e-01
15.000 345.000 1.085124e+01 6.138155e+01 -6.995481e-01 6.073253e+00 1.071484e+01 6.301658e+01 -7.093548e-01 6.052350e+00 -1.312566e-01 2.971369e-03 1.143750e-03 -9.357283e-02
45.000 15.000 0.000000e+00 0.000000e+00         -nan         -nan 0.000000e+00 0.000000e+00         -nan         -nan 1.069067e-01 3.921612e-03         -nan         -nan
45.000 45.000 6.687425e+01 4.073293e+01 2.429329e-01 1.006263e+01 6.340405e+01 4.058388e+01 2.194502e-01 9.948871e+00 3.075453e-01 4.073185e-03 1.659497e-03 -6.421017e-03
45.000 75.000 8.354680e+00 4.884491e+01 -7.078763e-01 5.342052e+00 8.531671e+00 4.863196e+01 -7.015000e-01 5.388254e+00 4.257773e-01 3.909727e-03 -8.403556e-04 -2.122131e-01
45.000 105.000 2.514344e+01 0.000000e+00 1.000000e+00 2.000000e+00 2.505917e+01 0.000000e+00 1.000000e+00 2.000000e+00 4.299227e-01 3.573417e-03 0.000000e+00 2.850382e-01
45.000 135.000 0.000000e+00 0.000000e+00         -nan         -nan 0.000000e+00 0.000000e+00         -nan         -nan 3.188707e-01 3.399634e-03         -nan         -nan
45.000 165.000 9.147298e+01 1.157482e+02 -1.171463e-01 1.429606e+01 9.552943e+01 1.119802e+02 -7.927732e-02 1.435986e+01 1.223775e-01 3.586416e-03 -1.868887e-03 -1.675453e-02
45.000 195.000 1.873515e+01 0.000000e+00 1.000000e+00 2.000000e+00 1.920876e+01 0.000000e+00 1.000000e+00 2.000000e+00 -1.069067e-01 3.921612e-03 0.000000e+00 5.534523e-01
45.000 225.000 5.164211e+01 1.649588e+01 5.158096e-01 7.071720e+00 5.259934e+01 1.672536e+01 5.174776e-01 7.124656e+00 -3.075452e-01 4.073185e-03 -1.661585e-04 1.164292e-01
45.000 255.000 0.000000e+00 4.901460e+01 -1.000000e+00 2.000000e+00 0.000000e+00 4.813228e+01 -1.000000e+00 2.000000e+00 -4.257773e-01 3.909727e-03 0.000000e+00 -2.871108e-01
45.000 285.000 0.000000e+00 8.618478e+01 -1.000000e+00 2.000000e+00 0.000000e+00 8.560484e+01 -1.000000e+00 2.000000e+00 -4.299227e-01 3.573417e-03 0.000000e+00 -2.850382e-01
45.000 315.000 0.000000e+00 0.000000e+00         -nan         -nan 0.000000e+00 0.000000e+00         -nan         -nan -3.188707e-01 3.399634e-03         -nan         -nan
45.000 345.000 8.539715e+01 2.739457e+01 5.142450e-01 9.108468e+00 8.298718e+01 2.826870e+01 4.918255e-01 9.183896e+00 -1.223775e-01 3.586416e-03 1.733276e-03 6.989348e-02
75.000 15.000 4.818383e+01 6.265417e+01 -1.305540e-01 1.043786e+01 4.609510e+01 6.415051e+01 -1.637744e-01 1.035802e+01 1.050937e-01 3.803907e-03 2.259123e-03 -2.257625e-02
75.000 45.000 2.785710e+00 1.494155e+02 -9.633944e-01 3.307400e+00 2.776481e+00 1.535164e+02 -9.644708e-01 3.302822e+00 2.832592e-01 3.698591e-03 2.302877e-04 -3.769283e-01
75.000 75.000 9.283844e+01 1.661854e+01 6.963458e-01 7.508766e+00 8.988148e+01 1.661416e+01 6.879842e-01 7.489252e+00 3.855256e-01 3.644728e-03 7.884408e-04 4.139430e-02
75.000 105.000 3.657021e+01 5.903463e+01 -2.349716e-01 9.504017e+00 3.697016e+01 6.108260e+01 -2.459129e-01 9.598083e+00 3.844908e-01 3.698465e-03 8.100266e-04 -6.517899e-02
75.000 135.000 2.420314e+01 1.249198e+02 -6.753935e-01 9.005530e+00 2.445199e+01 1.242496e+02 -6.711268e-01 9.040174e+00 2.804319e-01 3.803784e-03 -3.343737e-04 -1.061376e-01
75.000 165.000 4.402065e+01 9.096668e+01 -3.477810e-01 1.089314e+01 4.480829e+01 8.914415e+01 -3.309821e-01 1.092145e+01 1.012316e-01 3.855425e-03 -1.089055e-03 -4.121978e-02
75.000 195.000 5.539949e+01 1.061930e+02 -3.143309e-01 1.206758e+01 5.664272e+01 1.015274e+02 -2.837746e-01 1.205956e+01 -1.050936e-01 3.803907e-03 -1.791057e-03 -1.733879e-02
75.000 225.000 3.696367e+01 1.033972e+02 -4.733052e-01 1.043636e+01 3.905908e+01 9.797272e+01 -4.299268e-01 1.056898e+01 -2.832591e-01 3.698591e-03 -2.920453e-03 -1.821000e-02
75.000 255.000 3.192674e+01 8.976273e+01 -4.752752e-01 9.705744e+00 3.241499e+01 8.448958e+01 -4.454453e-01 9.680299e+00 -3.855256e-01 3.644728e-03 -2.176090e-03 -9.247057e-03
75.000 285.000 7.174871e+01 6.036301e+00 8.447953e-01 4.719267e+00 7.196340e+01 6.104473e+00 8.436111e-01 4.744318e+00 -3.844908e-01 3.698465e-03 1.769544e-04 2.604823e-01
75.000 315.000 7.444717e+01 7.103806e+01 2.343269e-02 1.205841e+01 7.344672e+01 7.082256e+01 1.818932e-02 1.200923e+01 -2.804320e-01 3.803784e-03 3.080996e-04 2.519939e-02
75.000 345.000 5.988754e+01 7.761410e+01 -1.289189e-01 1.162826e+01 5.815144e+01 8.061180e+01 -1.618611e-01 1.162445e+01 -1.012316e-01 3.855425e-03 2.003522e-03 -2.381032e-03
105.000 15.000 4.390518e+02 4.039884e+02 4.159157e-02 2.901003e+01 4.355438e+02 4.071484e+02 3.369614e-02 2.901268e+01 8.933636e-02 3.855425e-03 1.924389e-04 -1.645803e-03
105.000 45.000 4.089384e+02 4.228354e+02 -1.670765e-02 2.883646e+01 4.018460e+02 4.270275e+02 -3.038046e-02 2.877687e+01 2.501604e-01 3.803784e-03 3.356211e-04 -9.254533e-03
105.000 75.000 3.614647e+02 4.471038e+02 -1.059144e-01 2.827540e+01 3.565287e+02 4.514598e+02 -1.174907e-01 2.822827e+01 3.439541e-01 3.698465e-03 2.897395e-04 -1.591025e-02
105.000 105.000 3.106483e+02 4.816939e+02 -2.158734e-01 2.748487e+01 3.076659e+02 4.856134e+02 -2.243189e-01 2.744745e+01 3.455856e-01 3.644728e-03 2.174249e-04 -2.042793e-02
105.000 135.000 3.164030e+02 4.913613e+02 -2.165958e-01 2.774651e+01 3.148542e+02 4.939833e+02 -2.214649e-01 2.773385e+01 2.546177e-01 3.698591e-03 1.241156e-04 -1.698280e-02
105.000 165.000 3.284558e+02 4.040285e+02 -1.031731e-01 2.692002e+01 3.293748e+02 4.028308e+02 -1.003215e-01 2.692279e+01 9.542526e-02 3.803907e-03 -7.489880e-05 -7.377350e-03
105.000 195.000 4.288763e+02 4.153233e+02 1.605427e-02 2.905137e+01 4.328496e+02 4.117928e+02 2.492986e-02 2.905370e+01 -8.933634e-02 3.855425e-03 -2.160221e-04 3.627733e-03
105.000 225.000 3.789170e+02 3.621012e+02 2.269283e-02 2.721464e+01 3.826785e+02 3.544321e+02 3.832048e-02 2.712984e+01 -2.501603e-01 3.803784e-03 -4.066801e-04 1.002597e-02
105.000 255.000 4.992560e+02 3.895854e+02 1.233859e-01 2.958563e+01 5.043508e+02 3.810800e+02 1.392213e-01 2.946640e+01 -3.439541e-01 3.698465e-03 -3.792327e-04 1.579618e-02
105.000 285.000 5.378954e+02 3.637943e+02 1.930832e-01 2.946309e+01 5.441306e+02 3.603456e+02 2.031950e-01 2.944710e+01 -3.455856e-01 3.644728e-03 -2.427449e-04 1.828284e-02
105.000 315.000 4.560310e+02 3.769088e+02 9.499146e-02 2.873019e+01 4.578422e+02 3.740395e+02 1.007388e-01 2.869564e+01 -2.546178e-01 3.698591e-03 -1.415375e-04 1.216870e-02
105.000 345.000 4.264989e+02 3.730888e+02 6.679708e-02 2.821383e+01 4.255801e+02 3.738434e+02 6.471758e-02 2.821480e+01 -9.542528e-02 3.803907e-03 5.211639e-05 5.749747e-03
135.000 15.000 6.326270e+02 6.489774e+02 -1.275775e-02 3.579659e+01 6.324417e+02 6.490066e+02 -1.292672e-02 3.579433e+01 6.090588e-02 3.586416e-03 3.337821e-06 -2.057839e-03
135.000 45.000 5.882301e+02 7.820289e+02 -1.414322e-01 3.664491e+01 5.817466e+02 7.888839e+02 -1.511256e-01 3.659681e+01 2.017707e-01 3.399634e-03 1.871680e-04 -9.365635e-03
135.000 75.000 5.106206e+02 6.625300e+02 -1.294884e-01 3.396292e+01 5.011134e+02 6.710175e+02 -1.449531e-01 3.387481e+01 2.885711e-01 3.573417e-03 3.223920e-04 -1.230929e-02
135.000 105.000 5.738159e+02 8.157316e+02 -1.740968e-01 3.670737e+01 5.621161e+02 8.294106e+02 -1.920872e-01 3.660851e+01 2.980492e-01 3.909727e-03 3.470240e-04 -1.286243e-02
135.000 135.000 5.246732e+02 6.309687e+02 -9.197957e-02 3.385063e+01 5.158937e+02 6.397892e+02 -1.072054e-01 3.379942e+01 2.276653e-01 4.073185e-03 3.182939e-04 -9.442804e-03
135.000 165.000 4.897470e+02 7.661379e+02 -2.200767e-01 3.456961e+01 4.853306e+02 7.732131e+02 -2.287425e-01 3.453538e+01 9.627859e-02 3.921612e-03 1.773444e-04 -9.151254e-03
135.000 195.000 7.361038e+02 6.098343e+02 9.381522e-02 3.652523e+01 7.370353e+02 6.094424e+02 9.476048e-02 3.652926e+01 -6.090586e-02 3.586416e-03 -1.829868e-05 4.236006e-03
135.000 225.000 6.751418e+02 5.733460e+02 8.153532e-02 3.521630e+01 6.808047e+02 5.675031e+02 9.076421e-02 3.518557e+01 -2.017706e-01 3.399634e-03 -1.853874e-04 8.044739e-03
135.000 255.000 7.445025e+02 5.939086e+02 1.125169e-01 3.635198e+01 7.570038e+02 5.825437e+02 1.302381e-01 3.628810e+01 -2.885711e-01 3.573417e-03 -3.450088e-04 1.103346e-02
135.000 285.000 7.731817e+02 5.893273e+02 1.349381e-01 3.657458e+01 7.868608e+02 5.764631e+02 1.543271e-01 3.648087e+01 -2.980492e-01 3.909727e-03 -3.753327e-04 1.183848e-02
135.000 315.000 6.317848e+02 5.794349e+02 4.322081e-02 3.477006e+01 6.407217e+02 5.693740e+02 5.896036e-02 3.472591e+01 -2.276653e-01 4.073185e-03 -3.202931e-04 7.790786e-03
135.000 345.000 6.054310e+02 7.249090e+02 -8.981017e-02 3.632643e+01 6.108060e+02 7.181404e+02 -8.076654e-02 3.633562e+01 -9.627861e-02 3.921612e-03 -1.760153e-04 1.780641e-04
165.000 15.000 5.106836e+02 5.614994e+02 -4.739470e-02 3.270741e+01 5.111274e+02 5.616409e+02 -4.708699e-02 3.271681e+01 5.469318e-02 2.971369e-03 -6.651365e-06 -3.121246e-03
165.000 45.000 4.848927e+02 6.286435e+02 -1.290939e-01 3.309047e+01 4.812182e+02 6.327473e+02 -1.360267e-01 3.306590e+01 1.727117e-01 4.405843e-03 1.482003e-04 -9.120622e-03
165.000 75.000 5.010595e+02 5.757192e+02 -6.933621e-02 3.273533e+01 4.924563e+02 5.829804e+02 -8.417432e-02 3.267747e+01 2.444522e-01 4.965541e-03 3.207973e-04 -9.585619e-03
165.000 105.000 4.351218e+02 6.028839e+02 -1.616196e-01 3.179453e+01 4.274670e+02 6.116760e+02 -1.772701e-01 3.172520e+01 2.506920e-01 4.395374e-03 3.484451e-04 -1.296801e-02
165.000 135.000 4.860178e+02 6.113835e+02 -1.142387e-01 3.291018e+01 4.785041e+02 6.193455e+02 -1.282884e-01 3.286003e+01 1.897591e-01 2.955824e-03 3.021020e-04 -9.237196e-03
165.000 165.000 5.272172e+02 5.009653e+02 2.553229e-02 3.205483e+01 5.226685e+02 5.051621e+02 1.703242e-02 3.205515e+01 7.798034e-02 1.868623e-03 1.875001e-04 -1.636198e-03
165.000 195.000 4.952657e+02 5.319507e+02 -3.571302e-02 3.202977e+01 4.952896e+02 5.321115e+02 -3.583983e-02 3.203251e+01 -5.469316e-02 2.971368e-03 2.799412e-06 5.925781e-04
165.000 225.000 5.658894e+02 4.915715e+02 7.027959e-02 3.243822e+01 5.699597e+02 4.874197e+02 7.806098e-02 3.241815e+01 -1.727117e-01 4.405843e-03 -1.696758e-04 7.490895e-03
165.000 255.000 5.963644e+02 4.656599e+02 1.230711e-01 3.234097e+01 6.033761e+02 4.584670e+02 1.364694e-01 3.228107e+01 -2.444522e-01 4.965541e-03 -2.932139e-04 1.136402e-02
165.000 285.000 5.590995e+02 4.405540e+02 1.185865e-01 3.139420e+01 5.669953e+02 4.335040e+02 1.334247e-01 3.134786e+01 -2.506920e-01 4.395375e-03 -3.344538e-04 1.176264e-02
165.000 315.000 6.150333e+02 5.414042e+02 6.366890e-02 3.393744e+01 6.238423e+02 5.327607e+02 7.874917e-02 3.390325e+01 -1.897591e-01 2.955824e-03 -3.143648e-04 7.467505e-03
165.000 345.000 5.395640e+02 4.496722e+02 9.086988e-02 3.132200e+01 5.442681e+02 4.457517e+02 9.950951e-02 3.130841e+01 -7.798035e-02 1.868623e-03 -1.950855e-04 5.390787e-03
195.000 15.000 4.707280e+02 6.258458e+02 -1.414568e-01 3.278157e+01 4.665143e+02 6.310919e+02 -1.499422e-01 3.275560e+01 7.798032e-02 1.868622e-03 1.831057e-04 -6.693917e-03
195.000 45.000 5.706212e+02 7.327908e+02 -1.244193e-01 3.582227e+01 5.623812e+02 7.428084e+02 -1.382383e-01 3.578055e+01 1.897591e-01 2.955824e-03 2.729371e-04 -8.770475e-03
195.000 75.000 4.921386e+02 5.902174e+02 -9.061607e-02 3.276383e+01 4.835737e+02 5.991146e+02 -1.067167e-01 3.271633e+01 2.506920e-01 4.395375e-03 3.477344e-04 -1.041722e-02
195.000 105.000 5.672262e+02 5.565322e+02 9.516277e-03 3.352099e+01 5.575488e+02 5.626681e+02 -4.569949e-03 3.346929e+01 2.444522e-01 4.965541e-03 2.973704e-04 -7.008623e-03
195.000 135.000 4.711600e+02 5.367312e+02 -6.505784e-02 3.168004e+01 4.678555e+02 5.401530e+02 -7.172312e-02 3.166738e+01 1.727117e-01 4.405843e-03 1.488004e-04 -7.505341e-03
195.000 165.000 5.799919e+02 5.436033e+02 3.238584e-02 3.350249e+01 5.796219e+02 5.429887e+02 3.263221e-02 3.348754e+01 5.469319e-02 2.971368e-03 -5.201100e-06 -6.658417e-04
195.000 195.000 5.840085e+02 4.721286e+02 1.059332e-01 3.231540e+01 5.886847e+02 4.679640e+02 1.142487e-01 3.229329e+01 -7.798031e-02 1.868622e-03 -1.820182e-04 5.691202e-03
195.000 225.000 5.604038e+02 5.105833e+02 4.651827e-02 3.269051e+01 5.678196e+02 5.030484e+02 6.048475e-02 3.266421e+01 -1.897591e-01 2.955823e-03 -3.022211e-04 7.227704e-03
195.000 255.000 6.482400e+02 4.886364e+02 1.403879e-01 3.338368e+01 6.580422e+02 4.791412e+02 1.573194e-01 3.330223e+01 -2.506920e-01 4.395375e-03 -3.590693e-04 1.171470e-02
195.000 285.000 6.054720e+02 5.403424e+02 5.684132e-02 3.379515e+01 6.132380e+02 5.315598e+02 7.134727e-02 3.374863e+01 -2.444522e-01 4.965541e-03 -3.037216e-04 8.915289e-03
195.000 315.000 5.516713e+02 5.124195e+02 3.688772e-02 3.259820e+01 5.552146e+02 5.081298e+02 4.427991e-02 3.257698e+01 -1.727117e-01 4.405843e-03 -1.604006e-04 6.429785e-03
195.000 345.000 6.295857e+02 5.635432e+02 5.535235e-02 3.448874e+01 6.296060e+02 5.639051e+02 5.504839e-02 3.449485e+01 -5.469321e-02 2.971368e-03 6.231448e-06 3.190767e-03
225.000 15.000 6.577688e+02 6.159207e+02 3.285584e-02 3.566952e+01 6.515301e+02 6.210920e+02 2.391764e-02 3.566362e+01 9.627858e-02 3.921612e-03 1.772041e-04 -1.778065e-03
225.000 45.000 6.114914e+02 7.529325e+02 -1.036635e-01 3.673910e+01 6.002593e+02 7.641531e+02 -1.201204e-01 3.667050e+01 2.276653e-01 4.073185e-03 3.170361e-04 -9.018424e-03
225.000 75.000 5.883548e+02 7.140400e+02 -9.650317e-02 3.592027e+01 5.764114e+02 7.276170e+02 -1.159527e-01 3.586775e+01 2.980492e-01 3.909727e-03 3.831534e-04 -1.098412e-02
225.000 105.000 4.993943e+02 7.467021e+02 -1.984660e-01 3.459789e+01 4.908065e+02 7.581948e+02 -2.140817e-01 3.452185e+01 2.885711e-01 3.573417e-03 3.195015e-04 -1.407707e-02
225.000 135.000 6.084554e+02 6.967578e+02 -6.765364e-02 3.604496e+01 6.003315e+02 7.032151e+02 -7.892586e-02 3.599203e+01 2.017707e-01 3.399634e-03 2.212936e-04 -7.474673e-03
225.000 165.000 6.310904e+02 6.817207e+02 -3.856632e-02 3.620578e+01 6.307976e+02 6.826252e+02 -3.945994e-02 3.621295e+01 6.090589e-02 3.586416e-03 1.745076e-05 -2.747412e-03
225.000 195.000 5.576106e+02 7.601151e+02 -1.536772e-01 3.586928e+01 5.621584e+02 7.536081e+02 -1.455043e-01 3.588746e+01 -9.627856e-02 3.921612e-03 -1.610748e-04 -1.600218e-03
225.000 225.000 7.103176e+02 6.191478e+02 6.857629e-02 3.637600e+01 7.210745e+02 6.088862e+02 8.435463e-02 3.633865e+01 -2.276653e-01 4.073185e-03 -3.068700e-04 8.143874e-03
225.000 255.000 8.008806e+02 5.797043e+02 1.602047e-01 3.667631e+01 8.133989e+02 5.680622e+02 1.775922e-01 3.657720e+01 -2.980492e-01 3.909727e-03 -3.356776e-04 1.249455e-02
225.000 285.000 7.532171e+02 6.389527e+02 8.207651e-02 3.718590e+01 7.653028e+02 6.279325e+02 9.859804e-02 3.714419e+01 -2.885711e-01 3.573417e-03 -3.143406e-04 9.967424e-03
225.000 315.000 7.725719e+02 5.274732e+02 1.885310e-01 3.540955e+01 7.791025e+02 5.219226e+02 1.976748e-01 3.535799e+01 -2.017707e-01 3.399634e-03 -1.827305e-04 1.102250e-02
225.000 345.000 6.323837e+02 6.918380e+02 -4.489755e-02 3.635316e+01 6.328224e+02 6.898920e+02 -4.314578e-02 3.633527e+01 -6.090591e-02 3.586416e-03 -3.408207e-05 4.403566e-04
255.000 15.000 3.516869e+02 4.692002e+02 -1.431541e-01 2.835603e+01 3.524620e+02 4.680960e+02 -1.409212e-01 2.835953e+01 9.542524e-02 3.803907e-03 -5.567671e-05 -8.413705e-03
255.000 45.000 3.519426e+02 4.204292e+02 -8.867045e-02 2.768211e+01 3.504635e+02 4.218903e+02 -9.247935e-02 2.767216e+01 2.546177e-01 3.698591e-03 9.731143e-05 -1.240108e-02
255.000 75.000 3.808026e+02 4.523222e+02 -8.584508e-02 2.875735e+01 3.762086e+02 4.574180e+02 -9.741695e-02 2.873527e+01 3.455856e-01 3.644729e-03 2.846470e-04 -1.500245e-02
255.000 105.000 3.757113e+02 4.368927e+02 -7.529060e-02 2.842530e+01 3.716469e+02 4.412378e+02 -8.560975e-02 2.840646e+01 3.439541e-01 3.698465e-03 2.567839e-04 -1.474900e-02
255.000 135.000 3.350635e+02 4.982864e+02 -1.958636e-01 2.830866e+01 3.311959e+02 5.073144e+02 -2.100373e-01 2.831111e+01 2.501604e-01 3.803784e-03 3.540213e-04 -1.575574e-02
255.000 165.000 4.009724e+02 3.343270e+02 9.063706e-02 2.700479e+01 3.979002e+02 3.367369e+02 8.325645e-02 2.701009e+01 8.933637e-02 3.855425e-03 1.932384e-04 4.816511e-05
255.000 195.000 4.105378e+02 3.906140e+02 2.486888e-02 2.829587e+01 4.097522e+02 3.930114e+02 2.085396e-02 2.832692e+01 -9.542522e-02 3.803907e-03 1.002770e-04 4.251295e-03
255.000 225.000 5.215596e+02 3.692049e+02 1.710380e-01 2.940589e+01 5.244896e+02 3.675097e+02 1.759865e-01 2.940022e+01 -2.546177e-01 3.698591e-03 -1.190040e-04 1.447519e-02
255.000 255.000 4.705569e+02 3.418322e+02 1.584520e-01 2.814236e+01 4.760576e+02 3.380054e+02 1.695842e-01 2.811853e+01 -3.455856e-01 3.644729e-03 -2.798271e-04 1.791028e-02
255.000 285.000 5.610369e+02 3.785813e+02 1.941805e-01 3.006973e+01 5.688076e+02 3.700183e+02 2.117424e-01 2.994551e+01 -3.439541e-01 3.698465e-03 -4.138311e-04 1.789622e-02
255.000 315.000 4.415088e+02 3.631176e+02 9.742557e-02 2.823099e+01 4.499643e+02 3.580345e+02 1.137747e-01 2.824074e+01 -2.501604e-01 3.803784e-03 -4.094278e-04 1.231221e-02
255.000 345.000 3.797698e+02 4.165222e+02 -4.615448e-02 2.818857e+01 3.824324e+02 4.123245e+02 -3.761162e-02 2.817149e+01 -8.933639e-02 3.855425e-03 -2.143615e-04 1.531894e-03
285.000 15.000 7.453390e+01 4.588261e+01 2.379349e-01 1.065830e+01 7.738960e+01 4.528154e+01 2.617409e-01 1.068958e+01 1.012316e-01 3.855425e-03 -1.577052e-03 1.282600e-02
285.000 45.000 1.547818e+01 6.911788e+00 3.825995e-01 4.371781e+00 1.564671e+01 6.872042e+00 3.896604e-01 4.370310e+00 2.804319e-01 3.803784e-03 -1.142241e-03 2.336978e-02
285.000 75.000 4.021662e+01 1.972643e+01 3.418277e-01 7.275915e+00 4.067781e+01 1.964122e+01 3.487554e-01 7.278902e+00 3.844907e-01 3.698465e-03 -6.731301e-04 -5.863600e-03
285.000 105.000 6.265751e+01 1.000077e+02 -2.296139e-01 1.241326e+01 6.190031e+01 1.032339e+02 -2.503032e-01 1.244140e+01 3.855256e-01 3.644728e-03 1.177209e-03 -4.955502e-02
285.000 135.000 5.416151e+01 2.530832e+01 3.630709e-01 8.306268e+00 5.165928e+01 2.540346e+01 3.407071e-01 8.253314e+00 2.832592e-01 3.698591e-03 1.909892e-03 9.608618e-03
285.000 165.000 8.708619e+00 2.880127e+01 -5.356628e-01 5.171751e+00 8.622363e+00 2.961271e+01 -5.489815e-01 5.168342e+00 1.050937e-01 3.803907e-03 1.821608e-03 -1.238954e-01
285.000 195.000 6.349114e+01 4.758491e+01 1.432013e-01 1.043064e+01 6.236279e+01 4.814289e+01 1.286803e-01 1.042477e+01 -1.012316e-01 3.855425e-03 9.846723e-04 2.343412e-02
285.000 225.000 2.940801e+01 6.693236e+01 -3.894977e-01 9.040173e+00 2.911782e+01 6.725791e+01 -3.957438e-01 9.015654e+00 -2.804319e-01 3.803784e-03 4.892177e-04 -1.206457e-02
285.000 255.000 5.314579e+01 2.279309e+01 3.996991e-01 7.987924e+00 5.340757e+01 2.275314e+01 4.024966e-01 7.988893e+00 -3.844907e-01 3.698465e-03 -2.476236e-04 9.817191e-02
285.000 285.000 8.822637e+01 1.157857e+01 7.679760e-01 6.398537e+00 9.036554e+01 1.161043e+01 7.722908e-01 6.415148e+00 -3.855256e-01 3.644728e-03 -4.762213e-04 1.802758e-01
285.000 315.000 1.034896e+02 6.364562e+01 2.383936e-01 1.255534e+01 1.075494e+02 6.094719e+01 2.765768e-01 1.247427e+01 -2.832592e-01 3.698591e-03 -2.157400e-03 4.154827e-02
285.000 345.000 7.170914e+01 7.343849e+01 -1.191443e-02 1.204687e+01 7.477897e+01 7.069497e+01 2.807375e-02 1.205650e+01 -1.050937e-01 3.803907e-03 -2.346220e-03 7.734730e-03
315.000 15.000 3.383322e+01 0.000000e+00 1.000000e+00 2.000000e+00 3.493732e+01 0.000000e+00 1.000000e+00 2.000000e+00 1.223774e-01 3.586416e-03 0.000000e+00 4.388106e-01
315.000 45.000 4.430122e+01 7.880825e+01 -2.802955e-01 1.065069e+01 4.578933e+01 7.695373e+01 -2.538995e-01 1.071590e+01 3.188706e-01 3.399634e-03 -1.747096e-03 -5.625606e-02
315.000 75.000 7.018571e+00 0.000000e+00 1.000000e+00 2.000000e+00 7.252819e+00 0.000000e+00 1.000000e+00 2.000000e+00 4.299227e-01 3.573417e-03 0.000000e+00 2.850382e-01
315.000 105.000 6.292772e+01 0.000000e+00 1.000000e+00 2.000000e+00 6.161518e+01 0.000000e+00 1.000000e+00 2.000000e+00 4.257773e-01 3.909727e-03 0.000000e+00 2.871108e-01
315.000 135.000 2.345778e+01 2.813208e+01 -9.060500e-02 7.153066e+00 2.267399e+01 2.865135e+01 -1.164602e-01 7.115421e+00 3.075453e-01 4.073185e-03 2.562620e-03 -5.566148e-02
315.000 165.000 3.942919e+01 0.000000e+00 1.000000e+00 2.000000e+00 3.892444e+01 0.000000e+00 1.000000e+00 2.000000e+00 1.069067e-01 3.921612e-03 0.000000e+00 4.465458e-01
315.000 195.000 0.000000e+00 2.086150e+01 -1.000000e+00 2.000000e+00 0.000000e+00 2.125631e+01 -1.000000e+00 2.000000e+00 -1.223774e-01 3.586416e-03 0.000000e+00 -4.388106e-01
315.000 225.000 3.832952e+01 0.000000e+00 1.000000e+00 2.000000e+00 3.798220e+01 0.000000e+00 1.000000e+00 2.000000e+00 -3.188706e-01 3.399634e-03 0.000000e+00 6.594344e-01
315.000 255.000 7.409872e+01 2.986327e+01 4.254963e-01 9.227132e+00 7.255222e+01 3.092307e+01 4.023100e-01 9.312758e+00 -4.299227e-01 3.573417e-03 1.768624e-03 9.270692e-02
315.000 285.000 1.082069e+01 2.404016e+01 -3.792068e-01 5.463327e+00 1.068684e+01 2.443703e+01 -3.914772e-01 5.453529e+00 -4.257773e-01 3.909727e-03 1.589554e-03 8.524213e-03
315.000 315.000 1.350920e+02 1.162270e+01 8.415605e-01 6.542769e+00 1.396864e+02 1.144771e+01 8.485092e-01 6.505567e+00 -3.075453e-01 4.073185e-03 -7.531257e-04 1.756299e-01
315.000 345.000 0.000000e+00 1.903950e+01 -1.000000e+00 2.000000e+00 0.000000e+00 1.853390e+01 -1.000000e+00 2.000000e+00 -1.069067e-01 3.921612e-03 0.000000e+00 -4.465458e-01
345.000 15.000 0.000000e+00 0.000000e+00         -nan         -nan 0.000000e+00 0.000000e+00         -nan         -nan 1.312565e-01 2.971369e-03         -nan         -nan
345.000 45.000 0.000000e+00 1.596392e+01 -1.000000e+00 2.000000e+00 0.000000e+00 1.564633e+01 -1.000000e+00 2.000000e+00 3.452633e-01 4.405843e-03 0.000000e+00 -6.726300e-01
345.000 75.000 0.000000e+00 5.346146e+01 -1.000000e+00 2.000000e+00 0.000000e+00 5.209289e+01 -1.000000e+00 2.000000e+00 4.667570e-01 4.965541e-03 0.000000e+00 -7.333762e-01
345.000 105.000 3.498248e+01 4.729229e+01 -1.496183e-01 8.968444e+00 3.576084e+01 4.686993e+01 -1.344426e-01 9.007621e+00 4.631836e-01 4.395374e-03 -1.193904e-03 -6.832866e-02
345.000 135.000 1.278430e+01 0.000000e+00 1.000000e+00 2.000000e+00 1.314002e+01 0.000000e+00 1.000000e+00 2.000000e+00 3.355005e-01 2.955824e-03 0.000000e+00 3.322494e-01
345.000 165.000 3.629171e+01 3.181847e+01 6.567661e-02 8.235071e+00 3.603984e+01 3.170747e+01 6.394888e-02 8.214028e+00 1.179203e-01 1.868623e-03 1.485411e-04 -6.344054e-03
345.000 195.000 0.000000e+00 0.000000e+00         -nan         -nan 0.000000e+00 0.000000e+00         -nan         -nan -1.312565e-01 2.971369e-03         -nan         -nan
345.000 225.000 7.389975e+01 0.000000e+00 1.000000e+00 2.000000e+00 7.228175e+01 0.000000e+00 1.000000e+00 2.000000e+00 -3.452632e-01 4.405843e-03 0.000000e+00 6.726300e-01
345.000 255.000 0.000000e+00 0.000000e+00         -nan         -nan 0.000000e+00 0.000000e+00         -nan         -nan -4.667570e-01 4.965541e-03         -nan         -nan
345.000 285.000 0.000000e+00 0.000000e+00         -nan         -nan 0.000000e+00 0.000000e+00         -nan         -nan -4.631836e-01 4.395374e-03         -nan         -nan
345.000 315.000 9.159151e+01 0.000000e+00 1.000000e+00 2.000000e+00 9.167803e+01 0.000000e+00 1.000000e+00 2.000000e+00 -3.355005e-01 2.955824e-03 0.000000e+00 6.677495e-01
345.000 345.000 1.142387e+01 0.000000e+00 1.000000e+00 2.000000e+00 1.128109e+01 0.000000e+00 1.000000e+00 2.000000e+00 -1.179204e-01 1.868623e-03 0.000000e+00 5.589599e-01
