  #t  #Q2   A1M1_AVG      A_1M1     dA_1M1   A0P1_AVG      A_0P1     dA_0P1   A2M1_AVG      A_2M1     dA_2M1   A3M1_AVG      A_3M1     dA_3M1   A1P1_AVG      A_1P1     dA_1P1       Asym      Astat          t         tp         xb         Q2          W     Dilute
   1    0 -2.603e-02 -1.707e-02 3.5860e-03  3.939e-01  3.745e-01 3.5310e-03 -2.071e-03 -2.198e-02 3.5589e-03  6.793e-04  1.876e-02 3.5359e-03  1.064e-02  1.118e-02 3.5447e-03 -7.9363e-03 1.1614e-03 3.0757e-01 1.1302e-02 4.2740e-01 5.2570e+00 2.8246e+00 7.7645e-01
   Phi   PhiS      N_U_avg      N_D_avg     Asym_avg    dAsym_avg      N_U_fit      N_D_fit     Asym_fit    dAsym_fit     Asym_cal    dAsym_cal     GOOD_fit     GOOD_cal
15.000 15.000 5.763946e+03 6.148939e+03 -3.231739e-02 1.090892e+02 5.765821e+03 6.138616e+03 -3.131560e-02 1.090539e+02 1.062089e-01 2.819665e-03 -6.494565e-06 -1.269845e-03
15.000 45.000 3.695535e+03 5.994570e+03 -2.372560e-01 9.562764e+01 3.743232e+03 5.944642e+03 -2.272336e-01 9.585218e+01 2.887175e-01 4.440827e-03 -7.402231e-05 -5.500224e-03
15.000 75.000 4.075133e+03 6.855516e+03 -2.543657e-01 1.011109e+02 4.122846e+03 6.816269e+03 -2.462194e-01 1.013703e+02 3.938645e-01 6.580330e-03 -5.689720e-05 -6.411081e-03
15.000 105.000 4.485701e+03 6.057875e+03 -1.491120e-01 1.015340e+02 4.550721e+03 5.988842e+03 -1.364498e-01 1.017022e+02 3.934758e-01 7.423618e-03 -8.810944e-05 -5.343904e-03
15.000 135.000 5.153878e+03 4.847112e+03 3.067350e-02 9.995789e+01 5.200730e+03 4.812594e+03 3.876194e-02 9.999140e+01 2.876556e-01 6.583287e-03 -5.720835e-05 -2.570904e-03
15.000 165.000 4.614248e+03 4.810848e+03 -2.085929e-02 9.706181e+01 4.635929e+03 4.789709e+03 -1.631511e-02 9.707280e+01 1.047583e-01 4.445208e-03 -3.310300e-05 -1.294202e-03
15.000 195.000 4.404091e+03 4.831379e+03 -4.626594e-02 9.599845e+01 4.394127e+03 4.838793e+03 -4.816085e-02 9.597658e+01 -1.062089e-01 2.819665e-03 1.395915e-05 6.244156e-04
15.000 225.000 5.648557e+03 3.688804e+03 2.098829e-01 9.447774e+01 5.613258e+03 3.729764e+03 2.015938e-01 9.467482e+01 -2.887175e-01 4.440827e-03 6.197461e-05 5.277438e-03
15.000 255.000 6.510070e+03 4.144996e+03 2.219671e-01 1.006484e+02 6.463940e+03 4.217354e+03 2.103290e-01 1.010385e+02 -3.938645e-01 6.580330e-03 8.160537e-05 6.118644e-03
15.000 285.000 5.553474e+03 4.307940e+03 1.263037e-01 9.850938e+01 5.488053e+03 4.382296e+03 1.120281e-01 9.872423e+01 -3.934758e-01 7.423618e-03 1.023594e-04 5.276447e-03
15.000 315.000 6.312300e+03 4.423543e+03 1.759300e-01 1.019978e+02 6.269617e+03 4.464446e+03 1.681721e-01 1.021297e+02 -2.876556e-01 6.583287e-03 5.374723e-05 4.545055e-03
15.000 345.000 5.572333e+03 5.955484e+03 -3.323705e-02 1.073083e+02 5.554626e+03 5.979767e+03 -3.685853e-02 1.073253e+02 -1.047583e-01 4.445208e-03 2.386182e-05 6.665026e-04
45.000 15.000 4.212004e+03 5.453683e+03 -1.284626e-01 9.749963e+01 4.230386e+03 5.437042e+03 -1.248167e-01 9.755417e+01 9.309048e-02 5.887952e-03 -2.643386e-05 -2.272348e-03
45.000 45.000 5.244779e+03 6.438633e+03 -1.021837e-01 1.075240e+02 5.299698e+03 6.387127e+03 -9.304749e-02 1.076366e+02 2.792093e-01 6.134684e-03 -6.005070e-05 -3.547048e-03
45.000 75.000 4.813324e+03 6.748302e+03 -1.673621e-01 1.060084e+02 4.868610e+03 6.700205e+03 -1.583218e-01 1.062019e+02 3.905142e-01 5.873387e-03 -6.024595e-05 -5.262565e-03
45.000 105.000 4.935211e+03 6.625326e+03 -1.461970e-01 1.063647e+02 4.982301e+03 6.578825e+03 -1.380942e-01 1.064925e+02 3.971811e-01 5.328474e-03 -5.383496e-05 -5.108633e-03
45.000 135.000 5.348467e+03 6.736217e+03 -1.148355e-01 1.092031e+02 5.376035e+03 6.696564e+03 -1.093823e-01 1.092161e+02 2.974237e-01 5.042446e-03 -3.530795e-05 -3.775160e-03
45.000 165.000 5.552701e+03 5.642295e+03 -8.003076e-03 1.058030e+02 5.561120e+03 5.636201e+03 -6.705289e-03 1.058150e+02 1.179719e-01 5.344524e-03 -8.672929e-06 -1.190655e-03
45.000 195.000 4.645326e+03 5.430443e+03 -7.792128e-02 1.000729e+02 4.624389e+03 5.453383e+03 -8.225970e-02 1.000479e+02 -9.309046e-02 5.887952e-03 3.065880e-05 1.515813e-04
45.000 225.000 5.868071e+03 4.921071e+03 8.777341e-02 1.034699e+02 5.826872e+03 4.963780e+03 7.998521e-02 1.035452e+02 -2.792093e-01 6.134684e-03 5.320470e-05 3.546758e-03
45.000 255.000 7.391727e+03 4.611958e+03 2.315763e-01 1.065831e+02 7.346255e+03 4.656369e+03 2.241082e-01 1.067698e+02 -3.905142e-01 5.873387e-03 4.950246e-05 5.836671e-03
45.000 285.000 6.296011e+03 5.000662e+03 1.146664e-01 1.055848e+02 6.263568e+03 5.058668e+03 1.064189e-01 1.058018e+02 -3.971811e-01 5.328474e-03 5.517714e-05 4.847741e-03
45.000 315.000 6.397449e+03 4.737896e+03 1.490347e-01 1.043456e+02 6.370793e+03 4.761559e+03 1.445547e-01 1.044018e+02 -2.974237e-01 5.042446e-03 3.035092e-05 4.278650e-03
45.000 345.000 5.460090e+03 5.964931e+03 -4.418734e-02 1.067835e+02 5.457753e+03 5.966427e+03 -4.452617e-02 1.067780e+02 -1.179719e-01 5.344524e-03 2.243750e-06 6.909733e-04
75.000 15.000 6.263945e+03 6.058794e+03 1.664815e-02 1.109924e+02 6.317434e+03 6.003887e+03 2.544747e-02 1.109655e+02 6.840247e-02 5.701155e-03 -5.606523e-05 -4.662869e-04
75.000 45.000 5.711760e+03 8.313476e+03 -1.855025e-01 1.163727e+02 5.796279e+03 8.237871e+03 -1.739750e-01 1.166592e+02 2.447276e-01 5.539840e-03 -6.995750e-05 -3.697001e-03
75.000 75.000 5.457489e+03 8.664895e+03 -2.271151e-01 1.157322e+02 5.530136e+03 8.601110e+03 -2.173180e-01 1.160339e+02 3.554782e-01 5.451327e-03 -5.978059e-05 -5.033979e-03
75.000 105.000 4.939742e+03 6.980091e+03 -1.711726e-01 1.075666e+02 5.003921e+03 6.916928e+03 -1.604757e-01 1.077676e+02 3.709787e-01 5.527879e-03 -7.025202e-05 -5.040143e-03
75.000 135.000 5.012286e+03 5.114820e+03 -1.012470e-02 1.006284e+02 5.038649e+03 5.074230e+03 -3.518416e-03 1.005622e+02 2.870757e-01 5.689533e-03 -4.643702e-05 -2.953446e-03
75.000 165.000 6.466499e+03 7.241150e+03 -5.651227e-02 1.168926e+02 6.448082e+03 7.249142e+03 -5.848337e-02 1.168348e+02 1.262511e-01 5.774396e-03 1.192648e-05 -1.563516e-03
75.000 195.000 6.579398e+03 5.816483e+03 6.154587e-02 1.111257e+02 6.543887e+03 5.862399e+03 5.493081e-02 1.112153e+02 -6.840245e-02 5.701155e-03 4.207547e-05 1.169381e-03
75.000 225.000 6.966879e+03 5.588513e+03 1.097828e-01 1.113736e+02 6.882173e+03 5.668887e+03 9.666804e-02 1.115068e+02 -2.447276e-01 5.539840e-03 8.321549e-05 3.183075e-03
75.000 255.000 7.104279e+03 4.849473e+03 1.886274e-01 1.073705e+02 7.005299e+03 4.940984e+03 1.727997e-01 1.076549e+02 -3.554782e-01 5.451327e-03 1.040980e-04 5.067550e-03
75.000 285.000 7.699867e+03 5.812169e+03 1.397049e-01 1.151013e+02 7.660237e+03 5.883604e+03 1.311764e-01 1.153724e+02 -3.709787e-01 5.527879e-03 5.233197e-05 4.436818e-03
75.000 315.000 7.164810e+03 5.837473e+03 1.020849e-01 1.134318e+02 7.136061e+03 5.861348e+03 9.807436e-02 1.134566e+02 -2.870757e-01 5.689533e-03 2.499824e-05 3.430789e-03
75.000 345.000 6.378577e+03 6.865786e+03 -3.678617e-02 1.150063e+02 6.390995e+03 6.859184e+03 -3.533456e-02 1.150375e+02 -1.262511e-01 5.774396e-03 -8.923855e-06 7.779134e-04
105.000 15.000 5.703471e+03 6.392686e+03 -5.697802e-02 1.098039e+02 5.705419e+03 6.386188e+03 -5.630098e-02 1.097874e+02 7.898210e-02 5.774396e-03 -4.360329e-06 -1.238209e-03
105.000 45.000 5.471898e+03 6.610298e+03 -9.422126e-02 1.094300e+02 5.524543e+03 6.547952e+03 -8.477194e-02 1.094794e+02 2.311696e-01 5.689533e-03 -6.104510e-05 -2.973506e-03
105.000 75.000 5.685235e+03 7.128547e+03 -1.126375e-01 1.124776e+02 5.806935e+03 7.017216e+03 -9.437513e-02 1.127383e+02 3.214154e-01 5.527878e-03 -1.146758e-04 -3.859016e-03
105.000 105.000 4.978306e+03 6.743476e+03 -1.505889e-01 1.070325e+02 5.092371e+03 6.631318e+03 -1.312682e-01 1.073391e+02 3.255382e-01 5.451326e-03 -1.274587e-04 -4.448432e-03
105.000 135.000 4.566315e+03 6.226724e+03 -1.538407e-01 1.026528e+02 4.655012e+03 6.135829e+03 -1.372291e-01 1.028962e+02 2.424333e-01 5.539840e-03 -1.142908e-04 -3.860333e-03
105.000 165.000 5.518464e+03 6.217348e+03 -5.955137e-02 1.081397e+02 5.572570e+03 6.168792e+03 -5.077956e-02 1.082178e+02 9.436860e-02 5.701155e-03 -5.733669e-05 -1.423344e-03
105.000 195.000 6.520498e+03 5.629508e+03 7.333253e-02 1.099303e+02 6.509756e+03 5.634087e+03 7.210808e-02 1.099122e+02 -7.898208e-02 5.774396e-03 7.876697e-06 1.385556e-03
105.000 225.000 5.910941e+03 5.842947e+03 5.784887e-03 1.084135e+02 5.840934e+03 5.909832e+03 -5.863301e-03 1.083991e+02 -2.311696e-01 5.689533e-03 7.597816e-05 2.185654e-03
105.000 255.000 7.324082e+03 5.082690e+03 1.806587e-01 1.095529e+02 7.222298e+03 5.192608e+03 1.634882e-01 1.099230e+02 -3.214154e-01 5.527879e-03 1.106400e-04 4.582936e-03
105.000 285.000 6.352410e+03 6.008917e+03 2.778775e-02 1.111386e+02 6.253396e+03 6.142839e+03 8.918581e-03 1.113340e+02 -3.255382e-01 5.451326e-03 1.199475e-04 3.179148e-03
105.000 315.000 5.299374e+03 4.888634e+03 4.031600e-02 1.008536e+02 5.220240e+03 4.995485e+03 2.200085e-02 1.010484e+02 -2.424333e-01 5.539840e-03 1.282876e-04 2.803562e-03
105.000 345.000 5.976212e+03 4.979055e+03 9.102078e-02 1.042329e+02 5.921116e+03 5.027705e+03 8.159882e-02 1.042877e+02 -9.436861e-02 5.701155e-03 6.390094e-05 1.778607e-03
135.000 15.000 4.742442e+03 5.431915e+03 -6.776580e-02 1.006361e+02 4.677038e+03 5.498842e+03 -8.075999e-02 1.005461e+02 1.183457e-01 5.344524e-03 9.134287e-05 -1.849351e-03
135.000 45.000 4.793152e+03 4.911515e+03 -1.219651e-02 9.850494e+01 4.757474e+03 4.939231e+03 -1.874422e-02 9.845455e+01 2.632837e-01 5.042446e-03 4.701403e-05 -2.796613e-03
135.000 75.000 4.750137e+03 6.714291e+03 -1.713259e-01 1.054889e+02 4.770176e+03 6.726865e+03 -1.701906e-01 1.056600e+02 3.376750e-01 5.328474e-03 -7.604064e-06 -4.825159e-03
135.000 105.000 4.276587e+03 5.749229e+03 -1.468849e-01 9.904296e+01 4.338761e+03 5.686925e+03 -1.344709e-01 9.921894e+01 3.215866e-01 5.873387e-03 -8.854970e-05 -4.729983e-03
135.000 135.000 4.851691e+03 6.755498e+03 -1.640196e-01 1.062776e+02 4.943799e+03 6.658740e+03 -1.478073e-01 1.065320e+02 2.193293e-01 6.134684e-03 -1.077377e-04 -3.607053e-03
135.000 165.000 5.311515e+03 5.079154e+03 2.236244e-02 1.019091e+02 5.416671e+03 4.988539e+03 4.114586e-02 1.019195e+02 5.830290e-02 5.887952e-03 -1.303240e-04 -3.526716e-04
135.000 195.000 5.485958e+03 4.037362e+03 1.521104e-01 9.645192e+01 5.555578e+03 3.975644e+03 1.657640e-01 9.627734e+01 -1.183457e-01 5.344524e-03 -1.001879e-04 2.804051e-03
135.000 225.000 5.603935e+03 3.937150e+03 1.746955e-01 9.617642e+01 5.640677e+03 3.916619e+03 1.803918e-01 9.615763e+01 -2.632837e-01 5.042446e-03 -4.188425e-05 4.553914e-03
135.000 255.000 5.762783e+03 4.875240e+03 8.343118e-02 1.027812e+02 5.732739e+03 4.901796e+03 7.813634e-02 1.028086e+02 -3.376750e-01 5.328473e-03 3.642220e-05 4.097113e-03
135.000 285.000 5.208831e+03 4.621801e+03 5.971437e-02 9.897261e+01 5.152896e+03 4.690323e+03 4.699411e-02 9.910339e+01 -3.215866e-01 5.873387e-03 9.081950e-05 3.852591e-03
135.000 315.000 6.114266e+03 4.246322e+03 1.802932e-01 1.001190e+02 6.023230e+03 4.338258e+03 1.626187e-01 1.004365e+02 -2.193293e-01 6.134684e-03 1.246318e-04 3.991476e-03
135.000 345.000 5.698036e+03 4.412870e+03 1.271069e-01 9.973742e+01 5.596089e+03 4.500850e+03 1.084724e-01 9.989062e+01 -5.830292e-02 5.887952e-03 1.320114e-04 1.858979e-03
165.000 15.000 2.606747e+03 2.965947e+03 -6.445713e-02 7.449524e+01 2.565062e+03 3.012370e+03 -8.019968e-02 7.444164e+01 1.201816e-01 4.445208e-03 1.494816e-04 -2.478530e-03
165.000 45.000 2.283154e+03 3.004011e+03 -1.363410e-01 7.203390e+01 2.231815e+03 3.057973e+03 -1.561797e-01 7.183842e+01 2.844295e-01 6.583287e-03 1.950069e-04 -5.841285e-03
165.000 75.000 2.486438e+03 2.800897e+03 -5.947400e-02 7.258535e+01 2.450759e+03 2.840561e+03 -7.366826e-02 7.254380e+01 3.724647e-01 7.423618e-03 1.383162e-04 -5.950770e-03
165.000 105.000 2.489243e+03 3.416214e+03 -1.569685e-01 7.589434e+01 2.456351e+03 3.457413e+03 -1.692768e-01 7.579121e+01 3.606984e-01 6.580330e-03 1.147540e-04 -6.820888e-03
165.000 135.000 2.500864e+03 2.431290e+03 1.410625e-02 7.022231e+01 2.495782e+03 2.435509e+03 1.222250e-02 7.021790e+01 2.522832e-01 4.440828e-03 1.896909e-05 -3.391756e-03
165.000 165.000 3.205650e+03 2.939274e+03 4.334894e-02 7.831588e+01 3.235780e+03 2.913766e+03 5.236377e-02 7.831146e+01 7.626890e-02 2.819666e-03 -8.139635e-05 -4.203485e-04
165.000 195.000 2.763442e+03 1.736696e+03 2.281588e-01 6.531368e+01 2.799709e+03 1.718814e+03 2.392142e-01 6.526835e+01 -1.201816e-01 4.445208e-03 -1.197310e-04 5.333345e-03
165.000 225.000 3.367450e+03 2.291135e+03 1.902091e-01 7.385025e+01 3.419755e+03 2.252477e+03 2.057881e-01 7.370224e+01 -2.844295e-01 6.583287e-03 -1.493163e-04 6.427041e-03
165.000 255.000 2.947132e+03 2.341252e+03 1.145681e-01 7.224244e+01 2.979456e+03 2.301093e+03 1.284644e-01 7.206528e+01 -3.724647e-01 7.423618e-03 -1.361837e-04 6.741644e-03
165.000 285.000 4.416469e+03 2.248268e+03 3.253243e-01 7.719695e+01 4.447892e+03 2.226591e+03 3.328049e-01 7.704040e+01 -3.606984e-01 6.580330e-03 -6.858981e-05 8.886655e-03
165.000 315.000 3.549355e+03 2.634299e+03 1.479799e-01 7.777046e+01 3.546545e+03 2.622059e+03 1.498695e-01 7.765341e+01 -2.522832e-01 4.440828e-03 -1.719339e-05 5.146724e-03
165.000 345.000 3.632618e+03 2.409656e+03 2.024010e-01 7.612323e+01 3.608982e+03 2.433774e+03 1.944821e-01 7.625090e+01 -7.626892e-02 2.819666e-03 7.349633e-05 3.660774e-03
195.000 15.000 2.409627e+03 2.747636e+03 -6.554037e-02 7.165968e+01 2.426301e+03 2.736247e+03 -6.003736e-02 7.172126e+01 7.626889e-02 2.819665e-03 -5.427802e-05 -1.978927e-03
195.000 45.000 2.191653e+03 3.006434e+03 -1.567462e-01 7.120656e+01 2.181480e+03 3.001982e+03 -1.582923e-01 7.108856e+01 2.522832e-01 4.440828e-03 1.536617e-05 -5.744266e-03
195.000 75.000 2.552261e+03 3.644731e+03 -1.762904e-01 7.748806e+01 2.524666e+03 3.693195e+03 -1.879311e-01 7.744842e+01 3.606984e-01 6.580330e-03 1.062527e-04 -6.929955e-03
195.000 105.000 2.484169e+03 2.966587e+03 -8.850482e-02 7.353951e+01 2.443799e+03 2.984298e+03 -9.957427e-02 7.330946e+01 3.724647e-01 7.423618e-03 1.066030e-04 -6.268325e-03
195.000 135.000 2.385065e+03 3.637462e+03 -2.079521e-01 7.590842e+01 2.334581e+03 3.688693e+03 -2.248132e-01 7.562309e+01 2.844295e-01 6.583287e-03 1.573603e-04 -6.486522e-03
195.000 165.000 3.379635e+03 2.517192e+03 1.462554e-01 7.596506e+01 3.319915e+03 2.559336e+03 1.293666e-01 7.603195e+01 1.201816e-01 4.445207e-03 1.571373e-04 3.432339e-04
195.000 195.000 2.391676e+03 2.638924e+03 -4.914873e-02 7.084100e+01 2.371823e+03 2.656741e+03 -5.665994e-02 7.079844e+01 -7.626887e-02 2.819665e-03 7.499640e-05 3.828311e-04
195.000 225.000 2.872994e+03 1.928328e+03 1.967512e-01 6.793716e+01 2.876609e+03 1.933711e+03 1.960156e-01 6.801101e+01 -2.522832e-01 4.440827e-03 7.651954e-06 6.609554e-03
195.000 255.000 2.978487e+03 3.369038e+03 -6.152818e-02 7.952041e+01 2.997306e+03 3.308988e+03 -4.942393e-02 7.931513e+01 -3.606984e-01 6.580330e-03 -1.077718e-04 3.762181e-03
195.000 285.000 3.968099e+03 2.452907e+03 2.359742e-01 7.786822e+01 4.037480e+03 2.405724e+03 2.532522e-01 7.765280e+01 -3.724648e-01 7.423618e-03 -1.571158e-04 7.813700e-03
195.000 315.000 2.710719e+03 2.450535e+03 5.041108e-02 7.175053e+01 2.750957e+03 2.393227e+03 6.954059e-02 7.154933e+01 -2.844295e-01 6.583287e-03 -1.887872e-04 4.666733e-03
195.000 345.000 3.909533e+03 2.225322e+03 2.745316e-01 7.531590e+01 3.963173e+03 2.200288e+03 2.860221e-01 7.522790e+01 -1.201816e-01 4.445208e-03 -1.079418e-04 5.240768e-03
225.000 15.000 4.830480e+03 5.826194e+03 -9.343564e-02 1.027796e+02 4.922867e+03 5.720882e+03 -7.497494e-02 1.028782e+02 5.830288e-02 5.887952e-03 -1.269457e-04 -1.476349e-03
225.000 45.000 4.282343e+03 5.227438e+03 -9.938139e-02 9.703534e+01 4.385478e+03 5.133306e+03 -7.856335e-02 9.726270e+01 2.193293e-01 6.134684e-03 -1.515256e-04 -3.284480e-03
225.000 75.000 4.671926e+03 6.320482e+03 -1.499722e-01 1.036589e+02 4.756598e+03 6.244242e+03 -1.352301e-01 1.039214e+02 3.215866e-01 5.873387e-03 -1.004358e-04 -4.549139e-03
225.000 105.000 4.042026e+03 6.046321e+03 -1.986742e-01 9.843854e+01 4.076175e+03 6.026517e+03 -1.930517e-01 9.862137e+01 3.376750e-01 5.328474e-03 -4.035062e-05 -5.448570e-03
225.000 135.000 4.152559e+03 5.681928e+03 -1.555109e-01 9.796251e+01 4.115758e+03 5.711317e+03 -1.623636e-01 9.781623e+01 2.632837e-01 5.042446e-03 4.950078e-05 -4.275049e-03
225.000 165.000 4.423078e+03 5.095320e+03 -7.062561e-02 9.731865e+01 4.362628e+03 5.175142e+03 -8.518913e-02 9.730648e+01 1.183457e-01 5.344524e-03 1.058235e-04 -1.941779e-03
225.000 195.000 6.265352e+03 5.051990e+03 1.072126e-01 1.057698e+02 6.151075e+03 5.145508e+03 8.901516e-02 1.058635e+02 -5.830286e-02 5.887952e-03 1.216022e-04 1.564865e-03
225.000 225.000 4.965398e+03 4.740123e+03 2.321096e-02 9.849006e+01 4.878197e+03 4.829370e+03 5.029785e-03 9.852574e+01 -2.193293e-01 6.134684e-03 1.305077e-04 2.462586e-03
225.000 255.000 5.533308e+03 4.410186e+03 1.129505e-01 9.907894e+01 5.465247e+03 4.478746e+03 9.920577e-02 9.922765e+01 -3.215866e-01 5.873387e-03 9.801995e-05 4.385766e-03
225.000 285.000 6.087912e+03 4.316314e+03 1.702767e-01 1.005115e+02 6.052268e+03 4.318925e+03 1.671305e-01 1.004067e+02 -3.376750e-01 5.328474e-03 2.214547e-05 5.053667e-03
225.000 315.000 6.521899e+03 4.545610e+03 1.785668e-01 1.035114e+02 6.570475e+03 4.518965e+03 1.849967e-01 1.034887e+02 -2.632837e-01 5.042446e-03 -4.392861e-05 4.268617e-03
225.000 345.000 6.239608e+03 4.930920e+03 1.171554e-01 1.049629e+02 6.327152e+03 4.852670e+03 1.318878e-01 1.048110e+02 -1.183458e-01 5.344524e-03 -9.931961e-05 2.243662e-03
255.000 15.000 5.997821e+03 6.646850e+03 -5.132830e-02 1.123003e+02 6.049671e+03 6.586120e+03 -4.245471e-02 1.123077e+02 9.436857e-02 5.701155e-03 -5.587137e-05 -1.297386e-03
255.000 45.000 4.238918e+03 7.596084e+03 -2.836642e-01 1.043202e+02 4.323668e+03 7.503689e+03 -2.688699e-01 1.047490e+02 2.424333e-01 5.539840e-03 -1.000729e-04 -5.043104e-03
255.000 75.000 5.472819e+03 5.643332e+03 -1.533915e-02 1.054208e+02 5.609963e+03 5.551063e+03 5.277278e-03 1.056443e+02 3.255382e-01 5.451327e-03 -1.381376e-04 -3.233493e-03
255.000 105.000 4.604537e+03 7.903790e+03 -2.637645e-01 1.078800e+02 4.711653e+03 7.796462e+03 -2.466246e-01 1.083851e+02 3.214154e-01 5.527879e-03 -1.120823e-04 -5.424358e-03
255.000 135.000 5.599699e+03 6.244585e+03 -5.444708e-02 1.086700e+02 5.672317e+03 6.182519e+03 -4.303748e-02 1.087790e+02 2.311696e-01 5.689533e-03 -7.420410e-05 -2.628293e-03
255.000 165.000 6.055997e+03 6.427008e+03 -2.972125e-02 1.116780e+02 6.063975e+03 6.410232e+03 -2.775787e-02 1.116450e+02 7.898212e-02 5.774396e-03 -1.243328e-05 -9.733642e-04
255.000 195.000 5.580356e+03 5.816908e+03 -2.075509e-02 1.067350e+02 5.532062e+03 5.872377e+03 -2.984057e-02 1.067440e+02 -9.436855e-02 5.701155e-03 6.018773e-05 6.896846e-04
255.000 225.000 6.444738e+03 5.535823e+03 7.586586e-02 1.091403e+02 6.357903e+03 5.634527e+03 6.031940e-02 1.093106e+02 -2.424333e-01 5.539840e-03 1.006451e-04 2.916422e-03
255.000 255.000 6.692688e+03 4.821661e+03 1.624952e-01 1.058788e+02 6.595923e+03 4.935355e+03 1.440056e-01 1.062645e+02 -3.255382e-01 5.451327e-03 1.232576e-04 4.609360e-03
255.000 285.000 5.832321e+03 5.004480e+03 7.639164e-02 1.037958e+02 5.734082e+03 5.107083e+03 5.783503e-02 1.039466e+02 -3.214154e-01 5.527879e-03 1.263247e-04 3.832594e-03
255.000 315.000 6.026804e+03 4.640168e+03 1.299935e-01 1.024047e+02 5.965062e+03 4.703775e+03 1.182216e-01 1.025657e+02 -2.311696e-01 5.689533e-03 8.122105e-05 3.526822e-03
255.000 345.000 4.931403e+03 6.224860e+03 -1.159400e-01 1.049109e+02 4.925280e+03 6.226278e+03 -1.166651e-01 1.048798e+02 -7.898214e-02 5.774396e-03 4.888226e-06 -3.522784e-04
285.000 15.000 6.074386e+03 6.378454e+03 -2.441759e-02 1.115590e+02 6.053337e+03 6.388353e+03 -2.692687e-02 1.115019e+02 1.262510e-01 5.774396e-03 1.590887e-05 -1.350573e-03
285.000 45.000 5.076553e+03 7.426812e+03 -1.879702e-01 1.098253e+02 5.116878e+03 7.399393e+03 -1.823638e-01 1.100001e+02 2.870757e-01 5.689533e-03 -3.606753e-05 -4.325470e-03
285.000 75.000 4.645341e+03 8.032870e+03 -2.671930e-01 1.085039e+02 4.726887e+03 7.971847e+03 -2.555342e-01 1.089474e+02 3.709786e-01 5.527878e-03 -7.582401e-05 -5.881557e-03
285.000 105.000 5.628821e+03 7.518356e+03 -1.437217e-01 1.134707e+02 5.712241e+03 7.427760e+03 -1.305570e-01 1.136487e+02 3.554782e-01 5.451326e-03 -8.197333e-05 -4.399371e-03
285.000 135.000 5.443046e+03 6.382814e+03 -7.946721e-02 1.084029e+02 5.524332e+03 6.313016e+03 -6.662671e-02 1.085578e+02 2.447276e-01 5.539840e-03 -8.369815e-05 -2.990648e-03
285.000 165.000 5.533382e+03 7.349321e+03 -1.409595e-01 1.123687e+02 5.577984e+03 7.299946e+03 -1.337142e-01 1.124619e+02 6.840249e-02 5.701155e-03 -4.557383e-05 -1.863170e-03
285.000 195.000 6.780542e+03 6.580508e+03 1.497147e-02 1.155771e+02 6.792415e+03 6.567698e+03 1.681994e-02 1.155696e+02 -1.262510e-01 5.774396e-03 -1.130943e-05 1.221890e-03
285.000 225.000 6.914619e+03 5.620672e+03 1.032244e-01 1.113630e+02 6.889546e+03 5.649559e+03 9.888958e-02 1.114293e+02 -2.870757e-01 5.689533e-03 2.751590e-05 3.504754e-03
285.000 255.000 8.404562e+03 4.958826e+03 2.578490e-01 1.116911e+02 8.320467e+03 5.034207e+03 2.460757e-01 1.120090e+02 -3.709786e-01 5.527878e-03 7.442989e-05 5.630059e-03
285.000 285.000 7.586403e+03 5.699689e+03 1.420067e-01 1.140972e+02 7.515036e+03 5.784001e+03 1.301624e-01 1.143404e+02 -3.554782e-01 5.451326e-03 7.332567e-05 4.360186e-03
285.000 315.000 6.829021e+03 5.459283e+03 1.114668e-01 1.101618e+02 6.754908e+03 5.530638e+03 9.965121e-02 1.102885e+02 -2.447276e-01 5.539840e-03 7.579862e-05 3.233375e-03
285.000 345.000 6.092315e+03 6.134461e+03 -3.447099e-03 1.105741e+02 6.041610e+03 6.184974e+03 -1.172561e-02 1.105663e+02 -6.840251e-02 5.701155e-03 5.294189e-05 5.874378e-04
315.000 15.000 4.120312e+03 5.910961e+03 -1.785067e-01 9.854760e+01 4.127874e+03 5.904805e+03 -1.771143e-01 9.857971e+01 1.179718e-01 5.344524e-03 -9.989155e-06 -3.008481e-03
315.000 45.000 4.856697e+03 6.571899e+03 -1.500799e-01 1.056938e+02 4.898620e+03 6.538514e+03 -1.433833e-01 1.058395e+02 2.974237e-01 5.042446e-03 -4.477037e-05 -4.233962e-03
315.000 75.000 4.099036e+03 6.562434e+03 -2.310561e-01 1.004604e+02 4.165060e+03 6.511118e+03 -2.197469e-01 1.008000e+02 3.971811e-01 5.328474e-03 -7.946683e-05 -6.253582e-03
315.000 105.000 5.014204e+03 7.655212e+03 -2.084554e-01 1.100858e+02 5.068552e+03 7.603317e+03 -2.000308e-01 1.102943e+02 3.905142e-01 5.873387e-03 -5.406154e-05 -5.440934e-03
315.000 135.000 5.408174e+03 6.423932e+03 -8.584762e-02 1.083739e+02 5.447768e+03 6.385937e+03 -7.927932e-02 1.084404e+02 2.792093e-01 6.134685e-03 -4.284303e-05 -3.368494e-03
315.000 165.000 5.082156e+03 4.841787e+03 2.422116e-02 9.958977e+01 5.094302e+03 4.822071e+03 2.745263e-02 9.954345e+01 9.309050e-02 5.887952e-03 -2.294942e-05 -6.915303e-04
315.000 195.000 5.583567e+03 5.739586e+03 -1.377870e-02 1.064002e+02 5.578878e+03 5.743191e+03 -1.451257e-02 1.063940e+02 -1.179718e-01 5.344524e-03 4.877257e-06 9.792567e-04
315.000 225.000 7.241427e+03 4.815386e+03 2.012174e-01 1.075577e+02 7.206678e+03 4.844362e+03 1.960259e-01 1.076474e+02 -2.974237e-01 5.042446e-03 3.411617e-05 4.636035e-03
315.000 255.000 7.885549e+03 4.722391e+03 2.508862e-01 1.086938e+02 7.831616e+03 4.753776e+03 2.445566e-01 1.087781e+02 -3.971811e-01 5.328473e-03 4.116096e-05 5.962319e-03
315.000 285.000 6.381510e+03 4.619571e+03 1.601606e-01 1.035321e+02 6.334524e+03 4.676868e+03 1.505401e-01 1.037393e+02 -3.905142e-01 5.873387e-03 6.564031e-05 5.318882e-03
315.000 315.000 6.578181e+03 4.724547e+03 1.639988e-01 1.048748e+02 6.528084e+03 4.763329e+03 1.562918e-01 1.049552e+02 -2.792093e-01 6.134685e-03 5.194360e-05 4.226067e-03
315.000 345.000 5.104864e+03 5.369341e+03 -2.525026e-02 1.023109e+02 5.080059e+03 5.391440e+03 -2.973603e-02 1.022851e+02 -9.309052e-02 5.887952e-03 3.100664e-05 6.630793e-04
345.000 15.000 4.435620e+03 4.718364e+03 -3.088758e-02 9.563080e+01 4.452227e+03 4.696733e+03 -2.672492e-02 9.561603e+01 1.047583e-01 4.445208e-03 -3.078164e-05 -1.418433e-03
345.000 45.000 4.610432e+03 5.404488e+03 -7.928723e-02 9.975952e+01 4.655805e+03 5.362653e+03 -7.055454e-02 9.984281e+01 2.876556e-01 6.583287e-03 -6.187245e-05 -3.678274e-03
345.000 75.000 4.225776e+03 5.973321e+03 -1.713432e-01 9.949707e+01 4.280533e+03 5.924097e+03 -1.610606e-01 9.969913e+01 3.934758e-01 7.423617e-03 -7.300188e-05 -5.676740e-03
345.000 105.000 3.207122e+03 6.312589e+03 -3.262144e-01 9.223157e+01 3.261530e+03 6.264985e+03 -3.152732e-01 9.262616e+01 3.938645e-01 6.580330e-03 -8.370283e-05 -7.807292e-03
345.000 135.000 4.783146e+03 5.295054e+03 -5.079358e-02 1.002607e+02 4.819689e+03 5.254706e+03 -4.318045e-02 1.002777e+02 2.887175e-01 4.440828e-03 -5.368845e-05 -3.386284e-03
345.000 165.000 5.481367e+03 4.943895e+03 5.155483e-02 1.019684e+02 5.486114e+03 4.937347e+03 5.264731e-02 1.019538e+02 1.062089e-01 2.819666e-03 -7.576419e-06 -5.359904e-04
345.000 195.000 5.233125e+03 4.062256e+03 1.259625e-01 9.564463e+01 5.210023e+03 4.087434e+03 1.207416e-01 9.571788e+01 -1.047583e-01 4.445208e-03 3.858370e-05 2.412271e-03
345.000 225.000 6.277664e+03 4.495311e+03 1.654467e-01 1.023625e+02 6.230447e+03 4.541774e+03 1.567618e-01 1.025061e+02 -2.876556e-01 6.583287e-03 5.995165e-05 4.426446e-03
345.000 255.000 5.315014e+03 4.148735e+03 1.232365e-01 9.654026e+01 5.257753e+03 4.187504e+03 1.133107e-01 9.656079e+01 -3.934758e-01 7.423617e-03 7.269326e-05 5.352298e-03
345.000 285.000 5.646088e+03 4.076699e+03 1.614135e-01 9.731118e+01 5.600375e+03 4.140011e+03 1.499288e-01 9.757784e+01 -3.938645e-01 6.580330e-03 8.333834e-05 5.706209e-03
345.000 315.000 5.963671e+03 3.816191e+03 2.195818e-01 9.647961e+01 5.909342e+03 3.852231e+03 2.107356e-01 9.658192e+01 -2.887175e-01 4.440828e-03 6.480063e-05 5.268464e-03
345.000 345.000 5.510944e+03 5.841194e+03 -2.909146e-02 1.065013e+02 5.503468e+03 5.846509e+03 -3.022390e-02 1.064876e+02 -1.062089e-01 2.819666e-03 7.519218e-06 7.240987e-04
