  #t  #Q2   A1M1_AVG      A_1M1     dA_1M1   A0P1_AVG      A_0P1     dA_0P1   A2M1_AVG      A_2M1     dA_2M1   A3M1_AVG      A_3M1     dA_3M1   A1P1_AVG      A_1P1     dA_1P1       Asym      Astat          t         tp         xb         Q2          W     Dilute
   2    0 -6.527e-02 -2.497e-02 2.9120e-03  3.882e-01  3.694e-01 2.8501e-03 -9.505e-03 -1.942e-02 2.8757e-03 -4.644e-04  1.371e-02 2.8752e-03  2.420e-02  1.048e-02 2.8696e-03 -7.5092e-03 1.6156e-03 3.6770e-01 3.6262e-02 4.3401e-01 5.3686e+00 2.8065e+00 7.4040e-01
   Phi   PhiS      N_U_avg      N_D_avg     Asym_avg    dAsym_avg      N_U_fit      N_D_fit     Asym_fit    dAsym_fit     Asym_cal    dAsym_cal     GOOD_fit     GOOD_cal
15.000 15.000 5.159111e+02 5.754146e+02 -5.452404e-02 3.298608e+01 5.200006e+02 5.717986e+02 -4.744282e-02 3.300518e+01 1.026765e-01 2.285487e-03 -1.517528e-04 -4.765663e-03
15.000 45.000 7.410322e+02 6.637021e+02 5.504967e-02 3.742295e+01 7.611532e+02 6.484349e+02 7.996539e-02 3.742425e+01 2.877925e-01 3.593242e-03 -4.707745e-04 -6.219253e-03
15.000 75.000 4.404563e+02 8.852028e+02 -3.354909e-01 3.429943e+01 4.612614e+02 8.660882e+02 -3.049888e-01 3.469700e+01 3.957947e-01 5.326806e-03 -6.251873e-04 -2.132064e-02
15.000 105.000 5.282086e+02 8.955909e+02 -2.580295e-01 3.645551e+01 5.506209e+02 8.683177e+02 -2.238975e-01 3.671249e+01 3.977440e-01 6.012520e-03 -6.597099e-04 -1.798832e-02
15.000 135.000 3.636896e+02 8.080416e+02 -3.792269e-01 3.167366e+01 3.769535e+02 7.875404e+02 -3.525883e-01 3.193315e+01 2.931182e-01 5.335022e-03 -5.922692e-04 -2.122726e-02
15.000 165.000 6.277753e+02 5.481522e+02 6.771095e-02 3.421310e+01 6.357459e+02 5.416434e+02 7.992468e-02 3.420334e+01 1.099516e-01 3.605411e-03 -2.524661e-04 -1.234633e-03
15.000 195.000 6.373386e+02 3.377158e+02 3.072882e-01 2.971504e+01 6.326222e+02 3.409176e+02 2.996329e-01 2.976803e+01 -1.026765e-01 2.285487e-03 1.820052e-04 1.379654e-02
15.000 225.000 7.477442e+02 6.155600e+02 9.695870e-02 3.674898e+01 7.299642e+02 6.337710e+02 7.053660e-02 3.683680e+01 -2.877924e-01 3.593241e-03 5.077947e-04 1.046971e-02
15.000 255.000 1.032217e+03 4.722759e+02 3.721792e-01 3.600131e+01 1.003739e+03 4.940587e+02 3.402863e-01 3.639176e+01 -3.957947e-01 5.326805e-03 6.230266e-04 2.133183e-02
15.000 285.000 6.496639e+02 6.524316e+02 -2.125581e-03 3.608448e+01 6.287404e+02 6.854338e+02 -4.313991e-02 3.621779e+01 -3.977440e-01 6.012520e-03 8.022281e-04 1.096367e-02
15.000 315.000 7.258251e+02 4.545782e+02 2.297917e-01 3.343760e+01 7.071152e+02 4.695297e+02 2.019178e-01 3.359572e+01 -2.931182e-01 5.335022e-03 5.880584e-04 1.563838e-02
15.000 345.000 4.852205e+02 4.957809e+02 -1.076483e-02 3.131913e+01 4.804691e+02 5.016477e+02 -2.156415e-02 3.133146e+01 -1.099516e-01 3.605411e-03 2.437734e-04 3.166971e-03
45.000 15.000 1.148174e+03 1.410298e+03 -1.024535e-01 5.031517e+01 1.152144e+03 1.403656e+03 -9.840836e-02 5.030953e+01 8.531363e-02 4.770304e-03 -5.685156e-05 -3.731819e-03
45.000 45.000 1.356647e+03 2.045988e+03 -2.025904e-01 5.712250e+01 1.391135e+03 2.014985e+03 -1.831558e-01 5.737471e+01 2.716632e-01 4.969682e-03 -2.400470e-04 -8.302396e-03
45.000 75.000 1.360660e+03 1.672806e+03 -1.029007e-01 5.478454e+01 1.406047e+03 1.633599e+03 -7.486117e-02 5.497828e+01 3.852209e-01 4.756980e-03 -3.612689e-04 -8.909843e-03
45.000 105.000 1.065840e+03 2.219627e+03 -3.511791e-01 5.366825e+01 1.106162e+03 2.166225e+03 -3.239417e-01 5.412014e+01 3.955589e-01 4.314863e-03 -3.573592e-04 -1.391396e-02
45.000 135.000 1.416852e+03 1.418537e+03 -5.942336e-04 5.324836e+01 1.453962e+03 1.393037e+03 2.139986e-02 5.334505e+01 2.999073e-01 4.083639e-03 -2.918035e-04 -5.643394e-03
45.000 165.000 1.365988e+03 1.733913e+03 -1.186894e-01 5.528320e+01 1.380997e+03 1.719738e+03 -1.092452e-01 5.535096e+01 1.238957e-01 4.329548e-03 -1.207229e-04 -4.388044e-03
45.000 195.000 1.144949e+03 1.687286e+03 -1.914871e-01 5.223394e+01 1.135854e+03 1.692204e+03 -1.967250e-01 5.214029e+01 -8.531361e-02 4.770304e-03 7.097082e-05 -2.032653e-03
45.000 225.000 1.457822e+03 1.221698e+03 8.812181e-02 5.156271e+01 1.429394e+03 1.247743e+03 6.785264e-02 5.162182e+01 -2.716632e-01 4.969682e-03 2.778026e-04 6.977621e-03
45.000 255.000 1.474417e+03 1.345151e+03 4.584595e-02 5.304377e+01 1.439455e+03 1.391222e+03 1.703907e-02 5.319638e+01 -3.852209e-01 4.756980e-03 3.834618e-04 8.126625e-03
45.000 285.000 1.337851e+03 9.482635e+02 1.704146e-01 4.711394e+01 1.306692e+03 9.852676e+02 1.402399e-01 4.740130e+01 -3.955589e-01 4.314863e-03 4.514961e-04 1.201287e-02
45.000 315.000 1.692980e+03 1.694298e+03 -3.892195e-04 5.820033e+01 1.660792e+03 1.739723e+03 -2.321142e-02 5.829822e+01 -2.999073e-01 4.083639e-03 2.770460e-04 5.146330e-03
45.000 345.000 1.476544e+03 1.102334e+03 1.451057e-01 5.024518e+01 1.464379e+03 1.111654e+03 1.369257e-01 5.027660e+01 -1.238957e-01 4.329548e-03 1.150835e-04 5.353777e-03
75.000 15.000 3.069518e+03 2.860062e+03 3.532391e-02 7.695571e+01 3.081389e+03 2.841250e+03 4.054604e-02 7.689540e+01 6.387609e-02 4.619532e-03 -4.800224e-05 -3.710208e-04
75.000 45.000 2.513537e+03 3.568060e+03 -1.733957e-01 7.680331e+01 2.558085e+03 3.521572e+03 -1.584772e-01 7.698679e+01 2.390379e-01 4.480303e-03 -1.371869e-04 -5.369998e-03
75.000 75.000 2.643216e+03 4.529975e+03 -2.630292e-01 8.171242e+01 2.702510e+03 4.454627e+03 -2.448070e-01 8.202565e+01 3.501497e-01 4.406809e-03 -1.573855e-04 -7.504109e-03
75.000 105.000 2.335644e+03 4.177531e+03 -2.827941e-01 7.740995e+01 2.400798e+03 4.110281e+03 -2.625499e-01 7.786048e+01 3.674392e-01 4.475910e-03 -1.843843e-04 -8.399868e-03
75.000 135.000 2.445428e+03 3.575888e+03 -1.877429e-01 7.621732e+01 2.493411e+03 3.524973e+03 -1.714018e-01 7.643018e+01 2.862736e-01 4.615271e-03 -1.513931e-04 -6.219275e-03
75.000 165.000 3.042643e+03 3.089844e+03 -7.696887e-03 7.830788e+01 3.068122e+03 3.068760e+03 -1.038941e-04 7.833826e+01 1.284013e-01 4.685497e-03 -6.855013e-05 -1.737988e-03
75.000 195.000 3.152784e+03 3.223510e+03 -1.109198e-02 7.984679e+01 3.135987e+03 3.236330e+03 -1.574680e-02 7.981689e+01 -6.387607e-02 4.619532e-03 4.122986e-05 6.610671e-04
75.000 225.000 3.917874e+03 2.492828e+03 2.222918e-01 7.806360e+01 3.878662e+03 2.533634e+03 2.097576e-01 7.829538e+01 -2.390379e-01 4.480303e-03 1.133677e-04 5.909665e-03
75.000 255.000 4.267309e+03 2.332747e+03 2.931130e-01 7.767246e+01 4.185931e+03 2.395610e+03 2.720215e-01 7.806750e+01 -3.501497e-01 4.406809e-03 1.915227e-04 8.281734e-03
75.000 285.000 3.862131e+03 2.947096e+03 1.343818e-01 8.176957e+01 3.791902e+03 3.026233e+03 1.122990e-01 8.204969e+01 -3.674392e-01 4.475910e-03 1.906351e-04 6.137013e-03
75.000 315.000 3.025713e+03 3.266316e+03 -3.823940e-02 7.926429e+01 2.978082e+03 3.327329e+03 -5.538838e-02 7.928472e+01 -2.862737e-01 4.615271e-03 1.529642e-04 3.129205e-03
75.000 345.000 3.854996e+03 2.653021e+03 1.846915e-01 7.928444e+01 3.830412e+03 2.671479e+03 1.782455e-01 7.934303e+01 -1.284013e-01 4.685497e-03 5.746788e-05 3.948981e-03
105.000 15.000 3.869170e+03 4.063951e+03 -2.455282e-02 8.904122e+01 3.845659e+03 4.089970e+03 -3.078660e-02 8.903992e+01 7.286676e-02 4.685497e-03 4.950491e-05 -1.094095e-03
105.000 45.000 3.833095e+03 4.705312e+03 -1.021522e-01 9.192011e+01 3.821227e+03 4.710480e+03 -1.042293e-01 9.186414e+01 2.260843e-01 4.615271e-03 1.598324e-05 -3.570889e-03
105.000 75.000 4.132253e+03 4.360523e+03 -2.687824e-02 9.212296e+01 4.154989e+03 4.345448e+03 -2.240573e-02 9.217467e+01 3.187228e-01 4.475910e-03 -3.431988e-05 -3.751519e-03
105.000 105.000 3.364580e+03 5.635785e+03 -2.523458e-01 9.179998e+01 3.410060e+03 5.587310e+03 -2.419874e-01 9.203534e+01 3.259597e-01 4.406808e-03 -7.968591e-05 -6.299626e-03
105.000 135.000 4.186688e+03 6.124292e+03 -1.879166e-01 9.973401e+01 4.249139e+03 6.049958e+03 -1.748521e-01 9.992107e+01 2.458560e-01 4.480303e-03 -9.253910e-05 -4.349295e-03
105.000 165.000 4.593120e+03 3.683554e+03 1.098951e-01 9.042521e+01 4.652053e+03 3.641781e+03 1.218101e-01 9.039233e+01 9.987541e-02 4.619532e-03 -9.318960e-05 1.108062e-04
105.000 195.000 4.217187e+03 4.640140e+03 -4.775177e-02 9.400601e+01 4.249180e+03 4.609151e+03 -4.063644e-02 9.404096e+01 -7.286674e-02 4.685497e-03 -5.351111e-05 2.671634e-04
105.000 225.000 4.493747e+03 3.960629e+03 6.305814e-02 9.176469e+01 4.490553e+03 3.962111e+03 6.251784e-02 9.175853e+01 -2.260843e-01 4.615272e-03 4.163510e-06 3.150912e-03
105.000 255.000 4.983854e+03 3.522046e+03 1.718581e-01 9.085525e+01 4.964290e+03 3.561493e+03 1.645358e-01 9.107674e+01 -3.187228e-01 4.475910e-03 5.691853e-05 5.399587e-03
105.000 285.000 4.638889e+03 3.624361e+03 1.227759e-01 9.021470e+01 4.591292e+03 3.675025e+03 1.108434e-01 9.035904e+01 -3.259597e-01 4.406808e-03 9.345233e-05 4.974086e-03
105.000 315.000 4.545580e+03 3.766672e+03 9.370601e-02 9.077039e+01 4.493714e+03 3.821169e+03 8.088445e-02 9.088721e+01 -2.458560e-01 4.480303e-03 9.981642e-05 3.740890e-03
105.000 345.000 4.481085e+03 3.371632e+03 1.412827e-01 8.772668e+01 4.431636e+03 3.414748e+03 1.295995e-01 8.783277e+01 -9.987543e-02 4.619532e-03 9.411334e-05 2.748971e-03
135.000 15.000 3.239265e+03 3.723799e+03 -6.958628e-02 8.324270e+01 3.173793e+03 3.797124e+03 -8.941873e-02 8.315756e+01 1.048364e-01 4.329548e-03 1.685534e-04 -2.095351e-03
135.000 45.000 3.949536e+03 4.122089e+03 -2.137780e-02 8.982169e+01 3.851892e+03 4.206949e+03 -4.405810e-02 8.968388e+01 2.499673e-01 4.083639e-03 1.786840e-04 -3.020930e-03
135.000 75.000 3.030437e+03 5.354720e+03 -2.771902e-01 8.798231e+01 2.984205e+03 5.435131e+03 -2.911069e-01 8.778299e+01 3.281196e-01 4.314863e-03 1.119739e-04 -6.879903e-03
135.000 105.000 3.683111e+03 5.076460e+03 -1.590659e-01 9.240095e+01 3.656262e+03 5.125192e+03 -1.672765e-01 9.238905e+01 3.183526e-01 4.756980e-03 6.283601e-05 -5.166813e-03
135.000 135.000 3.088601e+03 3.946668e+03 -1.219665e-01 8.325031e+01 3.103988e+03 3.927699e+03 -1.171428e-01 8.327782e+01 2.232832e-01 4.969682e-03 -4.096384e-05 -4.147128e-03
135.000 165.000 3.341170e+03 3.362032e+03 -3.112287e-03 8.187269e+01 3.391530e+03 3.313769e+03 1.159700e-02 8.188039e+01 6.838534e-02 4.770304e-03 -1.270332e-04 -8.732781e-04
135.000 195.000 3.758079e+03 3.676768e+03 1.093650e-02 8.622040e+01 3.831239e+03 3.604756e+03 3.045765e-02 8.619221e+01 -1.048364e-01 4.329548e-03 -1.601221e-04 1.342755e-03
135.000 225.000 4.314114e+03 2.963452e+03 1.855926e-01 8.382656e+01 4.413164e+03 2.908236e+03 2.055520e-01 8.373804e+01 -2.499672e-01 4.083639e-03 -1.684529e-04 5.195965e-03
135.000 255.000 4.898149e+03 3.513338e+03 1.646333e-01 9.046270e+01 4.967223e+03 3.445054e+03 1.809461e-01 9.020447e+01 -3.281196e-01 4.314863e-03 -1.276916e-04 5.447029e-03
135.000 285.000 4.914192e+03 3.437387e+03 1.768295e-01 8.994685e+01 4.937327e+03 3.400053e+03 1.843834e-01 8.974370e+01 -3.183526e-01 4.756980e-03 -5.945147e-05 5.505274e-03
135.000 315.000 4.642586e+03 4.208356e+03 4.906028e-02 9.396615e+01 4.629334e+03 4.228043e+03 4.530589e-02 9.401700e+01 -2.232833e-01 4.969682e-03 2.824458e-05 2.898315e-03
135.000 345.000 3.773205e+03 3.702534e+03 9.453395e-03 8.645849e+01 3.719580e+03 3.757739e+03 -5.103354e-03 8.647037e+01 -6.838536e-02 4.770304e-03 1.190452e-04 9.003020e-04
165.000 15.000 1.923314e+03 2.165500e+03 -5.923137e-02 6.383157e+01 1.884989e+03 2.209719e+03 -7.930483e-02 6.378836e+01 1.087280e-01 3.605411e-03 2.224430e-04 -2.631289e-03
165.000 45.000 2.625298e+03 2.621356e+03 7.512687e-04 7.243377e+01 2.530454e+03 2.706640e+03 -3.364187e-02 7.232680e+01 2.668089e-01 5.335022e-03 3.359977e-04 -3.673115e-03
165.000 75.000 2.242863e+03 2.492763e+03 -5.277020e-02 6.872001e+01 2.134841e+03 2.582437e+03 -9.488432e-02 6.837257e+01 3.533985e-01 6.012520e-03 4.344376e-04 -5.910487e-03
165.000 105.000 2.582505e+03 3.092750e+03 -8.990703e-02 7.502920e+01 2.471847e+03 3.190069e+03 -1.268514e-01 7.463785e+01 3.452954e-01 5.326806e-03 3.490883e-04 -5.800441e-03
165.000 135.000 2.101427e+03 2.579979e+03 -1.022241e-01 6.806237e+01 2.053778e+03 2.628407e+03 -1.227267e-01 6.790922e+01 2.446706e-01 3.593242e-03 2.132437e-04 -5.096717e-03
165.000 165.000 2.753024e+03 2.590203e+03 3.047240e-02 7.306344e+01 2.753244e+03 2.590495e+03 3.045605e-02 7.306697e+01 7.848650e-02 2.285487e-03 1.582124e-07 -6.571563e-04
165.000 195.000 2.883053e+03 1.595767e+03 2.874163e-01 6.410018e+01 2.941598e+03 1.563069e+03 3.060226e-01 6.389683e+01 -1.087280e-01 3.605411e-03 -2.055762e-04 6.180081e-03
165.000 225.000 1.974513e+03 2.504794e+03 -1.183847e-01 6.645698e+01 2.038276e+03 2.408803e+03 -8.331913e-02 6.645455e+01 -2.668089e-01 5.335022e-03 -3.731068e-04 2.233387e-03
165.000 255.000 2.359121e+03 2.504305e+03 -2.985223e-02 6.970718e+01 2.445687e+03 2.386669e+03 1.221298e-02 6.950996e+01 -3.533985e-01 6.012520e-03 -4.273118e-04 4.641506e-03
165.000 285.000 2.721679e+03 2.362244e+03 7.070026e-02 7.112321e+01 2.815119e+03 2.271942e+03 1.067761e-01 7.091589e+01 -3.452954e-01 5.326806e-03 -3.591891e-04 5.848943e-03
165.000 315.000 3.320236e+03 2.277541e+03 1.862695e-01 7.350887e+01 3.382329e+03 2.230439e+03 2.052266e-01 7.332373e+01 -2.446706e-01 3.593242e-03 -1.825844e-04 5.862423e-03
165.000 345.000 2.457062e+03 2.463148e+03 -1.236900e-03 7.014416e+01 2.459127e+03 2.470070e+03 -2.219970e-03 7.020806e+01 -7.848652e-02 2.285487e-03 9.905589e-06 1.101298e-03
195.000 15.000 1.830324e+03 2.443229e+03 -1.434182e-01 6.469661e+01 1.827640e+03 2.448751e+03 -1.452418e-01 6.470069e+01 7.848649e-02 2.285486e-03 1.993110e-05 -3.429927e-03
195.000 45.000 2.536497e+03 3.433305e+03 -1.502241e-01 7.638770e+01 2.477952e+03 3.507757e+03 -1.720439e-01 7.621376e+01 2.446706e-01 3.593242e-03 2.022128e-04 -5.169610e-03
195.000 75.000 1.943784e+03 2.658876e+03 -1.553651e-01 6.701910e+01 1.876598e+03 2.748459e+03 -1.885081e-01 6.678851e+01 3.452954e-01 5.326806e-03 3.502879e-04 -7.470414e-03
195.000 105.000 2.500991e+03 3.270947e+03 -1.333965e-01 7.529428e+01 2.375306e+03 3.390125e+03 -1.760180e-01 7.474493e+01 3.533985e-01 6.012520e-03 4.017311e-04 -6.465233e-03
195.000 135.000 2.124362e+03 3.018712e+03 -1.738941e-01 7.062260e+01 2.046332e+03 3.108696e+03 -2.060830e-01 7.025733e+01 2.668089e-01 5.335022e-03 3.231249e-04 -6.240254e-03
195.000 165.000 2.384243e+03 2.251278e+03 2.868386e-02 6.805665e+01 2.326819e+03 2.292512e+03 7.426859e-03 6.796379e+01 1.087280e-01 3.605410e-03 2.210104e-04 -1.176140e-03
195.000 195.000 2.853893e+03 2.523356e+03 6.146947e-02 7.319106e+01 2.857476e+03 2.522675e+03 6.222907e-02 7.320735e+01 -7.848647e-02 2.285486e-03 -7.337751e-06 1.912200e-03
195.000 225.000 3.283464e+03 1.612695e+03 3.412407e-01 6.577252e+01 3.345349e+03 1.587341e+03 3.563995e-01 6.562116e+01 -2.446706e-01 3.593241e-03 -1.631562e-04 8.908146e-03
195.000 255.000 2.545184e+03 2.237027e+03 6.443812e-02 6.900981e+01 2.624245e+03 2.146252e+03 1.001978e-01 6.872120e+01 -3.452954e-01 5.326806e-03 -3.671771e-04 5.937322e-03
195.000 285.000 3.805049e+03 2.268332e+03 2.530249e-01 7.539597e+01 3.941857e+03 2.163420e+03 2.912951e-01 7.474775e+01 -3.533985e-01 6.012520e-03 -3.604660e-04 8.043181e-03
195.000 315.000 3.381459e+03 2.287867e+03 1.928964e-01 7.388082e+01 3.496351e+03 2.204634e+03 2.265779e-01 7.354122e+01 -2.668089e-01 5.335022e-03 -3.231043e-04 6.222255e-03
195.000 345.000 2.392562e+03 2.493444e+03 -2.064706e-02 6.988507e+01 2.439975e+03 2.440037e+03 -1.275814e-05 6.985708e+01 -1.087280e-01 3.605411e-03 -2.088225e-04 1.260369e-03
225.000 15.000 3.935387e+03 3.321846e+03 8.454198e-02 8.488441e+01 3.991974e+03 3.273721e+03 9.885531e-02 8.482153e+01 6.838532e-02 4.770304e-03 -1.192776e-04 1.903372e-04
225.000 45.000 3.730192e+03 4.620754e+03 -1.066421e-01 9.086239e+01 3.743557e+03 4.604030e+03 -1.030805e-01 9.087843e+01 2.232832e-01 4.969682e-03 -2.771451e-05 -3.631043e-03
225.000 75.000 3.216472e+03 4.432466e+03 -1.589756e-01 8.634596e+01 3.194179e+03 4.464538e+03 -1.658710e-01 8.630181e+01 3.183526e-01 4.756980e-03 5.648215e-05 -5.528090e-03
225.000 105.000 3.149419e+03 4.344556e+03 -1.594796e-01 8.545979e+01 3.100726e+03 4.395399e+03 -1.727123e-01 8.527907e+01 3.281196e-01 4.314863e-03 1.096051e-04 -5.705599e-03
225.000 135.000 3.766609e+03 5.324999e+03 -1.714097e-01 9.393873e+01 3.674651e+03 5.419191e+03 -1.918374e-01 9.359046e+01 2.499673e-01 4.083639e-03 1.540518e-04 -4.485657e-03
225.000 165.000 3.023490e+03 3.635575e+03 -9.191749e-02 8.125764e+01 2.962428e+03 3.711609e+03 -1.122530e-01 8.117844e+01 1.048364e-01 4.329548e-03 1.770464e-04 -2.421359e-03
225.000 195.000 3.886936e+03 3.595928e+03 3.888990e-02 8.643811e+01 3.830921e+03 3.651247e+03 2.401361e-02 8.647459e+01 -6.838530e-02 4.770304e-03 1.216698e-04 1.241064e-03
225.000 225.000 4.604948e+03 3.308902e+03 1.637694e-01 8.775874e+01 4.579859e+03 3.329965e+03 1.580179e-01 8.781981e+01 -2.232832e-01 4.969682e-03 4.632647e-05 4.410417e-03
225.000 255.000 4.696291e+03 3.296816e+03 1.750852e-01 8.802318e+01 4.708636e+03 3.273427e+03 1.798043e-01 8.788633e+01 -3.183526e-01 4.756980e-03 -3.793896e-05 5.605771e-03
225.000 285.000 4.222818e+03 2.418093e+03 2.717586e-01 7.842488e+01 4.267420e+03 2.380985e+03 2.837425e-01 7.818659e+01 -3.281196e-01 4.314863e-03 -1.082155e-04 7.649081e-03
225.000 315.000 3.275168e+03 3.709665e+03 -6.220591e-02 8.341346e+01 3.343074e+03 3.615201e+03 -3.910833e-02 8.335246e+01 -2.499673e-01 4.083639e-03 -1.958728e-04 2.250972e-03
225.000 345.000 4.363387e+03 3.457120e+03 1.158833e-01 8.783784e+01 4.455910e+03 3.382201e+03 1.369857e-01 8.769851e+01 -1.048364e-01 4.329548e-03 -1.700114e-04 2.512809e-03
255.000 15.000 3.727800e+03 4.189588e+03 -5.832588e-02 8.882823e+01 3.776000e+03 4.143434e+03 -4.639652e-02 8.889537e+01 9.987539e-02 4.619532e-03 -9.492644e-05 -1.780980e-03
255.000 45.000 3.990692e+03 3.883897e+03 1.356204e-02 8.873072e+01 4.050889e+03 3.834279e+03 2.747053e-02 8.876496e+01 2.458560e-01 4.480303e-03 -1.108173e-04 -2.617966e-03
255.000 75.000 4.165506e+03 4.650407e+03 -5.500290e-02 9.375096e+01 4.210978e+03 4.608188e+03 -4.503934e-02 9.381512e+01 3.259597e-01 4.406809e-03 -7.512343e-05 -4.063560e-03
255.000 105.000 3.428932e+03 4.765084e+03 -1.630643e-01 8.930922e+01 3.464179e+03 4.727703e+03 -1.542410e-01 8.942592e+01 3.187228e-01 4.475910e-03 -6.981305e-05 -5.394595e-03
255.000 135.000 3.717783e+03 5.464672e+03 -1.902420e-01 9.407510e+01 3.732972e+03 5.466478e+03 -1.884358e-01 9.419552e+01 2.260843e-01 4.615271e-03 -1.356763e-05 -4.425468e-03
255.000 165.000 4.044617e+03 3.849413e+03 2.472811e-02 8.882119e+01 4.011278e+03 3.873530e+03 1.746998e-02 8.878289e+01 7.286678e-02 4.685497e-03 5.779456e-05 -5.419728e-04
255.000 195.000 4.319092e+03 4.038838e+03 3.353160e-02 9.137031e+01 4.270034e+03 4.091875e+03 2.130604e-02 9.142272e+01 -9.987537e-02 4.619532e-03 9.458534e-05 1.460069e-03
255.000 225.000 5.151061e+03 4.354727e+03 8.377350e-02 9.715491e+01 5.091315e+03 4.416914e+03 7.092822e-02 9.726456e+01 -2.458560e-01 4.480303e-03 9.343701e-05 3.392824e-03
255.000 255.000 5.751495e+03 3.599361e+03 2.301537e-01 9.410385e+01 5.705192e+03 3.657813e+03 2.186669e-01 9.442092e+01 -3.259597e-01 4.406809e-03 8.616800e-05 5.909571e-03
255.000 285.000 4.475005e+03 3.087912e+03 1.834072e-01 8.548984e+01 4.451501e+03 3.119162e+03 1.759871e-01 8.565155e+01 -3.187228e-01 4.475910e-03 6.131514e-05 5.873562e-03
255.000 315.000 4.436208e+03 4.054912e+03 4.490527e-02 9.205432e+01 4.441726e+03 4.062668e+03 4.457197e-02 9.212762e+01 -2.260843e-01 4.615271e-03 2.559215e-06 2.943801e-03
255.000 345.000 3.707575e+03 4.372089e+03 -8.224525e-02 8.958243e+01 3.738974e+03 4.333357e+03 -7.363226e-02 8.960226e+01 -7.286680e-02 4.685497e-03 -6.797795e-05 -1.046907e-04
285.000 15.000 2.934253e+03 3.489618e+03 -8.645330e-02 7.984897e+01 2.957640e+03 3.466832e+03 -7.925820e-02 7.990066e+01 1.284013e-01 4.685497e-03 -6.369601e-05 -2.690762e-03
285.000 45.000 2.858552e+03 3.154377e+03 -4.919812e-02 7.744917e+01 2.911634e+03 3.107869e+03 -3.259978e-02 7.754422e+01 2.862736e-01 4.615272e-03 -1.514491e-04 -4.331508e-03
285.000 75.000 2.728459e+03 3.684281e+03 -1.490505e-01 7.918507e+01 2.806307e+03 3.618313e+03 -1.263897e-01 7.951095e+01 3.674392e-01 4.475910e-03 -2.019405e-04 -6.522564e-03
285.000 105.000 3.063706e+03 3.537106e+03 -7.171842e-02 8.103617e+01 3.150308e+03 3.466550e+03 -4.779337e-02 8.125111e+01 3.501497e-01 4.406808e-03 -2.084889e-04 -5.205924e-03
285.000 135.000 3.278155e+03 3.633497e+03 -5.141191e-02 8.302640e+01 3.330776e+03 3.585548e+03 -3.683640e-02 8.310800e+01 2.390379e-01 4.480303e-03 -1.240735e-04 -3.498283e-03
285.000 165.000 3.232598e+03 3.583308e+03 -5.145467e-02 8.244914e+01 3.244166e+03 3.574490e+03 -4.844403e-02 8.247820e+01 6.387610e-02 4.619532e-03 -2.581554e-05 -1.398811e-03
285.000 195.000 3.596283e+03 3.811814e+03 -2.909404e-02 8.603387e+01 3.571806e+03 3.843234e+03 -3.660504e-02 8.605292e+01 -1.284013e-01 4.685497e-03 6.172557e-05 1.154281e-03
285.000 225.000 3.113747e+03 2.799386e+03 5.316318e-02 7.678816e+01 3.067057e+03 2.850777e+03 3.654722e-02 7.687606e+01 -2.862736e-01 4.615272e-03 1.529211e-04 4.420431e-03
285.000 255.000 3.964732e+03 2.634734e+03 2.015311e-01 7.957028e+01 3.892850e+03 2.709619e+03 1.792103e-01 7.994011e+01 -3.674392e-01 4.475910e-03 1.978956e-04 7.150538e-03
285.000 285.000 2.708247e+03 2.710352e+03 -3.885150e-04 7.361113e+01 2.648821e+03 2.776049e+03 -2.345265e-02 7.363346e+01 -3.501497e-01 4.406808e-03 2.215199e-04 4.751472e-03
285.000 315.000 3.558262e+03 3.223376e+03 4.938139e-02 8.225023e+01 3.510208e+03 3.273737e+03 3.485737e-02 8.231466e+01 -2.390379e-01 4.480303e-03 1.248143e-04 3.506608e-03
285.000 345.000 2.718801e+03 3.611741e+03 -1.410526e-01 7.876922e+01 2.705356e+03 3.608575e+03 -1.430518e-01 7.864301e+01 -6.387612e-02 4.619532e-03 1.796106e-05 -9.797800e-04
315.000 15.000 1.235731e+03 1.668487e+03 -1.490095e-01 5.328915e+01 1.247991e+03 1.650681e+03 -1.389223e-01 5.331724e+01 1.238957e-01 4.329548e-03 -1.338143e-04 -5.121215e-03
315.000 45.000 8.219260e+02 1.879555e+03 -3.914996e-01 4.782697e+01 8.447058e+02 1.841037e+03 -3.709705e-01 4.812622e+01 2.999073e-01 4.083638e-03 -3.025681e-04 -1.445642e-02
315.000 75.000 9.723229e+02 2.005342e+03 -3.469226e-01 5.117897e+01 1.008265e+03 1.958192e+03 -3.202228e-01 5.159717e+01 3.955589e-01 4.314863e-03 -3.673900e-04 -1.450755e-02
315.000 105.000 1.305391e+03 1.774275e+03 -1.522518e-01 5.484776e+01 1.343519e+03 1.730488e+03 -1.258843e-01 5.500267e+01 3.852209e-01 4.756980e-03 -3.394548e-04 -9.799355e-03
315.000 135.000 1.725978e+03 2.036297e+03 -8.248185e-02 6.112838e+01 1.763874e+03 2.006040e+03 -6.423655e-02 6.127282e+01 2.716632e-01 4.969682e-03 -2.108045e-04 -5.793464e-03
315.000 165.000 1.442289e+03 1.306488e+03 4.940397e-02 5.236476e+01 1.452935e+03 1.301515e+03 5.497314e-02 5.240349e+01 8.531365e-02 4.770304e-03 -7.517536e-05 -6.857604e-04
315.000 195.000 1.597293e+03 1.211559e+03 1.373279e-01 5.249648e+01 1.582839e+03 1.222012e+03 1.286438e-01 5.252079e+01 -1.238957e-01 4.329548e-03 1.169450e-04 4.976021e-03
315.000 225.000 1.523001e+03 1.216951e+03 1.116990e-01 5.201699e+01 1.491246e+03 1.250177e+03 8.793586e-02 5.215577e+01 -2.999072e-01 4.083638e-03 3.225997e-04 7.912920e-03
315.000 255.000 1.715767e+03 1.212151e+03 1.720048e-01 5.330378e+01 1.674120e+03 1.252257e+03 1.441586e-01 5.353094e+01 -3.955589e-01 4.314863e-03 3.686093e-04 1.064772e-02
315.000 285.000 1.853322e+03 1.404438e+03 1.377893e-01 5.653236e+01 1.813307e+03 1.449847e+03 1.113830e-01 5.676857e+01 -3.852209e-01 4.756980e-03 3.296002e-04 9.251518e-03
315.000 315.000 1.896664e+03 1.199349e+03 2.252300e-01 5.421214e+01 1.866590e+03 1.223255e+03 2.082097e-01 5.436815e+01 -2.716633e-01 4.969682e-03 2.216824e-04 9.165718e-03
315.000 345.000 2.041248e+03 1.162676e+03 2.742174e-01 5.443349e+01 2.044156e+03 1.170881e+03 2.716221e-01 5.456955e+01 -8.531367e-02 4.770304e-03 3.367093e-05 6.604961e-03
345.000 15.000 4.420296e+02 7.771802e+02 -2.748916e-01 3.357201e+01 4.471675e+02 7.686591e+02 -2.644223e-01 3.362762e+01 1.099516e-01 3.605411e-03 -2.203277e-04 -1.146322e-02
345.000 45.000 3.312764e+02 4.832660e+02 -1.865950e-01 2.803894e+01 3.424830e+02 4.711001e+02 -1.580872e-01 2.816470e+01 2.931182e-01 5.335022e-03 -7.173201e-04 -1.710882e-02
345.000 75.000 5.987778e+02 8.486417e+02 -1.726271e-01 3.747381e+01 6.281042e+02 8.225317e+02 -1.340291e-01 3.774357e+01 3.977440e-01 6.012520e-03 -7.257031e-04 -1.522053e-02
345.000 105.000 7.330589e+02 5.917365e+02 1.066749e-01 3.619005e+01 7.676594e+02 5.730237e+02 1.451765e-01 3.622743e+01 3.957947e-01 5.326805e-03 -7.518832e-04 -7.988929e-03
345.000 135.000 6.196931e+02 7.117833e+02 -6.916401e-02 3.640202e+01 6.396104e+02 6.969946e+02 -4.293285e-02 3.652590e+01 2.877925e-01 3.593242e-03 -5.086722e-04 -9.805953e-03
345.000 165.000 5.551264e+02 8.229412e+02 -1.943408e-01 3.641456e+01 5.583572e+02 8.195160e+02 -1.895376e-01 3.644686e+01 1.026765e-01 2.285487e-03 -9.322854e-05 -8.156554e-03
345.000 195.000 4.531812e+02 5.174556e+02 -6.621884e-02 3.108666e+01 4.479647e+02 5.251905e+02 -7.935619e-02 3.109706e+01 -1.099515e-01 3.605411e-03 2.987761e-04 1.406799e-03
345.000 225.000 9.505605e+02 6.961899e+02 1.544682e-01 4.009312e+01 9.245776e+02 7.198215e+02 1.245173e-01 4.023560e+01 -2.931182e-01 5.335022e-03 5.272955e-04 1.116367e-02
345.000 255.000 9.428379e+02 7.906491e+02 8.779347e-02 4.147440e+01 9.140598e+02 8.287765e+02 4.893358e-02 4.169728e+01 -3.977440e-01 6.012520e-03 6.607536e-04 1.170692e-02
345.000 285.000 6.670999e+02 5.055320e+02 1.377823e-01 3.391711e+01 6.456252e+02 5.294212e+02 9.889304e-02 3.411092e+01 -3.957947e-01 5.326805e-03 8.084538e-04 1.573179e-02
345.000 315.000 7.056726e+02 4.348350e+02 2.374711e-01 3.280536e+01 6.888417e+02 4.493310e+02 2.104344e-01 3.298138e+01 -2.877925e-01 3.593242e-03 5.812042e-04 1.601152e-02
345.000 345.000 6.952195e+02 6.516266e+02 3.236668e-02 3.668017e+01 6.899999e+02 6.567817e+02 2.466486e-02 3.668736e+01 -1.026765e-01 2.285487e-03 1.484583e-04 3.681640e-03
