  #t  #Q2   A1M1_AVG      A_1M1     dA_1M1   A0P1_AVG      A_0P1     dA_0P1   A2M1_AVG      A_2M1     dA_2M1   A3M1_AVG      A_3M1     dA_3M1   A1P1_AVG      A_1P1     dA_1P1       Asym      Astat          t         tp         xb         Q2          W     Dilute
   4    0 -4.369e-02 -1.781e-02 3.5792e-03  3.937e-01  3.750e-01 3.5236e-03 -4.979e-03 -2.137e-02 3.5525e-03  2.469e-04  1.734e-02 3.5303e-03  1.639e-02  1.279e-02 3.5378e-03 9.7161e-03 2.1264e-03 3.3556e-01 2.0298e-02 4.3291e-01 5.3387e+00 2.8149e+00 7.6371e-01
   Phi   PhiS      N_U_avg      N_D_avg     Asym_avg    dAsym_avg      N_U_fit      N_D_fit     Asym_fit    dAsym_fit     Asym_cal    dAsym_cal     GOOD_fit     GOOD_cal
15.000 15.000 1.238112e+03 1.064492e+03 7.540140e-02 4.784886e+01 1.239701e+03 1.057174e+03 7.946747e-02 4.777415e+01 1.065912e-01 2.814579e-03 -6.013512e-05 -6.518396e-04
15.000 45.000 9.453290e+02 1.556520e+03 -2.442958e-01 4.850297e+01 9.645066e+02 1.532711e+03 -2.275350e-01 4.866139e+01 2.906775e-01 4.432038e-03 -2.439503e-04 -1.102970e-02
15.000 75.000 7.746783e+02 1.032835e+03 -1.428241e-01 4.207900e+01 8.002404e+02 1.011491e+03 -1.166013e-01 4.227409e+01 3.968770e-01 6.567646e-03 -4.396344e-04 -1.282590e-02
15.000 105.000 8.169451e+02 1.357807e+03 -2.487003e-01 4.516901e+01 8.478793e+02 1.331348e+03 -2.218532e-01 4.551888e+01 3.967336e-01 7.409715e-03 -4.186585e-04 -1.428931e-02
15.000 135.000 8.547083e+02 6.767633e+02 1.161922e-01 3.886896e+01 8.742426e+02 6.627989e+02 1.375654e-01 3.883239e+01 2.902858e-01 6.571360e-03 -3.890066e-04 -4.478989e-03
15.000 165.000 8.661253e+02 1.356356e+03 -2.205781e-01 4.598203e+01 8.755224e+02 1.344375e+03 -2.112048e-01 4.605295e+01 1.060562e-01 4.437540e-03 -1.440317e-04 -7.103520e-03
15.000 195.000 8.080190e+02 8.999163e+02 -5.380612e-02 4.126731e+01 8.049229e+02 9.036593e+02 -5.778849e-02 4.126592e+01 -1.065912e-01 2.814579e-03 6.823809e-05 1.279100e-03
15.000 225.000 1.089447e+03 6.496820e+02 2.528652e-01 4.034759e+01 1.072080e+03 6.624612e+02 2.361541e-01 4.046984e+01 -2.906775e-01 4.432038e-03 2.924249e-04 1.347150e-02
15.000 255.000 1.428778e+03 7.351437e+02 3.205449e-01 4.406337e+01 1.403425e+03 7.608206e+02 2.969186e-01 4.442347e+01 -3.968770e-01 6.567646e-03 3.775982e-04 1.628159e-02
15.000 285.000 1.214441e+03 7.414848e+02 2.418067e-01 4.291342e+01 1.188009e+03 7.673519e+02 2.151303e-01 4.318408e+01 -3.967336e-01 7.409715e-03 4.381765e-04 1.487973e-02
15.000 315.000 1.048918e+03 8.225766e+02 1.209417e-01 4.294323e+01 1.030452e+03 8.428954e+02 1.001184e-01 4.306471e+01 -2.902858e-01 6.571360e-03 3.423941e-04 9.576074e-03
15.000 345.000 8.301015e+02 1.136148e+03 -1.556499e-01 4.380198e+01 8.212459e+02 1.148039e+03 -1.659450e-01 4.376134e+01 -1.060562e-01 4.437540e-03 1.662736e-04 -1.132226e-03
45.000 15.000 9.922745e+02 1.527902e+03 -2.125357e-01 4.905442e+01 9.944186e+02 1.528267e+03 -2.116189e-01 4.908883e+01 9.360365e-02 5.877373e-03 -1.321090e-05 -6.240811e-03
45.000 45.000 1.372262e+03 1.920727e+03 -1.665554e-01 5.658303e+01 1.394654e+03 1.898934e+03 -1.531097e-01 5.671311e+01 2.801842e-01 6.123484e-03 -1.678358e-04 -7.895293e-03
45.000 75.000 1.638270e+03 1.380595e+03 8.535516e-02 5.474368e+01 1.669828e+03 1.360133e+03 1.022107e-01 5.475680e+01 3.916896e-01 5.862287e-03 -2.176914e-04 -5.595794e-03
45.000 105.000 1.291002e+03 1.802524e+03 -1.653524e-01 5.485385e+01 1.319764e+03 1.771181e+03 -1.460451e-01 5.500016e+01 3.982421e-01 5.318103e-03 -2.485539e-04 -1.027447e-02
45.000 135.000 1.364176e+03 2.074394e+03 -2.065445e-01 5.737490e+01 1.388706e+03 2.044184e+03 -1.909405e-01 5.751289e+01 2.980859e-01 5.032761e-03 -1.920783e-04 -8.795318e-03
45.000 165.000 1.484588e+03 1.522056e+03 -1.246196e-02 5.482861e+01 1.496734e+03 1.510351e+03 -4.528257e-03 5.483633e+01 1.180579e-01 5.334728e-03 -1.023111e-04 -2.380506e-03
45.000 195.000 1.199668e+03 1.472509e+03 -1.021042e-01 5.142294e+01 1.195492e+03 1.479643e+03 -1.062193e-01 5.142911e+01 -9.360363e-02 5.877373e-03 5.658252e-05 -1.653076e-04
45.000 225.000 1.593540e+03 1.374361e+03 7.384985e-02 5.432968e+01 1.574831e+03 1.395080e+03 6.052386e-02 5.439698e+01 -2.801842e-01 6.123484e-03 1.733318e-04 6.516402e-03
45.000 255.000 2.185785e+03 1.210034e+03 2.873388e-01 5.581620e+01 2.155488e+03 1.231782e+03 2.726993e-01 5.599443e+01 -3.916896e-01 5.862287e-03 1.851640e-04 1.216543e-02
45.000 285.000 1.011549e+03 1.198027e+03 -8.439563e-02 4.683843e+01 9.947421e+02 1.227355e+03 -1.046816e-01 4.688013e+01 -3.982421e-01 5.318103e-03 3.061150e-04 6.700618e-03
45.000 315.000 1.599099e+03 1.081461e+03 1.931080e-01 5.079960e+01 1.578811e+03 1.100319e+03 1.785996e-01 5.092810e+01 -2.980859e-01 5.032761e-03 2.016949e-04 9.669248e-03
45.000 345.000 1.665107e+03 1.260408e+03 1.383342e-01 5.356801e+01 1.653714e+03 1.271583e+03 1.306301e-01 5.362256e+01 -1.180579e-01 5.334728e-03 1.016440e-04 4.786291e-03
75.000 15.000 1.892814e+03 1.658365e+03 6.602004e-02 5.946176e+01 1.901998e+03 1.651429e+03 7.051483e-02 5.946224e+01 7.064236e-02 5.690484e-03 -5.345085e-05 -7.773587e-05
75.000 45.000 1.880818e+03 2.511713e+03 -1.436289e-01 6.558900e+01 1.899014e+03 2.492041e+03 -1.350535e-01 6.565794e+01 2.466947e-01 5.529234e-03 -9.240172e-05 -5.951052e-03
75.000 75.000 1.896710e+03 2.518613e+03 -1.408510e-01 6.578547e+01 1.921341e+03 2.491133e+03 -1.291322e-01 6.587029e+01 3.566453e-01 5.440926e-03 -1.258803e-04 -7.562405e-03
75.000 105.000 1.777195e+03 1.921909e+03 -3.912135e-02 6.077370e+01 1.806236e+03 1.893856e+03 -2.368061e-02 6.081133e+01 3.710332e-01 5.517619e-03 -1.795987e-04 -6.748882e-03
75.000 135.000 1.388775e+03 1.841746e+03 -1.402159e-01 5.627617e+01 1.409141e+03 1.820936e+03 -1.274878e-01 5.637001e+01 2.860030e-01 5.679199e-03 -1.597943e-04 -7.573701e-03
75.000 165.000 1.580747e+03 2.897063e+03 -2.939641e-01 6.395984e+01 1.588208e+03 2.884317e+03 -2.897936e-01 6.400720e+01 1.243385e-01 5.763857e-03 -4.608938e-05 -6.540083e-03
75.000 195.000 2.522698e+03 2.067827e+03 9.908918e-02 6.741997e+01 2.524436e+03 2.071102e+03 9.864653e-02 6.745975e+01 -7.064234e-02 5.690484e-03 4.641207e-06 2.517526e-03
75.000 225.000 2.586932e+03 2.095483e+03 1.049562e-01 6.805024e+01 2.564834e+03 2.119100e+03 9.516230e-02 6.812868e+01 -2.466947e-01 5.529234e-03 1.017095e-04 5.167519e-03
75.000 255.000 2.634091e+03 1.656547e+03 2.278318e-01 6.378027e+01 2.595589e+03 1.689430e+03 2.114714e-01 6.397963e+01 -3.566453e-01 5.440926e-03 1.810981e-04 9.163918e-03
75.000 285.000 2.387110e+03 2.136112e+03 5.549109e-02 6.715127e+01 2.359211e+03 2.171066e+03 4.153046e-02 6.724927e+01 -3.710332e-01 5.517619e-03 1.468990e-04 6.351693e-03
75.000 315.000 1.735439e+03 2.121626e+03 -1.001246e-01 6.179319e+01 1.715090e+03 2.147321e+03 -1.119070e-01 6.175793e+01 -2.860030e-01 5.679199e-03 1.348659e-04 3.008072e-03
75.000 345.000 2.168506e+03 2.754466e+03 -1.190258e-01 6.966511e+01 2.161056e+03 2.768460e+03 -1.232178e-01 6.967549e+01 -1.243386e-01 5.763857e-03 4.254581e-05 7.626083e-05
105.000 15.000 1.931768e+03 1.822033e+03 2.923304e-02 6.124208e+01 1.920260e+03 1.832620e+03 2.335277e-02 6.124404e+01 8.083769e-02 5.763858e-03 6.789306e-05 -8.426337e-04
105.000 45.000 1.690874e+03 2.091178e+03 -1.058432e-01 6.115294e+01 1.688859e+03 2.085320e+03 -1.050457e-01 6.109445e+01 2.332652e-01 5.679199e-03 -9.225580e-06 -5.545250e-03
105.000 75.000 2.041981e+03 2.254488e+03 -4.946086e-02 6.546723e+01 2.067330e+03 2.236967e+03 -3.941102e-02 6.555617e+01 3.231894e-01 5.517619e-03 -1.084739e-04 -5.692165e-03
105.000 105.000 1.559803e+03 2.438971e+03 -2.198593e-01 6.168859e+01 1.583216e+03 2.416092e+03 -2.082549e-01 6.185351e+01 3.265154e-01 5.440926e-03 -1.328379e-04 -8.856982e-03
105.000 135.000 2.087696e+03 2.159278e+03 -1.685489e-02 6.515955e+01 2.127105e+03 2.130502e+03 -7.978429e-04 6.525032e+01 2.423518e-01 5.529234e-03 -1.741286e-04 -3.978030e-03
105.000 165.000 2.023943e+03 2.037065e+03 -3.231018e-03 6.372571e+01 2.051134e+03 2.014948e+03 8.899492e-03 6.376331e+01 9.325020e-02 5.690485e-03 -1.345617e-04 -1.514008e-03
105.000 195.000 1.731955e+03 1.895970e+03 -4.520906e-02 6.017068e+01 1.738669e+03 1.885643e+03 -4.055226e-02 6.015274e+01 -8.083767e-02 5.763858e-03 -5.473332e-05 5.921258e-04
105.000 225.000 1.850342e+03 1.481059e+03 1.108492e-01 5.736259e+01 1.843655e+03 1.485219e+03 1.076748e-01 5.736095e+01 -2.332652e-01 5.679199e-03 3.913130e-05 5.998934e-03
105.000 255.000 2.589884e+03 1.540407e+03 2.540926e-01 6.215808e+01 2.569247e+03 1.561294e+03 2.440244e-01 6.232636e+01 -3.231894e-01 5.517619e-03 1.143814e-04 9.287322e-03
105.000 285.000 2.245946e+03 1.773125e+03 1.176444e-01 6.295591e+01 2.218990e+03 1.806086e+03 1.025828e-01 6.310879e+01 -3.265154e-01 5.440926e-03 1.689638e-04 7.055093e-03
105.000 315.000 1.735673e+03 1.283954e+03 1.495943e-01 5.433279e+01 1.710213e+03 1.311613e+03 1.319068e-01 5.449081e+01 -2.423518e-01 5.529234e-03 2.298574e-04 7.213804e-03
105.000 345.000 2.368698e+03 1.766710e+03 1.455692e-01 6.362215e+01 2.342168e+03 1.790365e+03 1.335268e-01 6.370912e+01 -9.325022e-02 5.690485e-03 1.337496e-04 3.753714e-03
135.000 15.000 1.264254e+03 1.634013e+03 -1.275795e-01 5.339563e+01 1.240343e+03 1.664615e+03 -1.460512e-01 5.331972e+01 1.173401e-01 5.334728e-03 2.447900e-04 -4.586884e-03
135.000 45.000 1.556611e+03 1.986507e+03 -1.213328e-01 5.908432e+01 1.529362e+03 2.014128e+03 -1.368045e-01 5.896755e+01 2.624659e-01 5.032760e-03 1.853446e-04 -6.495778e-03
135.000 75.000 1.628831e+03 2.265512e+03 -1.634889e-01 6.156503e+01 1.612473e+03 2.281695e+03 -1.718525e-01 6.147488e+01 3.372642e-01 5.318103e-03 9.613154e-05 -8.133726e-03
135.000 105.000 1.872729e+03 2.098457e+03 -5.684138e-02 6.291546e+01 1.873759e+03 2.087961e+03 -5.406797e-02 6.285013e+01 3.216929e-01 5.862287e-03 -3.118658e-05 -6.016554e-03
135.000 135.000 2.371926e+03 2.744579e+03 -7.283340e-02 7.133977e+01 2.397773e+03 2.718675e+03 -6.271960e-02 7.138852e+01 2.199242e-01 6.123484e-03 -1.002119e-04 -4.103708e-03
135.000 165.000 1.598837e+03 1.724842e+03 -3.791131e-02 5.760991e+01 1.632034e+03 1.694164e+03 -1.867884e-02 5.766314e+01 5.922698e-02 5.877373e-03 -2.359512e-04 -1.686138e-03
135.000 195.000 1.807242e+03 1.044138e+03 2.676262e-01 5.145049e+01 1.839545e+03 1.024803e+03 2.844423e-01 5.130889e+01 -1.173400e-01 5.334728e-03 -2.314292e-04 7.482266e-03
135.000 225.000 2.157160e+03 1.397387e+03 2.137466e-01 5.824215e+01 2.187740e+03 1.374001e+03 2.284667e-01 5.810188e+01 -2.624659e-01 5.032760e-03 -1.789289e-04 8.176424e-03
135.000 255.000 2.399127e+03 1.389460e+03 2.665023e-01 5.932545e+01 2.415899e+03 1.388498e+03 2.700561e-01 5.938806e+01 -3.372642e-01 5.318103e-03 -4.233589e-05 1.017719e-02
135.000 285.000 2.060510e+03 1.925418e+03 3.389221e-02 6.309794e+01 2.061632e+03 1.927308e+03 3.367391e-02 6.312224e+01 -3.216929e-01 5.862287e-03 2.445895e-06 5.635447e-03
135.000 315.000 2.047533e+03 1.468701e+03 1.646169e-01 5.848887e+01 2.024614e+03 1.492535e+03 1.512813e-01 5.862299e+01 -2.199242e-01 6.123484e-03 1.610375e-04 6.574602e-03
135.000 345.000 1.607582e+03 1.437647e+03 5.580359e-02 5.509761e+01 1.578420e+03 1.466248e+03 3.684203e-02 5.514104e+01 -5.922700e-02 5.877373e-03 2.432513e-04 2.087760e-03
165.000 15.000 9.172717e+02 8.674169e+02 2.793474e-02 4.222909e+01 8.971500e+02 8.849564e+02 6.842223e-03 4.221401e+01 1.182799e-01 4.437540e-03 3.532475e-04 -2.139406e-03
165.000 45.000 6.181636e+02 1.087887e+03 -2.753279e-01 3.970797e+01 5.980176e+02 1.123807e+03 -3.053676e-01 3.951285e+01 2.813280e-01 6.571360e-03 5.362524e-04 -1.401875e-02
165.000 75.000 7.556332e+02 9.768988e+02 -1.277123e-01 4.128285e+01 7.266098e+02 1.014247e+03 -1.652272e-01 4.115010e+01 3.689944e-01 7.409715e-03 6.436019e-04 -1.203179e-02
165.000 105.000 6.747961e+02 1.041905e+03 -2.138454e-01 4.047464e+01 6.569835e+02 1.064841e+03 -2.368750e-01 4.031393e+01 3.577891e-01 6.567646e-03 4.031354e-04 -1.412328e-02
165.000 135.000 7.297251e+02 7.998805e+02 -4.586503e-02 3.906901e+01 7.219910e+02 8.142931e+02 -6.008142e-02 3.912465e+01 2.507145e-01 4.432039e-03 2.571181e-04 -7.591171e-03
165.000 165.000 6.652933e+02 9.386481e+02 -1.704269e-01 3.946333e+01 6.671239e+02 9.300140e+02 -1.646007e-01 3.941911e+01 7.646119e-02 2.814580e-03 -1.044535e-04 -6.256141e-03
165.000 195.000 1.063714e+03 3.351027e+02 5.208769e-01 3.192647e+01 1.083363e+03 3.295772e+02 5.334872e-01 3.179316e+01 -1.182799e-01 4.437540e-03 -2.798784e-04 2.001965e-02
165.000 225.000 7.014301e+02 7.846987e+02 -5.603052e-02 3.848978e+01 7.220464e+02 7.571761e+02 -2.374875e-02 3.844981e+01 -2.813279e-01 6.571359e-03 -5.933656e-04 5.853435e-03
165.000 255.000 3.881825e+02 7.265912e+02 -3.035672e-01 3.181264e+01 3.971591e+02 6.970583e+02 -2.740765e-01 3.181229e+01 -3.689944e-01 7.409715e-03 -6.555001e-04 2.056643e-03
165.000 285.000 1.442583e+03 4.758578e+02 5.039120e-01 3.783248e+01 1.472174e+03 4.586472e+02 5.249201e-01 3.740054e+01 -3.577892e-01 6.567646e-03 -3.948991e-04 2.277676e-02
165.000 315.000 9.641924e+02 9.787090e+02 -7.471601e-03 4.407712e+01 9.754425e+02 9.621051e+02 6.883653e-03 4.401654e+01 -2.507146e-01 4.432039e-03 -2.304523e-04 5.518576e-03
165.000 345.000 1.241481e+03 1.116470e+03 5.301709e-02 4.849044e+01 1.238843e+03 1.123541e+03 4.880734e-02 4.854643e+01 -7.646121e-02 2.814580e-03 6.135283e-05 2.670182e-03
195.000 15.000 8.334060e+02 8.947224e+02 -3.548137e-02 4.154459e+01 8.383899e+02 8.943510e+02 -3.229630e-02 4.160449e+01 7.646118e-02 2.814579e-03 -5.417214e-05 -2.694516e-03
195.000 45.000 7.977169e+02 8.592969e+02 -3.716324e-02 4.067831e+01 7.831884e+02 8.708656e+02 -5.300745e-02 4.061289e+01 2.507145e-01 4.432039e-03 2.756397e-04 -7.076935e-03
195.000 75.000 9.689530e+02 1.260370e+03 -1.307201e-01 4.681057e+01 9.422414e+02 1.293839e+03 -1.572385e-01 4.669899e+01 3.577891e-01 6.567646e-03 4.010570e-04 -1.043587e-02
195.000 105.000 7.606159e+02 5.457163e+02 1.645061e-01 3.565080e+01 7.310292e+02 5.605051e+02 1.320322e-01 3.562330e+01 3.689944e-01 7.409715e-03 6.443440e-04 -5.735868e-03
195.000 135.000 6.832438e+02 1.077523e+03 -2.239249e-01 4.089594e+01 6.592033e+02 1.103525e+03 -2.520650e-01 4.062918e+01 2.813280e-01 6.571360e-03 4.881424e-04 -1.235460e-02
195.000 165.000 9.352603e+02 8.437700e+02 5.142705e-02 4.212274e+01 9.125689e+02 8.634476e+02 2.765814e-02 4.212669e+01 1.182799e-01 4.437539e-03 3.989856e-04 -1.587097e-03
195.000 195.000 8.308718e+02 9.308654e+02 -5.675850e-02 4.190539e+01 8.260401e+02 9.346638e+02 -6.169330e-02 4.188081e+01 -7.646116e-02 2.814579e-03 8.329355e-05 4.701700e-04
195.000 225.000 7.180385e+02 5.858026e+02 1.014203e-01 3.592255e+01 7.257731e+02 5.808399e+02 1.109229e-01 3.592404e+01 -2.507145e-01 4.432038e-03 -1.870471e-04 9.802611e-03
195.000 255.000 7.910423e+02 9.505542e+02 -9.158946e-02 4.155703e+01 8.087984e+02 9.131795e+02 -6.061696e-02 4.142041e+01 -3.577891e-01 6.567646e-03 -5.278743e-04 6.405647e-03
195.000 285.000 1.295903e+03 8.888743e+02 1.863021e-01 4.592327e+01 1.341968e+03 8.553568e+02 2.214561e-01 4.571172e+01 -3.689944e-01 7.409715e-03 -5.425330e-04 1.209183e-02
195.000 315.000 8.958821e+02 9.335749e+02 -2.060326e-02 4.276307e+01 9.227492e+02 9.044066e+02 1.003885e-02 4.274309e+01 -2.813280e-01 6.571360e-03 -5.067997e-04 6.096959e-03
195.000 345.000 7.581791e+02 3.527782e+02 3.649114e-01 3.103259e+01 7.734892e+02 3.445383e+02 3.836676e-01 3.087803e+01 -1.182799e-01 4.437540e-03 -4.284438e-04 1.557044e-02
225.000 15.000 1.497088e+03 2.087659e+03 -1.647455e-01 5.905465e+01 1.525952e+03 2.050027e+03 -1.465541e-01 5.915382e+01 5.922696e-02 5.877373e-03 -2.176369e-04 -3.792631e-03
225.000 45.000 1.225673e+03 1.616506e+03 -1.375116e-01 5.280564e+01 1.252212e+03 1.590513e+03 -1.190057e-01 5.293832e+01 2.199242e-01 6.123484e-03 -2.474974e-04 -6.768894e-03
225.000 75.000 1.692474e+03 1.911789e+03 -6.084879e-02 5.992426e+01 1.706316e+03 1.905918e+03 -5.525728e-02 6.001003e+01 3.216929e-01 5.862287e-03 -6.593274e-05 -6.383753e-03
225.000 105.000 1.521463e+03 2.340522e+03 -2.120825e-01 6.073118e+01 1.521310e+03 2.351890e+03 -2.144428e-01 6.078723e+01 3.372642e-01 5.318103e-03 2.746897e-05 -9.045547e-03
225.000 135.000 1.769904e+03 2.519852e+03 -1.748231e-01 6.448758e+01 1.735018e+03 2.552020e+03 -1.905748e-01 6.427549e+01 2.624659e-01 5.032761e-03 1.730022e-04 -6.780981e-03
225.000 165.000 1.375694e+03 1.480899e+03 -3.682874e-02 5.341085e+01 1.348938e+03 1.513738e+03 -5.756840e-02 5.341525e+01 1.173401e-01 5.334728e-03 2.745612e-04 -2.886470e-03
225.000 195.000 1.993640e+03 1.513687e+03 1.368430e-01 5.866556e+01 1.956786e+03 1.543703e+03 1.180072e-01 5.875154e+01 -5.922694e-02 5.877373e-03 2.268656e-04 3.342165e-03
225.000 225.000 2.311946e+03 1.532361e+03 2.027895e-01 6.071421e+01 2.282000e+03 1.555007e+03 1.894688e-01 6.082157e+01 -2.199242e-01 6.123484e-03 1.550021e-04 6.962350e-03
225.000 255.000 1.833380e+03 1.182910e+03 2.156522e-01 5.362848e+01 1.828878e+03 1.192163e+03 2.107602e-01 5.372938e+01 -3.216929e-01 5.862287e-03 6.444213e-05 1.001977e-02
225.000 285.000 1.956486e+03 1.536907e+03 1.201065e-01 5.867707e+01 1.955399e+03 1.524109e+03 1.239512e-01 5.853246e+01 -3.372642e-01 5.318103e-03 -4.638932e-05 7.794711e-03
225.000 315.000 1.929134e+03 1.621250e+03 8.671839e-02 5.936064e+01 1.950548e+03 1.596030e+03 9.996076e-02 5.925487e+01 -2.624659e-01 5.032761e-03 -1.578844e-04 5.882422e-03
225.000 345.000 2.172283e+03 1.859779e+03 7.750463e-02 6.330751e+01 2.215514e+03 1.820816e+03 9.778624e-02 6.322764e+01 -1.173401e-01 5.334728e-03 -2.266763e-04 3.077751e-03
255.000 15.000 2.100905e+03 2.291543e+03 -4.340128e-02 6.621310e+01 2.125440e+03 2.265824e+03 -3.196900e-02 6.623274e+01 9.325017e-02 5.690484e-03 -1.220702e-04 -2.063813e-03
255.000 45.000 1.716923e+03 2.790693e+03 -2.382124e-01 6.520606e+01 1.745440e+03 2.756454e+03 -2.245752e-01 6.538230e+01 2.423517e-01 5.529234e-03 -1.476851e-04 -7.369931e-03
255.000 75.000 2.255557e+03 2.053981e+03 4.677453e-02 6.557522e+01 2.291143e+03 2.031329e+03 6.010774e-02 6.562664e+01 3.265153e-01 5.440927e-03 -1.437176e-04 -4.265953e-03
255.000 105.000 1.818419e+03 2.132937e+03 -7.959744e-02 6.266036e+01 1.844383e+03 2.105522e+03 -6.611261e-02 6.271077e+01 3.231894e-01 5.517619e-03 -1.521118e-04 -6.428097e-03
255.000 135.000 2.167004e+03 1.608803e+03 1.478361e-01 6.077240e+01 2.172840e+03 1.603336e+03 1.508149e-01 6.074772e+01 2.332652e-01 5.679199e-03 -3.466677e-05 -1.405722e-03
255.000 165.000 2.350876e+03 2.172939e+03 3.933338e-02 6.720727e+01 2.337248e+03 2.180032e+03 3.480335e-02 6.717000e+01 8.083771e-02 5.763857e-03 4.767490e-05 -6.175572e-04
255.000 195.000 2.082464e+03 2.479000e+03 -8.693181e-02 6.728293e+01 2.057309e+03 2.510587e+03 -9.923122e-02 6.725264e+01 -9.325016e-02 5.690484e-03 1.292891e-04 9.390709e-05
255.000 225.000 2.571643e+03 1.393890e+03 2.969975e-01 6.013105e+01 2.541824e+03 1.417107e+03 2.840962e-01 6.032747e+01 -2.423517e-01 5.529234e-03 1.514641e-04 8.969563e-03
255.000 255.000 2.624712e+03 1.776934e+03 1.926048e-01 6.510269e+01 2.600408e+03 1.805027e+03 1.805455e-01 6.528271e+01 -3.265153e-01 5.440927e-03 1.308001e-04 7.973867e-03
255.000 285.000 2.061494e+03 1.572408e+03 1.345898e-01 5.973338e+01 2.042034e+03 1.584729e+03 1.260919e-01 5.974195e+01 -3.231894e-01 5.517619e-03 1.005890e-04 7.663709e-03
255.000 315.000 2.418860e+03 1.426100e+03 2.581977e-01 5.990519e+01 2.412802e+03 1.430933e+03 2.554467e-01 5.994097e+01 -2.332652e-01 5.679199e-03 3.246251e-05 8.204012e-03
255.000 345.000 1.589365e+03 2.156674e+03 -1.514423e-01 6.049897e+01 1.598435e+03 2.143999e+03 -1.457780e-01 6.052192e+01 -8.083773e-02 5.763857e-03 -6.619131e-05 -1.167038e-03
285.000 15.000 1.520754e+03 2.034881e+03 -1.445949e-01 5.900250e+01 1.526861e+03 2.025924e+03 -1.404707e-01 5.901425e+01 1.243385e-01 5.763858e-03 -4.942031e-05 -4.558000e-03
285.000 45.000 1.964374e+03 2.318537e+03 -8.269206e-02 6.521982e+01 1.992927e+03 2.296563e+03 -7.078616e-02 6.532991e+01 2.860030e-01 5.679199e-03 -1.289737e-04 -5.653113e-03
285.000 75.000 1.728986e+03 2.821561e+03 -2.400975e-01 6.548453e+01 1.766618e+03 2.795082e+03 -2.254564e-01 6.580141e+01 3.710332e-01 5.517619e-03 -1.577131e-04 -9.332444e-03
285.000 105.000 1.818955e+03 2.366820e+03 -1.308872e-01 6.414099e+01 1.848007e+03 2.332022e+03 -1.157925e-01 6.421825e+01 3.566453e-01 5.440926e-03 -1.663081e-04 -7.600951e-03
285.000 135.000 1.835936e+03 2.554347e+03 -1.636365e-01 6.536608e+01 1.857993e+03 2.529046e+03 -1.529626e-01 6.545527e+01 2.466947e-01 5.529234e-03 -1.153882e-04 -6.277433e-03
285.000 165.000 1.977353e+03 1.953345e+03 6.107761e-03 6.269411e+01 1.986768e+03 1.948781e+03 9.652181e-03 6.273104e+01 7.064237e-02 5.690485e-03 -3.996460e-05 -1.029357e-03
285.000 195.000 2.027221e+03 2.319887e+03 -6.732443e-02 6.578301e+01 2.017982e+03 2.329029e+03 -7.155433e-02 6.576287e+01 -1.243385e-01 5.763858e-03 4.547452e-05 8.666990e-04
285.000 225.000 2.700124e+03 1.880022e+03 1.790559e-01 6.658304e+01 2.675676e+03 1.902577e+03 1.688633e-01 6.669112e+01 -2.860030e-01 5.679199e-03 1.081568e-04 6.984644e-03
285.000 255.000 2.410564e+03 1.536092e+03 2.215728e-01 6.126089e+01 2.375618e+03 1.563179e+03 2.062656e-01 6.141025e+01 -3.710332e-01 5.517619e-03 1.764683e-04 9.673479e-03
285.000 285.000 2.167235e+03 2.095011e+03 1.694519e-02 6.527650e+01 2.144331e+03 2.122639e+03 5.083662e-03 6.532121e+01 -3.566454e-01 5.440926e-03 1.284459e-04 5.723201e-03
285.000 315.000 2.186351e+03 2.193449e+03 -1.620614e-03 6.617997e+01 2.170005e+03 2.219063e+03 -1.117721e-02 6.624590e+01 -2.466947e-01 5.529234e-03 1.020576e-04 3.703146e-03
285.000 345.000 2.083389e+03 2.139523e+03 -1.329282e-02 6.497819e+01 2.077024e+03 2.147359e+03 -1.664980e-02 6.498624e+01 -7.064239e-02 5.690485e-03 3.652914e-05 8.825973e-04
315.000 15.000 1.381553e+03 1.611199e+03 -7.673401e-02 5.454476e+01 1.393530e+03 1.600377e+03 -6.908930e-02 5.458586e+01 1.180579e-01 5.334728e-03 -9.906708e-05 -3.571230e-03
315.000 45.000 1.511748e+03 1.751443e+03 -7.345407e-02 5.697003e+01 1.540569e+03 1.727332e+03 -5.715059e-02 5.707213e+01 2.980859e-01 5.032760e-03 -2.021761e-04 -6.521674e-03
315.000 75.000 1.187814e+03 1.648280e+03 -1.623591e-01 5.254839e+01 1.221777e+03 1.617142e+03 -1.392661e-01 5.276227e+01 3.982421e-01 5.318103e-03 -3.101151e-04 -1.066828e-02
315.000 105.000 1.432836e+03 2.358348e+03 -2.441220e-01 5.970968e+01 1.461028e+03 2.329569e+03 -2.291303e-01 5.992986e+01 3.916896e-01 5.862287e-03 -1.772115e-04 -1.064838e-02
315.000 135.000 1.660971e+03 1.328407e+03 1.112487e-01 5.433581e+01 1.674011e+03 1.316275e+03 1.196329e-01 5.429078e+01 2.801842e-01 6.123484e-03 -1.091541e-04 -3.109101e-03
315.000 165.000 1.212798e+03 1.083318e+03 5.639088e-02 4.784156e+01 1.213846e+03 1.079597e+03 5.853608e-02 4.780779e+01 9.360367e-02 5.877373e-03 -3.171756e-05 -7.778338e-04
315.000 195.000 1.649463e+03 1.249737e+03 1.378745e-01 5.332999e+01 1.638233e+03 1.258735e+03 1.309983e-01 5.335967e+01 -1.180579e-01 5.334728e-03 9.114671e-05 4.799033e-03
315.000 225.000 1.938372e+03 1.363619e+03 1.740626e-01 5.658576e+01 1.907677e+03 1.388028e+03 1.576745e-01 5.669012e+01 -2.980859e-01 5.032760e-03 2.045995e-04 8.343945e-03
315.000 255.000 2.123971e+03 1.300036e+03 2.406349e-01 5.679559e+01 2.087300e+03 1.327340e+03 2.225594e-01 5.696933e+01 -3.982421e-01 5.318103e-03 2.246958e-04 1.124871e-02
315.000 285.000 1.689192e+03 1.143369e+03 1.926959e-01 5.222436e+01 1.665144e+03 1.166981e+03 1.758971e-01 5.238797e+01 -3.916896e-01 5.862287e-03 2.270966e-04 1.118990e-02
315.000 315.000 1.911646e+03 1.084401e+03 2.761124e-01 5.260831e+01 1.897806e+03 1.100085e+03 2.660941e-01 5.277900e+01 -2.801842e-01 6.123484e-03 1.344366e-04 1.057431e-02
315.000 345.000 1.127329e+03 1.498060e+03 -1.412100e-01 5.072513e+01 1.122499e+03 1.501953e+03 -1.445842e-01 5.069111e+01 -9.360369e-02 5.877373e-03 4.705285e-05 -9.385144e-04
345.000 15.000 7.061348e+02 1.059376e+03 -2.000788e-01 4.116837e+01 7.125053e+02 1.050437e+03 -1.916862e-01 4.120881e+01 1.060561e-01 4.437540e-03 -1.440793e-04 -7.436168e-03
345.000 45.000 7.934143e+02 1.089659e+03 -1.573199e-01 4.285403e+01 8.164228e+02 1.069596e+03 -1.342370e-01 4.303526e+01 2.902858e-01 6.571360e-03 -3.800714e-04 -1.044489e-02
345.000 75.000 7.572005e+02 1.040488e+03 -1.575842e-01 4.186940e+01 7.860275e+02 1.016340e+03 -1.277835e-01 4.210627e+01 3.967336e-01 7.409715e-03 -5.018655e-04 -1.323921e-02
345.000 105.000 6.951538e+02 1.265502e+03 -2.908967e-01 4.236441e+01 7.181410e+02 1.237045e+03 -2.653986e-01 4.263179e+01 3.968770e-01 6.567646e-03 -4.242487e-04 -1.623470e-02
345.000 135.000 8.088942e+02 9.845627e+02 -9.794968e-02 4.214558e+01 8.255347e+02 9.674885e+02 -7.917008e-02 4.221119e+01 2.906775e-01 4.432039e-03 -3.148337e-04 -9.221065e-03
345.000 165.000 1.153443e+03 8.413088e+02 1.564779e-01 4.411247e+01 1.156355e+03 8.364543e+02 1.605273e-01 4.406196e+01 1.065912e-01 2.814580e-03 -6.494786e-05 1.130899e-03
345.000 195.000 9.263517e+02 1.046973e+03 -6.112602e-02 4.433906e+01 9.175739e+02 1.058873e+03 -7.149129e-02 4.434349e+01 -1.060561e-01 4.437540e-03 1.652941e-04 1.013330e-03
345.000 225.000 1.106042e+03 9.618404e+02 6.973405e-02 4.536328e+01 1.083374e+03 9.833684e+02 4.838800e-02 4.540818e+01 -2.902858e-01 6.571360e-03 3.325701e-04 7.936372e-03
345.000 255.000 1.040218e+03 5.198205e+02 3.335800e-01 3.723499e+01 1.015701e+03 5.394889e+02 3.062082e-01 3.754157e+01 -3.967336e-01 7.409715e-03 5.176648e-04 1.961364e-02
345.000 285.000 1.014915e+03 6.303556e+02 2.337360e-01 3.943837e+01 9.923364e+02 6.530138e+02 2.062312e-01 3.969095e+01 -3.968770e-01 6.567646e-03 4.915683e-04 1.598983e-02
345.000 315.000 1.209128e+03 8.244416e+02 1.891683e-01 4.428092e+01 1.191935e+03 8.411939e+02 1.725128e-01 4.441420e+01 -2.906775e-01 4.432039e-03 2.655660e-04 1.083640e-02
345.000 345.000 1.235874e+03 1.243905e+03 -3.238349e-03 4.979712e+01 1.231864e+03 1.246685e+03 -5.979369e-03 4.978414e+01 -1.065912e-01 2.814580e-03 3.892689e-05 2.075479e-03
