  #t  #Q2   A1M1_AVG      A_1M1     dA_1M1   A0P1_AVG      A_0P1     dA_0P1   A2M1_AVG      A_2M1     dA_2M1   A3M1_AVG      A_3M1     dA_3M1   A1P1_AVG      A_1P1     dA_1P1       Asym      Astat          t         tp         xb         Q2          W     Dilute
   7    0 -1.026e-01 -4.621e-02 2.5175e-03  3.575e-01  3.587e-01 2.4583e-03 -3.092e-02  2.232e-03 2.4807e-03 -4.548e-03  7.217e-03 2.4352e-03  5.505e-02  2.314e-02 2.4293e-03 3.7473e-02 8.2457e-03 7.5047e-01 2.2119e-01 4.5646e-01 5.9429e+00 2.7751e+00 4.5520e-01
   Phi   PhiS      N_U_avg      N_D_avg     Asym_avg    dAsym_avg      N_U_fit      N_D_fit     Asym_fit    dAsym_fit     Asym_cal    dAsym_cal     GOOD_fit     GOOD_cal
15.000 15.000 0.000000e+00 0.000000e+00         -nan         -nan 0.000000e+00 0.000000e+00         -nan         -nan 1.085946e-01 1.942930e-03         -nan         -nan
15.000 45.000 0.000000e+00 0.000000e+00         -nan         -nan 0.000000e+00 0.000000e+00         -nan         -nan 2.962063e-01 3.073178e-03         -nan         -nan
15.000 75.000 0.000000e+00 0.000000e+00         -nan         -nan 0.000000e+00 0.000000e+00         -nan         -nan 4.044499e-01 4.566482e-03         -nan         -nan
15.000 105.000 0.000000e+00 7.021446e+01 -1.000000e+00 2.000000e+00 0.000000e+00 6.711693e+01 -1.000000e+00 2.000000e+00 4.043214e-01 5.156708e-03 0.000000e+00 -7.021584e-01
15.000 135.000 0.000000e+00 0.000000e+00         -nan         -nan 0.000000e+00 0.000000e+00         -nan         -nan 2.958553e-01 4.574078e-03         -nan         -nan
15.000 165.000 2.800367e+01 0.000000e+00 1.000000e+00 2.000000e+00 2.924257e+01 0.000000e+00 1.000000e+00 2.000000e+00 1.081150e-01 3.084454e-03 0.000000e+00 4.459419e-01
15.000 195.000 1.075463e+01 4.510698e+01 -6.149544e-01 5.893766e+00 1.085130e+01 4.356477e+01 -6.011730e-01 5.894880e+00 -1.085946e-01 1.942930e-03 -1.653277e-03 -8.591448e-02
15.000 225.000 0.000000e+00 0.000000e+00         -nan         -nan 0.000000e+00 0.000000e+00         -nan         -nan -2.962063e-01 3.073178e-03         -nan         -nan
15.000 255.000 3.685876e+01 0.000000e+00 1.000000e+00 2.000000e+00 3.544133e+01 0.000000e+00 1.000000e+00 2.000000e+00 -4.044499e-01 4.566482e-03 0.000000e+00 7.022231e-01
15.000 285.000 6.656764e+01 1.157325e+01 7.037850e-01 6.279862e+00 6.332824e+01 1.243733e+01 6.716890e-01 6.448466e+00 -4.043214e-01 5.156708e-03 3.565786e-03 1.764539e-01
15.000 315.000 0.000000e+00 0.000000e+00         -nan         -nan 0.000000e+00 0.000000e+00         -nan         -nan -2.958553e-01 4.574078e-03         -nan         -nan
15.000 345.000 3.214934e+01 0.000000e+00 1.000000e+00 2.000000e+00 3.182348e+01 0.000000e+00 1.000000e+00 2.000000e+00 -1.081151e-01 3.084454e-03 0.000000e+00 5.540569e-01
45.000 15.000 0.000000e+00 1.288510e+01 -1.000000e+00 2.000000e+00 0.000000e+00 1.321833e+01 -1.000000e+00 2.000000e+00 9.817927e-02 4.074885e-03 0.000000e+00 -5.490885e-01
45.000 45.000 0.000000e+00 3.558368e+01 -1.000000e+00 2.000000e+00 0.000000e+00 3.712676e+01 -1.000000e+00 2.000000e+00 2.855745e-01 4.234413e-03 0.000000e+00 -6.427858e-01
45.000 75.000 0.000000e+00 5.941739e+01 -1.000000e+00 2.000000e+00 0.000000e+00 5.916626e+01 -1.000000e+00 2.000000e+00 3.964502e-01 4.063111e-03 0.000000e+00 -6.982237e-01
45.000 105.000 0.000000e+00 0.000000e+00         -nan         -nan 0.000000e+00 0.000000e+00         -nan         -nan 4.010974e-01 3.709707e-03         -nan         -nan
45.000 135.000 0.000000e+00 0.000000e+00         -nan         -nan 0.000000e+00 0.000000e+00         -nan         -nan 2.982710e-01 3.526523e-03         -nan         -nan
45.000 165.000 0.000000e+00 7.215253e+01 -1.000000e+00 2.000000e+00 0.000000e+00 6.917001e+01 -1.000000e+00 2.000000e+00 1.155230e-01 3.722599e-03 0.000000e+00 -5.577605e-01
45.000 195.000 0.000000e+00 0.000000e+00         -nan         -nan 0.000000e+00 0.000000e+00         -nan         -nan -9.817925e-02 4.074885e-03         -nan         -nan
45.000 225.000 0.000000e+00 0.000000e+00         -nan         -nan 0.000000e+00 0.000000e+00         -nan         -nan -2.855744e-01 4.234413e-03         -nan         -nan
45.000 255.000 0.000000e+00 4.455234e+01 -1.000000e+00 2.000000e+00 0.000000e+00 4.624210e+01 -1.000000e+00 2.000000e+00 -3.964502e-01 4.063111e-03 0.000000e+00 -3.017743e-01
45.000 285.000 0.000000e+00 0.000000e+00         -nan         -nan 0.000000e+00 0.000000e+00         -nan         -nan -4.010975e-01 3.709707e-03         -nan         -nan
45.000 315.000 0.000000e+00 3.480942e+01 -1.000000e+00 2.000000e+00 0.000000e+00 3.664142e+01 -1.000000e+00 2.000000e+00 -2.982710e-01 3.526523e-03 0.000000e+00 -3.508640e-01
45.000 345.000 1.995136e+01 0.000000e+00 1.000000e+00 2.000000e+00 1.942753e+01 0.000000e+00 1.000000e+00 2.000000e+00 -1.155230e-01 3.722599e-03 0.000000e+00 5.577605e-01
75.000 15.000 3.718689e+01 4.733812e+01 -1.200974e-01 9.127205e+00 3.675802e+01 4.776785e+01 -1.302540e-01 9.115470e+00 7.392912e-02 3.952108e-03 7.873586e-04 -2.125804e-02
75.000 45.000 1.756714e+01 3.508358e+01 -3.326914e-01 6.842744e+00 1.760349e+01 3.538536e+01 -3.355776e-01 6.857233e+00 2.527300e-01 3.843675e-03 2.979349e-04 -8.555359e-02
75.000 75.000 9.726165e+00 4.792636e+01 -6.625936e-01 5.686943e+00 9.578499e+00 4.866398e+01 -6.710820e-01 5.657996e+00 3.638120e-01 3.786553e-03 1.058128e-03 -1.804846e-01
75.000 105.000 3.830965e+00 3.057812e+01 -7.773283e-01 3.690226e+00 3.866295e+00 3.061987e+01 -7.757771e-01 3.705584e+00 3.774110e-01 3.840242e-03 -2.966267e-04 -3.129182e-01
75.000 135.000 1.721798e+01 1.117543e+01 2.128155e-01 5.206483e+00 1.729717e+01 1.117500e+01 2.150232e-01 5.211119e+00 2.898829e-01 3.948769e-03 -2.997068e-04 -1.480221e-02
75.000 165.000 6.490607e+01 0.000000e+00 1.000000e+00 2.000000e+00 6.632210e+01 0.000000e+00 1.000000e+00 2.000000e+00 1.246810e-01 4.003577e-03 0.000000e+00 4.376586e-01
75.000 195.000 2.432072e+01 0.000000e+00 1.000000e+00 2.000000e+00 2.448010e+01 0.000000e+00 1.000000e+00 2.000000e+00 -7.392910e-02 3.952108e-03 0.000000e+00 5.369635e-01
75.000 225.000 0.000000e+00 2.432674e+01 -1.000000e+00 2.000000e+00 0.000000e+00 2.404010e+01 -1.000000e+00 2.000000e+00 -2.527300e-01 3.843675e-03 0.000000e+00 -3.736343e-01
75.000 255.000 1.684011e+01 2.669561e+01 -2.263774e-01 6.426870e+00 1.673714e+01 2.649944e+01 -2.257881e-01 6.405651e+00 -3.638120e-01 3.786553e-03 -6.494394e-05 2.138438e-02
75.000 285.000 8.705194e+01 6.905009e+00 8.530176e-01 5.058676e+00 8.893770e+01 6.963338e+00 8.547808e-01 5.082414e+00 -3.774110e-01 3.840242e-03 -2.458811e-04 2.432313e-01
75.000 315.000 8.496805e+01 1.995076e+01 6.196915e-01 8.039163e+00 8.439514e+01 1.995804e+01 6.174905e-01 8.035165e+00 -2.898829e-01 3.948769e-03 1.936390e-04 1.131429e-01
75.000 345.000 3.425602e+01 9.243518e+00 5.750061e-01 5.396035e+00 3.405551e+01 9.229157e+00 5.735600e-01 5.389366e+00 -1.246810e-01 4.003577e-03 1.896198e-04 1.296669e-01
105.000 15.000 1.485119e+02 1.577934e+02 -3.030156e-02 1.749354e+01 1.481404e+02 1.579218e+02 -3.195907e-02 1.748570e+01 5.984043e-02 4.003577e-03 6.701334e-05 -5.152872e-03
105.000 45.000 1.451419e+02 1.974863e+02 -1.527730e-01 1.829293e+01 1.444658e+02 1.982542e+02 -1.569457e-01 1.828328e+01 2.185509e-01 3.948769e-03 1.613365e-04 -2.029876e-02
105.000 75.000 1.611776e+02 1.995485e+02 -1.063712e-01 1.888504e+01 1.590159e+02 2.011470e+02 -1.169779e-01 1.884766e+01 3.187008e-01 3.840242e-03 3.975355e-04 -2.250840e-02
105.000 105.000 1.992832e+02 1.942675e+02 1.274459e-02 1.983650e+01 1.943481e+02 1.960582e+02 -4.380311e-03 1.975851e+01 3.334550e-01 3.786553e-03 6.116482e-04 -1.616769e-02
105.000 135.000 1.608054e+02 1.271636e+02 1.168244e-01 1.685345e+01 1.585635e+02 1.282481e+02 1.056980e-01 1.684065e+01 2.588603e-01 3.843675e-03 4.669961e-04 -8.427706e-03
105.000 165.000 1.630476e+02 1.529978e+02 3.179863e-02 1.776867e+01 1.619839e+02 1.539721e+02 2.535733e-02 1.776943e+01 1.149042e-01 3.952108e-03 2.563269e-04 -4.677083e-03
105.000 195.000 1.787924e+02 1.326540e+02 1.481424e-01 1.745312e+01 1.782332e+02 1.326279e+02 1.467063e-01 1.744048e+01 -5.984041e-02 4.003577e-03 5.820400e-05 1.191665e-02
105.000 225.000 1.652827e+02 1.321646e+02 1.113409e-01 1.713943e+01 1.657008e+02 1.317868e+02 1.140016e-01 1.713538e+01 -2.185508e-01 3.948769e-03 -1.097821e-04 1.924754e-02
105.000 255.000 2.730768e+02 2.067986e+02 1.381156e-01 2.169611e+01 2.758906e+02 2.028417e+02 1.525882e-01 2.162373e+01 -3.187007e-01 3.840242e-03 -4.724711e-04 2.105522e-02
105.000 285.000 1.816358e+02 1.448834e+02 1.125580e-01 1.795501e+01 1.830437e+02 1.437826e+02 1.201283e-01 1.794742e+01 -3.334550e-01 3.786553e-03 -2.981960e-04 2.484059e-02
105.000 315.000 1.847450e+02 2.107801e+02 -6.582406e-02 1.984468e+01 1.864153e+02 2.071541e+02 -5.269417e-02 1.981102e+01 -2.588603e-01 3.843675e-03 -4.682417e-04 9.727356e-03
105.000 345.000 1.902788e+02 1.572178e+02 9.514066e-02 1.855670e+01 1.914813e+02 1.558689e+02 1.025259e-01 1.853912e+01 -1.149042e-01 3.952108e-03 -2.815482e-04 1.131909e-02
135.000 15.000 2.508131e+02 2.534215e+02 -5.172878e-03 2.245487e+01 2.499160e+02 2.545459e+02 -9.177978e-03 2.245928e+01 6.584191e-02 3.722599e-03 1.261087e-04 -3.162556e-03
135.000 45.000 2.255887e+02 2.136028e+02 2.729077e-02 2.094909e+01 2.218511e+02 2.168976e+02 1.129007e-02 2.094499e+01 2.058509e-01 3.526523e-03 5.401338e-04 -8.523528e-03
135.000 75.000 2.527222e+02 1.874183e+02 1.483707e-01 2.074732e+01 2.468398e+02 1.906957e+02 1.283190e-01 2.074442e+01 2.907024e-01 3.709707e-03 6.834456e-04 -6.860242e-03
135.000 105.000 2.399002e+02 2.352079e+02 9.876322e-03 2.179591e+01 2.325155e+02 2.405699e+02 -1.702526e-02 2.174737e+01 2.976603e-01 4.063111e-03 8.737183e-04 -1.320358e-02
135.000 135.000 1.516718e+02 1.868838e+02 -1.040066e-01 1.830009e+01 1.486841e+02 1.903063e+02 -1.227829e-01 1.827238e+01 2.248605e-01 4.234413e-03 7.260556e-04 -1.797079e-02
135.000 165.000 1.918991e+02 1.951173e+02 -8.315543e-03 1.967205e+01 1.899809e+02 1.967498e+02 -1.750288e-02 1.966246e+01 9.180942e-02 4.074885e-03 3.303170e-04 -5.089706e-03
135.000 195.000 2.106184e+02 1.867970e+02 5.994074e-02 1.989944e+01 2.116011e+02 1.862912e+02 6.361012e-02 1.990684e+01 -6.584189e-02 3.722599e-03 -1.303637e-04 6.320914e-03
135.000 225.000 2.650638e+02 1.767932e+02 1.997718e-01 2.059668e+01 2.692101e+02 1.742417e+02 2.141573e-01 2.056973e+01 -2.058509e-01 3.526523e-03 -4.941913e-04 1.969360e-02
135.000 255.000 2.360372e+02 2.370520e+02 -2.145131e-03 2.175056e+01 2.401079e+02 2.299480e+02 2.161437e-02 2.167571e+01 -2.907024e-01 3.709707e-03 -7.737474e-04 1.326665e-02
135.000 285.000 1.979557e+02 1.948089e+02 8.011758e-03 1.981765e+01 2.025796e+02 1.885163e+02 3.595852e-02 1.976336e+01 -2.976604e-01 4.063111e-03 -9.985258e-04 1.542423e-02
135.000 315.000 2.647599e+02 1.564635e+02 2.570997e-01 1.983382e+01 2.700617e+02 1.526272e+02 2.778275e-01 1.975000e+01 -2.248605e-01 4.234413e-03 -7.405403e-04 2.429992e-02
135.000 345.000 2.197898e+02 2.588786e+02 -8.166143e-02 2.180542e+01 2.217053e+02 2.563883e+02 -7.254440e-02 2.180774e+01 -9.180944e-02 4.074885e-03 -2.956315e-04 4.653891e-04
165.000 15.000 1.367667e+02 1.713898e+02 -1.123554e-01 1.744323e+01 1.358046e+02 1.727824e+02 -1.198294e-01 1.744007e+01 7.440523e-02 3.084454e-03 3.030074e-04 -1.070676e-02
165.000 45.000 1.674112e+02 1.353927e+02 1.057401e-01 1.730371e+01 1.621683e+02 1.384206e+02 7.900412e-02 1.728331e+01 2.071112e-01 4.574078e-03 1.093197e-03 -5.858345e-03
165.000 75.000 1.641414e+02 1.339898e+02 1.011351e-01 1.717795e+01 1.573532e+02 1.380564e+02 6.532215e-02 1.715077e+01 2.843219e-01 5.156708e-03 1.475358e-03 -1.066407e-02
165.000 105.000 1.583925e+02 1.856747e+02 -7.929336e-02 1.849064e+01 1.523584e+02 1.918136e+02 -1.146380e-01 1.842957e+01 2.853488e-01 4.566482e-03 1.353862e-03 -1.972036e-02
165.000 135.000 1.472304e+02 1.637290e+02 -5.305699e-02 1.760920e+01 1.431493e+02 1.673727e+02 -7.800882e-02 1.756794e+01 2.099167e-01 3.073179e-03 1.003128e-03 -1.493388e-02
165.000 165.000 1.513046e+02 1.883153e+02 -1.089770e-01 1.831902e+01 1.497866e+02 1.900159e+02 -1.183902e-01 1.830409e+01 7.823759e-02 1.942930e-03 3.634947e-04 -1.021968e-02
165.000 195.000 1.321583e+02 1.215787e+02 4.169479e-02 1.591527e+01 1.331468e+02 1.206934e+02 4.906003e-02 1.591318e+01 -7.440522e-02 3.084454e-03 -3.272554e-04 7.294880e-03
165.000 225.000 1.599883e+02 1.455489e+02 4.725899e-02 1.746009e+01 1.634555e+02 1.421073e+02 6.986495e-02 1.743764e+01 -2.071112e-01 4.574078e-03 -9.160953e-04 1.456866e-02
165.000 255.000 1.347655e+02 1.453712e+02 -3.785895e-02 1.672528e+01 1.389758e+02 1.391869e+02 -7.588847e-04 1.667820e+01 -2.843219e-01 5.156708e-03 -1.570715e-03 1.473595e-02
165.000 285.000 1.594249e+02 1.485245e+02 3.539679e-02 1.753749e+01 1.641300e+02 1.427715e+02 6.959408e-02 1.747613e+01 -2.853488e-01 4.566482e-03 -1.381240e-03 1.828914e-02
165.000 315.000 1.433798e+02 1.484509e+02 -1.737704e-02 1.708047e+01 1.467363e+02 1.446640e+02 7.111464e-03 1.707002e+01 -2.099167e-01 3.073179e-03 -1.014099e-03 1.127250e-02
165.000 345.000 1.732975e+02 1.591799e+02 4.246169e-02 1.821752e+01 1.748076e+02 1.576908e+02 5.147948e-02 1.821036e+01 -7.823761e-02 1.942930e-03 -3.500915e-04 6.625453e-03
195.000 15.000 1.513123e+02 1.308910e+02 7.236392e-02 1.675487e+01 1.494868e+02 1.321775e+02 6.145353e-02 1.675114e+01 7.823757e-02 1.942929e-03 4.605033e-04 -3.505641e-04
195.000 45.000 1.106747e+02 1.833458e+02 -2.471634e-01 1.661502e+01 1.077409e+02 1.877213e+02 -2.706958e-01 1.654726e+01 2.099167e-01 3.073179e-03 1.003542e-03 -2.751005e-02
195.000 75.000 1.029561e+02 1.645109e+02 -2.301398e-01 1.591543e+01 9.910513e+01 1.700193e+02 -2.634996e-01 1.582525e+01 2.853488e-01 4.566482e-03 1.486348e-03 -3.238924e-02
195.000 105.000 1.390187e+02 2.003707e+02 -1.807715e-01 1.811902e+01 1.336581e+02 2.070168e+02 -2.153336e-01 1.802438e+01 2.843219e-01 5.156708e-03 1.352334e-03 -2.566880e-02
195.000 135.000 1.456765e+02 2.348950e+02 -2.344331e-01 1.896459e+01 1.414743e+02 2.405679e+02 -2.593787e-01 1.887695e+01 2.071112e-01 4.574078e-03 9.322645e-04 -2.328256e-02
195.000 165.000 2.378533e+02 1.970105e+02 9.392096e-02 2.076121e+01 2.355518e+02 1.986570e+02 8.497030e-02 2.076232e+01 7.440525e-02 3.084454e-03 3.048425e-04 9.400082e-04
195.000 195.000 1.814112e+02 1.434156e+02 1.169717e-01 1.789923e+01 1.835620e+02 1.419619e+02 1.277945e-01 1.789435e+01 -7.823756e-02 1.942929e-03 -4.276111e-04 1.090601e-02
195.000 225.000 1.742280e+02 1.231836e+02 1.716291e-01 1.698973e+01 1.783297e+02 1.199702e+02 1.956405e-01 1.693760e+01 -2.099167e-01 3.073178e-03 -1.000883e-03 2.245744e-02
195.000 255.000 2.368621e+02 1.276003e+02 2.997891e-01 1.821282e+01 2.447787e+02 1.228260e+02 3.317495e-01 1.808720e+01 -2.853488e-01 4.566482e-03 -1.245141e-03 3.212780e-02
195.000 285.000 1.730441e+02 1.473014e+02 8.035939e-02 1.784031e+01 1.783959e+02 1.417094e+02 1.146074e-01 1.777360e+01 -2.843219e-01 5.156708e-03 -1.359972e-03 2.044142e-02
195.000 315.000 1.592440e+02 1.610576e+02 -5.662177e-03 1.789668e+01 1.628797e+02 1.566440e+02 1.951535e-02 1.787182e+01 -2.071112e-01 4.574078e-03 -9.954677e-04 1.125622e-02
195.000 345.000 1.428654e+02 1.491722e+02 -2.159581e-02 1.708512e+01 1.439899e+02 1.478515e+02 -1.323192e-02 1.708187e+01 -7.440526e-02 3.084454e-03 -3.461919e-04 3.090961e-03
225.000 15.000 2.314432e+02 2.399569e+02 -1.806048e-02 2.170821e+01 2.290248e+02 2.421726e+02 -2.790288e-02 2.169863e+01 9.180940e-02 4.074885e-03 3.206698e-04 -5.061213e-03
225.000 45.000 2.284561e+02 2.740422e+02 -9.071905e-02 2.232404e+01 2.233705e+02 2.791692e+02 -1.110335e-01 2.227878e+01 2.248605e-01 4.234413e-03 6.441057e-04 -1.413631e-02
225.000 75.000 1.557980e+02 2.169356e+02 -1.640248e-01 1.904483e+01 1.517030e+02 2.218088e+02 -1.876936e-01 1.898298e+01 2.976603e-01 4.063111e-03 8.802164e-04 -2.424202e-02
225.000 105.000 2.211147e+02 2.810392e+02 -1.193350e-01 2.224866e+01 2.158755e+02 2.874709e+02 -1.422388e-01 2.220727e+01 2.907024e-01 3.709707e-03 7.286056e-04 -1.842976e-02
225.000 135.000 1.923215e+02 2.686676e+02 -1.656136e-01 2.117416e+01 1.889145e+02 2.723866e+02 -1.809493e-01 2.112337e+01 2.058509e-01 3.526523e-03 5.127446e-04 -1.754330e-02
225.000 165.000 1.796927e+02 2.082519e+02 -7.361660e-02 1.964287e+01 1.789767e+02 2.086724e+02 -7.660453e-02 1.963095e+01 6.584193e-02 3.722599e-03 1.075924e-04 -7.099704e-03
225.000 195.000 2.541752e+02 2.071316e+02 1.019790e-01 2.136608e+01 2.565303e+02 2.047032e+02 1.123661e-01 2.134034e+01 -9.180939e-02 4.074885e-03 -3.439667e-04 9.069911e-03
225.000 225.000 2.644677e+02 2.289818e+02 7.191380e-02 2.215621e+01 2.697908e+02 2.242463e+02 9.218849e-02 2.213229e+01 -2.248604e-01 4.234413e-03 -6.474082e-04 1.339463e-02
225.000 255.000 3.442169e+02 2.130346e+02 2.354095e-01 2.294275e+01 3.536108e+02 2.070716e+02 2.613588e-01 2.285570e+01 -2.976603e-01 4.063111e-03 -8.012875e-04 2.323478e-02
225.000 285.000 1.745783e+02 1.576020e+02 5.110575e-02 1.820200e+01 1.784967e+02 1.541723e+02 7.311891e-02 1.819039e+01 -2.907024e-01 3.709707e-03 -8.554343e-04 1.877860e-02
225.000 315.000 2.706247e+02 1.865200e+02 1.839783e-01 2.101598e+01 2.742630e+02 1.837589e+02 1.975977e-01 2.097948e+01 -2.058510e-01 3.526523e-03 -4.586410e-04 1.854918e-02
225.000 345.000 2.543005e+02 1.654977e+02 2.115368e-01 2.002531e+01 2.547239e+02 1.648083e+02 2.143235e-01 2.000653e+01 -6.584194e-02 3.722599e-03 -9.844844e-05 1.385141e-02
255.000 15.000 1.704609e+02 1.388665e+02 1.021392e-01 1.749573e+01 1.691940e+02 1.397801e+02 9.519883e-02 1.749783e+01 1.149042e-01 3.952108e-03 2.804840e-04 -7.296070e-04
255.000 45.000 1.590486e+02 2.067141e+02 -1.303181e-01 1.896183e+01 1.572043e+02 2.083840e+02 -1.399927e-01 1.893208e+01 2.588603e-01 3.843675e-03 3.610584e-04 -2.052431e-02
255.000 75.000 1.270330e+02 2.306539e+02 -2.896973e-01 1.810161e+01 1.254500e+02 2.323596e+02 -2.987892e-01 1.805176e+01 3.334550e-01 3.786553e-03 3.556496e-04 -3.442525e-02
255.000 105.000 1.084161e+02 2.259808e+02 -3.515723e-01 1.711912e+01 1.071978e+02 2.288488e+02 -3.620061e-01 1.708825e+01 3.187007e-01 3.840242e-03 4.313581e-04 -3.915346e-02
255.000 135.000 1.363076e+02 1.666854e+02 -1.002593e-01 1.731899e+01 1.355732e+02 1.675396e+02 -1.054604e-01 1.731305e+01 2.185509e-01 3.948769e-03 2.123888e-04 -1.840813e-02
255.000 165.000 1.601570e+02 1.480975e+02 3.912189e-02 1.754374e+01 1.603361e+02 1.477156e+02 4.096894e-02 1.753667e+01 5.984045e-02 4.003577e-03 -7.446112e-05 -1.180966e-03
255.000 195.000 2.501312e+02 1.457552e+02 2.636515e-01 1.919290e+01 2.516616e+02 1.447787e+02 2.696065e-01 1.917352e+01 -1.149042e-01 3.952108e-03 -2.195047e-04 1.972373e-02
255.000 225.000 2.279577e+02 1.413663e+02 2.344592e-01 1.868212e+01 2.305101e+02 1.396189e+02 2.455662e-01 1.864964e+01 -2.588603e-01 3.843675e-03 -4.207567e-04 2.640596e-02
255.000 255.000 2.090421e+02 1.048243e+02 3.320452e-01 1.671112e+01 2.111240e+02 1.026968e+02 3.455067e-01 1.662404e+01 -3.334550e-01 3.786553e-03 -5.710892e-04 3.982380e-02
255.000 285.000 2.112408e+02 1.346455e+02 2.214465e-01 1.813628e+01 2.147027e+02 1.333845e+02 2.336146e-01 1.814084e+01 -3.187008e-01 3.840242e-03 -4.743588e-04 2.978269e-02
255.000 315.000 1.741534e+02 1.971312e+02 -6.188725e-02 1.923181e+01 1.747329e+02 1.963261e+02 -5.819335e-02 1.923025e+01 -2.185509e-01 3.948769e-03 -1.358209e-04 8.146067e-03
255.000 345.000 2.633296e+02 1.754044e+02 2.004067e-01 2.052104e+01 2.630185e+02 1.756285e+02 1.992263e-01 2.052405e+01 -5.984046e-02 4.003577e-03 4.067133e-05 1.268197e-02
285.000 15.000 4.275954e+01 1.980233e+01 3.669522e-01 7.357830e+00 4.314840e+01 1.978809e+01 3.711728e-01 7.366531e+00 1.246810e-01 4.003577e-03 -4.053759e-04 3.292699e-02
285.000 45.000 1.243241e+01 0.000000e+00 1.000000e+00 2.000000e+00 1.249128e+01 0.000000e+00 1.000000e+00 2.000000e+00 2.898829e-01 3.948769e-03 0.000000e+00 3.550579e-01
285.000 75.000 5.995590e+00 1.983845e+01 -5.358379e-01 4.291446e+00 5.974928e+00 1.974523e+01 -5.353895e-01 4.283420e+00 3.774110e-01 3.840242e-03 -7.396107e-05 -2.128067e-01
285.000 105.000 0.000000e+00 9.387416e+01 -1.000000e+00 2.000000e+00 0.000000e+00 9.689806e+01 -1.000000e+00 2.000000e+00 3.638120e-01 3.786553e-03 0.000000e+00 -6.819048e-01
285.000 135.000 3.659320e+01 7.258083e+01 -3.296354e-01 9.864645e+00 3.527592e+01 7.538396e+01 -3.624443e-01 9.804231e+00 2.527300e-01 3.843675e-03 2.358984e-03 -5.903561e-02
285.000 165.000 2.800532e+01 6.418625e+01 -3.924537e-01 8.831321e+00 2.729052e+01 6.493812e+01 -4.081986e-01 8.767037e+00 7.392913e-02 3.952108e-03 1.265257e-03 -5.281008e-02
285.000 195.000 1.022384e+01 3.437638e+01 -5.415343e-01 5.614338e+00 1.023034e+01 3.529864e+01 -5.506011e-01 5.632614e+00 -1.246810e-01 4.003577e-03 1.140079e-03 -7.424797e-02
285.000 225.000 1.670299e+01 7.187594e+01 -6.228675e-01 7.362982e+00 1.668856e+01 7.126555e+01 -6.205167e-01 7.354466e+00 -2.898829e-01 3.948769e-03 -2.258972e-04 -4.522415e-02
285.000 255.000 8.059269e+01 1.378408e+01 7.078925e-01 6.861739e+00 8.110383e+01 1.387498e+01 7.078300e-01 6.884200e+00 -3.774109e-01 3.840242e-03 6.430082e-06 1.581674e-01
285.000 285.000 5.314095e+01 4.269872e+01 1.089552e-01 9.731492e+00 5.355415e+01 4.168384e+01 1.246385e-01 9.682897e+00 -3.638120e-01 3.786553e-03 -1.142423e-03 4.858117e-02
285.000 315.000 7.969163e+00 6.535272e+01 -7.826253e-01 5.330297e+00 7.907333e+00 6.368202e+01 -7.790919e-01 5.304314e+00 -2.527300e-01 3.843675e-03 -4.698672e-04 -9.941194e-02
285.000 345.000 3.207278e+01 0.000000e+00 1.000000e+00 2.000000e+00 3.319759e+01 0.000000e+00 1.000000e+00 2.000000e+00 -7.392915e-02 3.952108e-03 0.000000e+00 5.369635e-01
315.000 15.000 0.000000e+00 0.000000e+00         -nan         -nan 0.000000e+00 0.000000e+00         -nan         -nan 1.155230e-01 3.722598e-03         -nan         -nan
315.000 45.000 2.325608e+01 0.000000e+00 1.000000e+00 2.000000e+00 2.465415e+01 0.000000e+00 1.000000e+00 2.000000e+00 2.982709e-01 3.526522e-03 0.000000e+00 3.508640e-01
315.000 75.000 3.914523e+01 1.817341e+01 3.658814e-01 7.045952e+00 4.018712e+01 1.775740e+01 3.870895e-01 7.018704e+00 4.010974e-01 3.709707e-03 -2.132495e-03 -4.998057e-03
315.000 105.000 1.851030e+01 0.000000e+00 1.000000e+00 2.000000e+00 1.766564e+01 0.000000e+00 1.000000e+00 2.000000e+00 3.964502e-01 4.063112e-03 0.000000e+00 3.017743e-01
315.000 135.000 1.721341e+01 0.000000e+00 1.000000e+00 2.000000e+00 1.733738e+01 0.000000e+00 1.000000e+00 2.000000e+00 2.855745e-01 4.234413e-03 0.000000e+00 3.572120e-01
315.000 165.000 3.068701e+01 8.744774e+01 -4.804745e-01 9.532191e+00 2.997344e+01 9.093443e+01 -5.041937e-01 9.495880e+00 9.817929e-02 4.074885e-03 1.762864e-03 -6.070522e-02
315.000 195.000 0.000000e+00 2.154131e+01 -1.000000e+00 2.000000e+00 0.000000e+00 2.214426e+01 -1.000000e+00 2.000000e+00 -1.155230e-01 3.722599e-03 0.000000e+00 -4.422378e-01
315.000 225.000 0.000000e+00 0.000000e+00         -nan         -nan 0.000000e+00 0.000000e+00         -nan         -nan -2.982709e-01 3.526522e-03         -nan         -nan
315.000 255.000 3.616092e+01 5.104588e+01 -1.706858e-01 9.201421e+00 3.567751e+01 5.070104e+01 -1.739267e-01 9.152353e+00 -4.010974e-01 3.709707e-03 2.497229e-04 2.504088e-02
315.000 285.000 0.000000e+00 5.427559e+01 -1.000000e+00 2.000000e+00 0.000000e+00 5.580190e+01 -1.000000e+00 2.000000e+00 -3.964502e-01 4.063112e-03 0.000000e+00 -3.017743e-01
315.000 315.000 5.891121e+01 1.911003e+01 5.101326e-01 7.597194e+00 5.943352e+01 1.894265e+01 5.166222e-01 7.580084e+00 -2.855745e-01 4.234413e-03 -6.047015e-04 1.047370e-01
315.000 345.000 1.922825e+01 0.000000e+00 1.000000e+00 2.000000e+00 1.953899e+01 0.000000e+00 1.000000e+00 2.000000e+00 -9.817931e-02 4.074885e-03 0.000000e+00 5.490885e-01
345.000 15.000 7.004352e+01 3.022129e+01 3.971706e-01 9.189592e+00 7.255633e+01 2.915772e+01 4.266727e-01 9.121242e+00 1.081150e-01 3.084455e-03 -2.278541e-03 3.145467e-02
345.000 45.000 0.000000e+00 0.000000e+00         -nan         -nan 0.000000e+00 0.000000e+00         -nan         -nan 2.958553e-01 4.574078e-03         -nan         -nan
345.000 75.000 0.000000e+00 0.000000e+00         -nan         -nan 0.000000e+00 0.000000e+00         -nan         -nan 4.043214e-01 5.156708e-03         -nan         -nan
345.000 105.000 3.504996e+01 0.000000e+00 1.000000e+00 2.000000e+00 3.697933e+01 0.000000e+00 1.000000e+00 2.000000e+00 4.044499e-01 4.566482e-03 0.000000e+00 2.977743e-01
345.000 135.000 0.000000e+00 0.000000e+00         -nan         -nan 0.000000e+00 0.000000e+00         -nan         -nan 2.962064e-01 3.073179e-03         -nan         -nan
345.000 165.000 0.000000e+00 0.000000e+00         -nan         -nan 0.000000e+00 0.000000e+00         -nan         -nan 1.085946e-01 1.942930e-03         -nan         -nan
345.000 195.000 0.000000e+00 3.221126e+01 -1.000000e+00 2.000000e+00 0.000000e+00 3.372497e+01 -1.000000e+00 2.000000e+00 -1.081150e-01 3.084455e-03 0.000000e+00 -4.459420e-01
345.000 225.000 0.000000e+00 2.231294e+01 -1.000000e+00 2.000000e+00 0.000000e+00 2.360871e+01 -1.000000e+00 2.000000e+00 -2.958553e-01 4.574078e-03 0.000000e+00 -3.520714e-01
345.000 255.000 8.765849e+01 0.000000e+00 1.000000e+00 2.000000e+00 8.343001e+01 0.000000e+00 1.000000e+00 2.000000e+00 -4.043214e-01 5.156708e-03 0.000000e+00 7.021583e-01
345.000 285.000 0.000000e+00 0.000000e+00         -nan         -nan 0.000000e+00 0.000000e+00         -nan         -nan -4.044499e-01 4.566482e-03         -nan         -nan
345.000 315.000 0.000000e+00 0.000000e+00         -nan         -nan 0.000000e+00 0.000000e+00         -nan         -nan -2.962064e-01 3.073179e-03         -nan         -nan
345.000 345.000 0.000000e+00 0.000000e+00         -nan         -nan 0.000000e+00 0.000000e+00         -nan         -nan -1.085946e-01 1.942930e-03         -nan         -nan
