  #t  #Q2   A1M1_AVG      A_1M1     dA_1M1   A0P1_AVG      A_0P1     dA_0P1   A2M1_AVG      A_2M1     dA_2M1   A3M1_AVG      A_3M1     dA_3M1   A1P1_AVG      A_1P1     dA_1P1       Asym      Astat          t         tp         xb         Q2          W     Dilute
   8    0 -1.032e-01 -4.653e-02 2.5127e-03  3.433e-01  3.587e-01 2.4536e-03 -3.515e-02  2.274e-03 2.4758e-03 -5.171e-03  7.274e-03 2.4297e-03  5.647e-02  2.364e-02 2.4237e-03 1.2718e-01 1.0687e-02 8.4979e-01 2.8528e-01 4.4761e-01 5.8779e+00 2.7885e+00 3.7110e-01
   Phi   PhiS      N_U_avg      N_D_avg     Asym_avg    dAsym_avg      N_U_fit      N_D_fit     Asym_fit    dAsym_fit     Asym_cal    dAsym_cal     GOOD_fit     GOOD_cal
15.000 15.000 0.000000e+00 0.000000e+00         -nan         -nan 0.000000e+00 0.000000e+00         -nan         -nan 1.088839e-01 1.938638e-03         -nan         -nan
15.000 45.000 6.996115e+00 0.000000e+00 1.000000e+00 2.000000e+00 7.352999e+00 0.000000e+00 1.000000e+00 2.000000e+00 2.967885e-01 3.066731e-03 0.000000e+00 3.516053e-01
15.000 75.000 0.000000e+00 3.896431e+01 -1.000000e+00 2.000000e+00 0.000000e+00 3.798810e+01 -1.000000e+00 2.000000e+00 4.051688e-01 4.557093e-03 0.000000e+00 -7.025826e-01
15.000 105.000 2.602721e+01 0.000000e+00 1.000000e+00 2.000000e+00 2.799595e+01 0.000000e+00 1.000000e+00 2.000000e+00 4.049845e-01 5.146149e-03 0.000000e+00 2.975068e-01
15.000 135.000 0.000000e+00 0.000000e+00         -nan         -nan 0.000000e+00 0.000000e+00         -nan         -nan 2.962849e-01 4.564683e-03         -nan         -nan
15.000 165.000 0.000000e+00 0.000000e+00         -nan         -nan 0.000000e+00 0.000000e+00         -nan         -nan 1.081960e-01 3.077997e-03         -nan         -nan
15.000 195.000 3.815624e+01 0.000000e+00 1.000000e+00 2.000000e+00 3.816344e+01 0.000000e+00 1.000000e+00 2.000000e+00 -1.088839e-01 1.938638e-03 0.000000e+00 5.544417e-01
15.000 225.000 5.027582e+01 0.000000e+00 1.000000e+00 2.000000e+00 5.069722e+01 0.000000e+00 1.000000e+00 2.000000e+00 -2.967885e-01 3.066731e-03 0.000000e+00 6.483935e-01
15.000 255.000 0.000000e+00 0.000000e+00         -nan         -nan 0.000000e+00 0.000000e+00         -nan         -nan -4.051688e-01 4.557093e-03         -nan         -nan
15.000 285.000 0.000000e+00 0.000000e+00         -nan         -nan 0.000000e+00 0.000000e+00         -nan         -nan -4.049845e-01 5.146149e-03         -nan         -nan
15.000 315.000 0.000000e+00 0.000000e+00         -nan         -nan 0.000000e+00 0.000000e+00         -nan         -nan -2.962849e-01 4.564683e-03         -nan         -nan
15.000 345.000 0.000000e+00 7.059356e+01 -1.000000e+00 2.000000e+00 0.000000e+00 7.400639e+01 -1.000000e+00 2.000000e+00 -1.081960e-01 3.077997e-03 0.000000e+00 -4.459015e-01
45.000 15.000 0.000000e+00 0.000000e+00         -nan         -nan 0.000000e+00 0.000000e+00         -nan         -nan 9.854221e-02 4.066201e-03         -nan         -nan
45.000 45.000 0.000000e+00 2.750737e+01 -1.000000e+00 2.000000e+00 0.000000e+00 2.805135e+01 -1.000000e+00 2.000000e+00 2.861612e-01 4.225238e-03 0.000000e+00 -6.430791e-01
45.000 75.000 2.804362e+01 0.000000e+00 1.000000e+00 2.000000e+00 2.756207e+01 0.000000e+00 1.000000e+00 2.000000e+00 3.971035e-01 4.054531e-03 0.000000e+00 3.014477e-01
45.000 105.000 0.000000e+00 0.000000e+00         -nan         -nan 0.000000e+00 0.000000e+00         -nan         -nan 4.016422e-01 3.702320e-03         -nan         -nan
45.000 135.000 3.164948e+01 0.000000e+00 1.000000e+00 2.000000e+00 3.297923e+01 0.000000e+00 1.000000e+00 2.000000e+00 2.985613e-01 3.519734e-03 0.000000e+00 3.507188e-01
45.000 165.000 0.000000e+00 0.000000e+00         -nan         -nan 0.000000e+00 0.000000e+00         -nan         -nan 1.154811e-01 3.715096e-03         -nan         -nan
45.000 195.000 2.405067e+01 2.238244e+01 3.592773e-02 6.809785e+00 2.526750e+01 2.185463e+01 7.242621e-02 6.846528e+00 -9.854219e-02 4.066201e-03 -3.779677e-03 1.974657e-02
45.000 225.000 0.000000e+00 0.000000e+00         -nan         -nan 0.000000e+00 0.000000e+00         -nan         -nan -2.861611e-01 4.225238e-03         -nan         -nan
45.000 255.000 6.534128e+01 0.000000e+00 1.000000e+00 2.000000e+00 6.769759e+01 0.000000e+00 1.000000e+00 2.000000e+00 -3.971034e-01 4.054531e-03 0.000000e+00 6.985503e-01
45.000 285.000 2.606396e+01 8.638739e+00 5.021287e-01 5.094408e+00 2.514405e+01 8.694650e+00 4.861120e-01 5.083547e+00 -4.016422e-01 3.702320e-03 2.225494e-03 1.774044e-01
45.000 315.000 1.191044e+01 0.000000e+00 1.000000e+00 2.000000e+00 1.169864e+01 0.000000e+00 1.000000e+00 2.000000e+00 -2.985613e-01 3.519734e-03 0.000000e+00 6.492796e-01
45.000 345.000 0.000000e+00 2.476808e+01 -1.000000e+00 2.000000e+00 0.000000e+00 2.549550e+01 -1.000000e+00 2.000000e+00 -1.154811e-01 3.715096e-03 0.000000e+00 -4.422587e-01
75.000 15.000 0.000000e+00 6.222810e+00 -1.000000e+00 2.000000e+00 0.000000e+00 6.277193e+00 -1.000000e+00 2.000000e+00 7.415319e-02 3.943792e-03 0.000000e+00 -5.370756e-01
75.000 45.000 0.000000e+00 1.509677e+01 -1.000000e+00 2.000000e+00 0.000000e+00 1.546023e+01 -1.000000e+00 2.000000e+00 2.530436e-01 3.835781e-03 0.000000e+00 -6.265206e-01
75.000 75.000 4.194019e+01 5.404058e+00 7.717122e-01 4.375942e+00 4.106723e+01 5.412139e+00 7.671165e-01 4.373529e+00 3.641311e-01 3.778929e-03 7.428178e-04 9.314129e-02
75.000 105.000 0.000000e+00 0.000000e+00         -nan         -nan 0.000000e+00 0.000000e+00         -nan         -nan 3.776500e-01 3.832449e-03         -nan         -nan
75.000 135.000 2.386164e+00 2.669444e+01 -8.358931e-01 2.959980e+00 2.381156e+00 2.673904e+01 -8.364602e-01 2.957329e+00 2.899779e-01 3.940552e-03 1.355303e-04 -3.803640e-01
75.000 165.000 3.198078e+01 0.000000e+00 1.000000e+00 2.000000e+00 3.333670e+01 0.000000e+00 1.000000e+00 2.000000e+00 1.246065e-01 3.995105e-03 0.000000e+00 4.376959e-01
75.000 195.000 1.470570e+01 5.855589e+01 -5.985427e-01 6.856776e+00 1.517721e+01 5.596713e+01 -5.733404e-01 6.910704e+00 -7.415317e-02 3.943792e-03 -2.588794e-03 -7.647755e-02
75.000 225.000 4.921000e+01 0.000000e+00 1.000000e+00 2.000000e+00 5.082967e+01 0.000000e+00 1.000000e+00 2.000000e+00 -2.530435e-01 3.835781e-03 0.000000e+00 6.265206e-01
75.000 255.000 6.623515e+01 4.994267e+01 1.402375e-01 1.067207e+01 6.718185e+01 4.916781e+01 1.548267e-01 1.065648e+01 -3.641311e-01 3.778929e-03 -9.673567e-04 4.726062e-02
75.000 285.000 0.000000e+00 4.745001e+01 -1.000000e+00 2.000000e+00 0.000000e+00 4.669757e+01 -1.000000e+00 2.000000e+00 -3.776500e-01 3.832449e-03 0.000000e+00 -3.111744e-01
75.000 315.000 0.000000e+00 3.979228e+01 -1.000000e+00 2.000000e+00 0.000000e+00 3.863243e+01 -1.000000e+00 2.000000e+00 -2.899779e-01 3.940552e-03 0.000000e+00 -3.550103e-01
75.000 345.000 1.305114e+01 1.439475e+01 -4.895477e-02 5.232602e+00 1.304112e+01 1.453443e+01 -5.415359e-02 5.243537e+00 -1.246065e-01 3.995105e-03 7.018081e-04 1.445776e-02
105.000 15.000 1.239236e+02 7.517729e+01 2.448322e-01 1.368087e+01 1.238622e+02 7.527522e+01 2.439873e-01 1.368513e+01 5.989321e-02 3.995105e-03 4.365961e-05 1.351807e-02
105.000 45.000 6.566339e+01 9.809009e+01 -1.980214e-01 1.254322e+01 6.495350e+01 9.874770e+01 -2.064383e-01 1.251898e+01 2.184776e-01 3.940552e-03 4.749513e-04 -3.320512e-02
105.000 75.000 8.644673e+01 1.147200e+02 -1.405466e-01 1.404254e+01 8.441505e+01 1.173565e+02 -1.632613e-01 1.401405e+01 3.185211e-01 3.832449e-03 1.144950e-03 -3.269120e-02
105.000 105.000 6.605057e+01 1.199470e+02 -2.897694e-01 1.305297e+01 6.400892e+01 1.225941e+02 -3.139561e-01 1.296957e+01 3.332171e-01 3.778929e-03 1.314441e-03 -4.772757e-02
105.000 135.000 9.711297e+01 1.232116e+02 -1.184554e-01 1.473883e+01 9.544809e+01 1.251534e+02 -1.346560e-01 1.471739e+01 2.586279e-01 3.835781e-03 7.778021e-04 -2.558434e-02
105.000 165.000 1.183597e+02 6.802669e+01 2.700466e-01 1.314512e+01 1.172921e+02 6.873506e+01 2.610213e-01 1.316635e+01 1.147395e-01 3.943792e-03 4.851007e-04 1.181481e-02
105.000 195.000 6.887217e+01 8.417012e+01 -9.995902e-02 1.230907e+01 6.888606e+01 8.384858e+01 -9.796419e-02 1.229914e+01 -5.989319e-02 3.995105e-03 -1.146411e-04 -3.254985e-03
105.000 225.000 7.728251e+01 5.721729e+01 1.491841e-01 1.146762e+01 7.782036e+01 5.682769e+01 1.559077e-01 1.146190e+01 -2.184776e-01 3.940552e-03 -4.146915e-04 3.206084e-02
105.000 255.000 1.428068e+02 6.730932e+01 3.593132e-01 1.352734e+01 1.449312e+02 6.628509e+01 3.723488e-01 1.348824e+01 -3.185211e-01 3.832449e-03 -6.823884e-04 5.010847e-02
105.000 285.000 1.361251e+02 7.214624e+01 3.071900e-01 1.373382e+01 1.387388e+02 7.001696e+01 3.291972e-01 1.364305e+01 -3.332171e-01 3.778929e-03 -1.136823e-03 4.662995e-02
105.000 315.000 9.352989e+01 9.785569e+01 -2.260251e-02 1.383068e+01 9.497700e+01 9.557387e+01 -3.132358e-03 1.380395e+01 -2.586279e-01 3.835781e-03 -9.963925e-04 1.706534e-02
105.000 345.000 1.164997e+02 9.910524e+01 8.067732e-02 1.463563e+01 1.177048e+02 9.801050e+01 9.129773e-02 1.462591e+01 -1.147395e-01 3.943792e-03 -5.132857e-04 1.335213e-02
135.000 15.000 1.294542e+02 1.620707e+02 -1.118821e-01 1.696690e+01 1.291795e+02 1.627888e+02 -1.151131e-01 1.697349e+01 6.580271e-02 3.715096e-03 1.346268e-04 -1.047244e-02
135.000 45.000 1.259970e+02 1.211652e+02 1.954899e-02 1.571839e+01 1.235607e+02 1.226576e+02 3.667845e-03 1.569124e+01 2.055012e-01 3.519734e-03 7.150458e-04 -1.183024e-02
135.000 75.000 9.116752e+01 9.625214e+01 -2.712959e-02 1.368509e+01 8.832957e+01 9.827012e+01 -5.327208e-02 1.364075e+01 2.901359e-01 3.702320e-03 1.352969e-03 -2.318329e-02
135.000 105.000 1.311775e+02 1.548083e+02 -8.262952e-02 1.685328e+01 1.265338e+02 1.588075e+02 -1.131055e-01 1.678365e+01 2.970288e-01 4.054531e-03 1.281313e-03 -2.252726e-02
135.000 135.000 1.194889e+02 1.597972e+02 -1.443261e-01 1.653689e+01 1.161454e+02 1.633748e+02 -1.689662e-01 1.647847e+01 2.243332e-01 4.225238e-03 1.055458e-03 -2.229315e-02
135.000 165.000 1.542630e+02 9.026931e+01 2.616984e-01 1.509256e+01 1.522403e+02 9.134288e+01 2.500065e-01 1.511153e+01 9.152761e-02 4.066201e-03 5.474353e-04 1.127515e-02
135.000 195.000 1.604638e+02 1.285496e+02 1.104243e-01 1.689643e+01 1.608317e+02 1.284197e+02 1.120545e-01 1.690028e+01 -6.580270e-02 3.715096e-03 -6.821435e-05 1.042984e-02
135.000 225.000 1.375366e+02 9.960643e+01 1.599463e-01 1.520119e+01 1.396296e+02 9.753881e+01 1.774722e-01 1.515581e+01 -2.055012e-01 3.519734e-03 -8.164640e-04 2.404071e-02
135.000 255.000 1.195674e+02 9.119472e+01 1.346196e-01 1.438550e+01 1.222700e+02 8.847044e+01 1.603847e-01 1.432897e+01 -2.901359e-01 3.702320e-03 -1.268952e-03 2.952663e-02
135.000 285.000 1.680806e+02 1.114666e+02 2.025202e-01 1.637320e+01 1.729268e+02 1.075986e+02 2.328780e-01 1.628840e+01 -2.970288e-01 4.054531e-03 -1.314456e-03 3.051016e-02
135.000 315.000 1.191213e+02 1.315897e+02 -4.973229e-02 1.581426e+01 1.214862e+02 1.275109e+02 -2.419551e-02 1.577502e+01 -2.243332e-01 4.225238e-03 -1.143249e-03 1.104072e-02
135.000 345.000 1.149893e+02 9.823361e+01 7.858283e-02 1.455700e+01 1.162749e+02 9.679712e+01 9.141393e-02 1.453587e+01 -9.152763e-02 4.066201e-03 -6.237241e-04 1.168582e-02
165.000 15.000 6.830766e+01 8.490436e+01 -1.083251e-01 1.230505e+01 6.775835e+01 8.555231e+01 -1.160647e-01 1.229819e+01 7.426490e-02 3.077997e-03 4.448809e-04 -1.483862e-02
165.000 45.000 8.258558e+01 8.576887e+01 -1.890825e-02 1.297283e+01 8.017738e+01 8.767952e+01 -4.469363e-02 1.294301e+01 2.066005e-01 4.564682e-03 1.407093e-03 -1.738316e-02
165.000 75.000 9.916049e+01 8.436477e+01 8.061955e-02 1.350305e+01 9.510659e+01 8.723526e+01 4.316795e-02 1.349081e+01 2.835777e-01 5.146148e-03 1.962096e-03 -1.503054e-02
165.000 105.000 6.911913e+01 9.344812e+01 -1.496549e-01 1.260660e+01 6.610605e+01 9.666827e+01 -1.877582e-01 1.253140e+01 2.845705e-01 4.557093e-03 2.143606e-03 -3.444429e-02
165.000 135.000 7.932473e+01 8.310078e+01 -2.324792e-02 1.274118e+01 7.680724e+01 8.514685e+01 -5.149366e-02 1.270924e+01 2.093128e-01 3.066731e-03 1.569541e-03 -1.825268e-02
165.000 165.000 7.826445e+01 7.970279e+01 -9.105294e-03 1.256798e+01 7.717840e+01 8.075097e+01 -2.262134e-02 1.256378e+01 7.796996e-02 1.938639e-03 7.605747e-04 -6.928341e-03
165.000 195.000 6.935730e+01 7.604851e+01 -4.601750e-02 1.204566e+01 6.988848e+01 7.557460e+01 -3.908980e-02 1.205159e+01 -7.426488e-02 3.077997e-03 -4.065706e-04 2.345026e-03
165.000 225.000 8.284629e+01 5.890191e+01 1.689220e-01 1.173471e+01 8.480309e+01 5.737582e+01 1.929068e-01 1.169991e+01 -2.066005e-01 4.564682e-03 -1.447412e-03 3.200100e-02
165.000 255.000 7.258332e+01 7.700893e+01 -2.958449e-02 1.222544e+01 7.498913e+01 7.383194e+01 7.775677e-03 1.219886e+01 -2.835777e-01 5.146148e-03 -2.163224e-03 2.077580e-02
165.000 285.000 8.969493e+01 6.462279e+01 1.624709e-01 1.225742e+01 9.274883e+01 6.179032e+01 2.003279e-01 1.217938e+01 -2.845705e-01 4.557093e-03 -2.190863e-03 3.647109e-02
165.000 315.000 1.103429e+02 6.860295e+01 2.332547e-01 1.300807e+01 1.133866e+02 6.652873e+01 2.604438e-01 1.295035e+01 -2.093128e-01 3.066731e-03 -1.481262e-03 3.402254e-02
165.000 345.000 8.197008e+01 1.049751e+02 -1.230578e-01 1.356887e+01 8.276603e+01 1.038366e+02 -1.129168e-01 1.357289e+01 -7.796998e-02 1.938639e-03 -5.283917e-04 -3.322885e-03
195.000 15.000 9.683929e+01 1.144953e+02 -8.354512e-02 1.448653e+01 9.576460e+01 1.158090e+02 -9.473975e-02 1.448015e+01 7.796994e-02 1.938638e-03 5.465456e-04 -1.114933e-02
195.000 45.000 7.501599e+01 7.506564e+01 -3.308253e-04 1.225078e+01 7.274417e+01 7.700950e+01 -2.848231e-02 1.223242e+01 2.093128e-01 3.066731e-03 1.626103e-03 -1.711268e-02
195.000 75.000 5.236876e+01 1.568520e+02 -4.993923e-01 1.253166e+01 5.040734e+01 1.628882e+02 -5.273475e-01 1.240883e+01 2.845705e-01 4.557094e-03 1.585139e-03 -6.255855e-02
195.000 105.000 5.510089e+01 9.358062e+01 -2.588064e-01 1.177806e+01 5.307154e+01 9.676704e+01 -2.916171e-01 1.170881e+01 2.835777e-01 5.146149e-03 1.975620e-03 -4.605037e-02
195.000 135.000 8.680535e+01 6.835305e+01 1.189256e-01 1.236786e+01 8.439463e+01 7.005702e+01 9.282912e-02 1.237419e+01 2.066005e-01 4.564683e-03 1.491629e-03 -7.088934e-03
195.000 165.000 7.532653e+01 5.043953e+01 1.978832e-01 1.099279e+01 7.488087e+01 5.082527e+01 1.913638e-01 1.100467e+01 7.426491e-02 3.077997e-03 4.191351e-04 1.124540e-02
195.000 195.000 1.126401e+02 9.181918e+01 1.018343e-01 1.422459e+01 1.139606e+02 9.054954e+01 1.144739e-01 1.420670e+01 -7.796993e-02 1.938638e-03 -6.287127e-04 1.264038e-02
195.000 225.000 1.152373e+02 8.523059e+01 1.496832e-01 1.399916e+01 1.185118e+02 8.263593e+01 1.783558e-01 1.395525e+01 -2.093128e-01 3.066731e-03 -1.450541e-03 2.564412e-02
195.000 255.000 9.586356e+01 8.165865e+01 8.001767e-02 1.328102e+01 9.911573e+01 7.839318e+01 1.167409e-01 1.323215e+01 -2.845705e-01 4.557093e-03 -1.958814e-03 2.745181e-02
195.000 285.000 1.023885e+02 7.297974e+01 1.676970e-01 1.305513e+01 1.058241e+02 7.010441e+01 2.030353e-01 1.298754e+01 -2.835777e-01 5.146149e-03 -1.918993e-03 3.456685e-02
195.000 315.000 1.178472e+02 1.073336e+02 4.668958e-02 1.498966e+01 1.209840e+02 1.041444e+02 7.480018e-02 1.496224e+01 -2.066005e-01 4.564683e-03 -1.327274e-03 1.689766e-02
195.000 345.000 8.598233e+01 7.537676e+01 6.572646e-02 1.267525e+01 8.670651e+01 7.470315e+01 7.436586e-02 1.266953e+01 -7.426493e-02 3.077997e-03 -4.820697e-04 1.104447e-02
225.000 15.000 1.237706e+02 9.989290e+01 1.067574e-01 1.486992e+01 1.217658e+02 1.011947e+02 9.226316e-02 1.486817e+01 9.152759e-02 4.066201e-03 6.892841e-04 1.024204e-03
225.000 45.000 9.864397e+01 1.758659e+02 -2.813085e-01 1.589927e+01 9.599167e+01 1.800101e+02 -3.044128e-01 1.582484e+01 2.243332e-01 4.225238e-03 1.029952e-03 -3.180283e-02
225.000 75.000 1.204353e+02 1.723377e+02 -1.772785e-01 1.683959e+01 1.162568e+02 1.777903e+02 -2.092642e-01 1.676814e+01 2.970288e-01 4.054531e-03 1.345957e-03 -2.816620e-02
225.000 105.000 1.821990e+02 1.557718e+02 7.819368e-02 1.832770e+01 1.761442e+02 1.600324e+02 4.792677e-02 1.831405e+01 2.901359e-01 3.702320e-03 1.168172e-03 -1.156404e-02
225.000 135.000 1.344283e+02 1.323416e+02 7.821874e-03 1.633259e+01 1.319034e+02 1.346164e+02 -1.017956e-02 1.632459e+01 2.055013e-01 3.519735e-03 7.795489e-04 -1.210337e-02
225.000 165.000 1.568461e+02 1.156841e+02 1.510367e-01 1.631911e+01 1.563493e+02 1.157477e+02 1.492173e-01 1.631069e+01 6.580273e-02 3.715097e-03 7.885495e-05 5.222958e-03
225.000 195.000 1.556920e+02 9.415226e+01 2.463123e-01 1.531947e+01 1.576207e+02 9.301578e+01 2.577634e-01 1.529653e+01 -9.152758e-02 4.066201e-03 -5.289496e-04 2.205297e-02
225.000 225.000 1.677566e+02 1.160006e+02 1.823954e-01 1.656252e+01 1.720481e+02 1.127313e+02 2.082905e-01 1.650528e+01 -2.243331e-01 4.225238e-03 -1.107457e-03 2.455716e-02
225.000 255.000 1.547323e+02 1.417092e+02 4.393154e-02 1.720085e+01 1.586276e+02 1.369474e+02 7.334898e-02 1.714598e+01 -2.970288e-01 4.054531e-03 -1.211247e-03 1.982229e-02
225.000 285.000 1.321926e+02 1.033069e+02 1.226572e-01 1.523012e+01 1.352991e+02 1.001853e+02 1.491130e-01 1.517394e+01 -2.901359e-01 3.702320e-03 -1.230563e-03 2.710374e-02
225.000 315.000 1.780979e+02 1.218563e+02 1.875005e-01 1.701202e+01 1.803924e+02 1.194747e+02 2.031487e-01 1.695558e+01 -2.055013e-01 3.519735e-03 -6.514992e-04 2.310142e-02
225.000 345.000 1.719139e+02 1.763202e+02 -1.265321e-02 1.865954e+01 1.721862e+02 1.754336e+02 -9.341758e-03 1.864375e+01 -6.580275e-02 3.715097e-03 -1.255413e-04 2.848384e-03
255.000 15.000 1.117724e+02 7.206043e+01 2.160220e-01 1.323836e+01 1.104602e+02 7.288242e+01 2.049594e-01 1.325295e+01 1.147395e-01 3.943792e-03 5.905700e-04 7.650687e-03
255.000 45.000 1.479155e+02 8.979345e+01 2.445093e-01 1.494983e+01 1.448125e+02 9.110888e+01 2.276335e-01 1.495649e+01 2.586279e-01 3.835781e-03 7.980254e-04 -9.443972e-04
255.000 75.000 1.109996e+02 1.107585e+02 1.087291e-03 1.489153e+01 1.080795e+02 1.126747e+02 -2.081582e-02 1.485458e+01 3.332171e-01 3.778929e-03 1.041335e-03 -2.230326e-02
255.000 105.000 1.194003e+02 9.444552e+01 1.166951e-01 1.452356e+01 1.170893e+02 9.596026e+01 9.917438e-02 1.452426e+01 3.185211e-01 3.832450e-03 8.530077e-04 -1.389646e-02
255.000 135.000 1.289691e+02 1.246608e+02 1.698670e-02 1.592346e+01 1.273361e+02 1.261191e+02 4.801505e-03 1.592009e+01 2.184776e-01 3.940552e-03 5.411603e-04 -1.265371e-02
255.000 165.000 1.066034e+02 1.215559e+02 -6.553534e-02 1.507247e+01 1.062370e+02 1.217811e+02 -6.817024e-02 1.506514e+01 5.989322e-02 3.995105e-03 1.236433e-04 -8.321700e-03
255.000 195.000 1.284127e+02 8.253765e+01 2.174685e-01 1.417653e+01 1.294269e+02 8.164259e+01 2.263912e-01 1.415102e+01 -1.147395e-01 3.943792e-03 -4.454528e-04 2.343366e-02
255.000 225.000 1.250906e+02 4.071831e+01 5.088525e-01 1.108494e+01 1.269919e+02 4.013614e+01 5.196959e-01 1.104488e+01 -2.586279e-01 3.835781e-03 -6.929520e-04 6.923632e-02
255.000 255.000 1.269812e+02 9.140081e+01 1.629273e-01 1.458029e+01 1.296593e+02 8.887741e+01 1.866134e-01 1.452330e+01 -3.332171e-01 3.778929e-03 -1.150962e-03 3.402842e-02
255.000 285.000 1.206662e+02 8.082065e+01 1.977574e-01 1.391428e+01 1.226917e+02 7.952105e+01 2.134913e-01 1.389231e+01 -3.185211e-01 3.832450e-03 -8.002078e-04 3.710423e-02
255.000 315.000 1.290002e+02 1.215606e+02 2.969196e-02 1.582213e+01 1.314106e+02 1.190028e+02 4.954933e-02 1.580502e+01 -2.184776e-01 3.940552e-03 -8.879253e-04 1.568496e-02
255.000 345.000 1.225957e+02 7.904718e+01 2.159684e-01 1.386498e+01 1.225306e+02 7.898386e+01 2.160972e-01 1.386016e+01 -5.989324e-02 3.995105e-03 -6.573243e-06 1.989628e-02
285.000 15.000 4.634294e+01 2.766995e+01 2.522938e-01 8.324771e+00 4.686158e+01 2.673847e+01 2.734117e-01 8.252161e+00 1.246065e-01 3.995105e-03 -1.801590e-03 1.533824e-02
285.000 45.000 2.370743e+01 0.000000e+00 1.000000e+00 2.000000e+00 2.420857e+01 0.000000e+00 1.000000e+00 2.000000e+00 2.899779e-01 3.940552e-03 0.000000e+00 3.550104e-01
285.000 75.000 2.930076e+01 0.000000e+00 1.000000e+00 2.000000e+00 2.847876e+01 0.000000e+00 1.000000e+00 2.000000e+00 3.776500e-01 3.832449e-03 0.000000e+00 3.111744e-01
285.000 105.000 0.000000e+00 0.000000e+00         -nan         -nan 0.000000e+00 0.000000e+00         -nan         -nan 3.641311e-01 3.778928e-03         -nan         -nan
285.000 135.000 8.369990e+01 2.925361e+01 4.820239e-01 9.311772e+00 8.001851e+01 3.093790e+01 4.423414e-01 9.447011e+00 2.530436e-01 3.835781e-03 2.991566e-03 2.459041e-02
285.000 165.000 2.682456e+01 3.697198e+01 -1.590591e-01 7.885589e+00 2.625767e+01 3.824186e+01 -1.858027e-01 7.891314e+00 7.415320e-02 3.943792e-03 2.397252e-03 -2.957449e-02
285.000 195.000 0.000000e+00 3.631462e+01 -1.000000e+00 2.000000e+00 0.000000e+00 3.716278e+01 -1.000000e+00 2.000000e+00 -1.246064e-01 3.995105e-03 0.000000e+00 -4.376959e-01
285.000 225.000 4.334817e+01 2.900587e+00 8.745658e-01 3.297679e+00 4.324968e+01 2.915812e+00 8.736800e-01 3.305540e+00 -2.899779e-01 3.940552e-03 1.897144e-04 3.531402e-01
285.000 255.000 2.490085e+01 2.994775e+01 -9.201501e-02 7.374565e+00 2.523652e+01 2.909106e+01 -7.094998e-02 7.352149e+00 -3.776500e-01 3.832449e-03 -2.022883e-03 3.873245e-02
285.000 285.000 6.175861e+01 0.000000e+00 1.000000e+00 2.000000e+00 6.321971e+01 0.000000e+00 1.000000e+00 2.000000e+00 -3.641311e-01 3.778928e-03 0.000000e+00 6.820643e-01
285.000 315.000 4.033416e+01 4.702719e+01 -7.661316e-02 9.319259e+00 4.230913e+01 4.520166e+01 -3.305342e-02 9.349609e+00 -2.530436e-01 3.835781e-03 -3.299755e-03 1.893181e-02
285.000 345.000 1.935624e+01 0.000000e+00 1.000000e+00 2.000000e+00 1.951282e+01 0.000000e+00 1.000000e+00 2.000000e+00 -7.415323e-02 3.943792e-03 0.000000e+00 5.370756e-01
315.000 15.000 0.000000e+00 4.006082e+01 -1.000000e+00 2.000000e+00 0.000000e+00 3.913818e+01 -1.000000e+00 2.000000e+00 1.154810e-01 3.715096e-03 0.000000e+00 -5.577396e-01
315.000 45.000 0.000000e+00 0.000000e+00         -nan         -nan 0.000000e+00 0.000000e+00         -nan         -nan 2.985612e-01 3.519734e-03         -nan         -nan
315.000 75.000 0.000000e+00 3.873511e+01 -1.000000e+00 2.000000e+00 0.000000e+00 3.788709e+01 -1.000000e+00 2.000000e+00 4.016422e-01 3.702320e-03 0.000000e+00 -7.008199e-01
315.000 105.000 2.252882e+01 0.000000e+00 1.000000e+00 2.000000e+00 2.220827e+01 0.000000e+00 1.000000e+00 2.000000e+00 3.971035e-01 4.054531e-03 0.000000e+00 3.014477e-01
315.000 135.000 0.000000e+00 0.000000e+00         -nan         -nan 0.000000e+00 0.000000e+00         -nan         -nan 2.861612e-01 4.225238e-03         -nan         -nan
315.000 165.000 3.779987e+01 7.533593e+00 6.676365e-01 5.012643e+00 3.651350e+01 7.671502e+00 6.527554e-01 5.035696e+00 9.854223e-02 4.066201e-03 2.094381e-03 1.135317e-01
315.000 195.000 5.382356e+01 3.709571e+01 1.839858e-01 9.372384e+00 5.189649e+01 3.874710e+01 1.450669e-01 9.419982e+00 -1.154810e-01 3.715096e-03 2.928816e-03 3.195204e-02
315.000 225.000 0.000000e+00 0.000000e+00         -nan         -nan 0.000000e+00 0.000000e+00         -nan         -nan -2.985612e-01 3.519734e-03         -nan         -nan
315.000 255.000 9.381856e+01 7.220390e+00 8.570771e-01 5.178575e+00 9.283326e+01 7.452834e+00 8.513685e-01 5.253179e+00 -4.016422e-01 3.702320e-03 7.738771e-04 2.430628e-01
315.000 285.000 0.000000e+00 0.000000e+00         -nan         -nan 0.000000e+00 0.000000e+00         -nan         -nan -3.971035e-01 4.054531e-03         -nan         -nan
315.000 315.000 3.559117e+01 3.580114e+01 -2.941134e-03 8.449361e+00 3.609336e+01 3.569424e+01 5.559631e-03 8.472625e+00 -2.861612e-01 4.225238e-03 -7.104300e-04 3.351970e-02
315.000 345.000 0.000000e+00 0.000000e+00         -nan         -nan 0.000000e+00 0.000000e+00         -nan         -nan -9.854225e-02 4.066201e-03         -nan         -nan
345.000 15.000 3.086406e+01 8.331888e+00 5.748597e-01 5.122803e+00 3.226425e+01 8.279227e+00 5.915878e-01 5.133637e+00 1.081960e-01 3.077997e-03 -2.306554e-03 9.109538e-02
345.000 45.000 0.000000e+00 0.000000e+00         -nan         -nan 0.000000e+00 0.000000e+00         -nan         -nan 2.962848e-01 4.564683e-03         -nan         -nan
345.000 75.000 0.000000e+00 8.313415e+01 -1.000000e+00 2.000000e+00 0.000000e+00 7.935177e+01 -1.000000e+00 2.000000e+00 4.049844e-01 5.146148e-03 0.000000e+00 -7.024899e-01
345.000 105.000 0.000000e+00 4.019076e+01 -1.000000e+00 2.000000e+00 0.000000e+00 3.896306e+01 -1.000000e+00 2.000000e+00 4.051688e-01 4.557093e-03 0.000000e+00 -7.025826e-01
345.000 135.000 0.000000e+00 0.000000e+00         -nan         -nan 0.000000e+00 0.000000e+00         -nan         -nan 2.967885e-01 3.066731e-03         -nan         -nan
345.000 165.000 0.000000e+00 0.000000e+00         -nan         -nan 0.000000e+00 0.000000e+00         -nan         -nan 1.088840e-01 1.938639e-03         -nan         -nan
345.000 195.000 0.000000e+00 0.000000e+00         -nan         -nan 0.000000e+00 0.000000e+00         -nan         -nan -1.081959e-01 3.077997e-03         -nan         -nan
345.000 225.000 0.000000e+00 0.000000e+00         -nan         -nan 0.000000e+00 0.000000e+00         -nan         -nan -2.962848e-01 4.564682e-03         -nan         -nan
345.000 255.000 0.000000e+00 0.000000e+00         -nan         -nan 0.000000e+00 0.000000e+00         -nan         -nan -4.049844e-01 5.146148e-03         -nan         -nan
345.000 285.000 0.000000e+00 0.000000e+00         -nan         -nan 0.000000e+00 0.000000e+00         -nan         -nan -4.051688e-01 4.557093e-03         -nan         -nan
345.000 315.000 0.000000e+00 0.000000e+00         -nan         -nan 0.000000e+00 0.000000e+00         -nan         -nan -2.967885e-01 3.066731e-03         -nan         -nan
345.000 345.000 0.000000e+00 0.000000e+00         -nan         -nan 0.000000e+00 0.000000e+00         -nan         -nan -1.088840e-01 1.938639e-03         -nan         -nan
