  #t  #Q2   A1M1_AVG      A_1M1     dA_1M1   A0P1_AVG      A_0P1     dA_0P1   A2M1_AVG      A_2M1     dA_2M1   A3M1_AVG      A_3M1     dA_3M1   A1P1_AVG      A_1P1     dA_1P1       Asym      Astat          t         tp         xb         Q2          W     Dilute
   4    0 -9.668e-02 -6.783e-02 2.5756e-03  3.765e-01  3.727e-01 2.5190e-03 -1.972e-02 -1.423e-02 2.5340e-03 -2.212e-03 -9.372e-03 2.5312e-03  3.987e-02  2.229e-02 2.5232e-03 -1.3065e-03 2.8468e-03 4.6589e-01 8.6254e-02 4.3976e-01 5.5082e+00 2.7858e+00 6.6411e-01
   Phi   PhiS      N_U_avg      N_D_avg     Asym_avg    dAsym_avg      N_U_fit      N_D_fit     Asym_fit    dAsym_fit     Asym_cal    dAsym_cal     GOOD_fit     GOOD_cal
15.000 15.000 0.000000e+00 8.242756e+00 -1.000000e+00 2.000000e+00 0.000000e+00 8.111651e+00 -1.000000e+00 2.000000e+00 9.923786e-02 2.012106e-03 0.000000e+00 -5.496187e-01
15.000 45.000 1.129126e+01 0.000000e+00 1.000000e+00 2.000000e+00 1.160229e+01 0.000000e+00 1.000000e+00 2.000000e+00 3.204404e-01 3.167988e-03 0.000000e+00 3.397794e-01
15.000 75.000 2.050162e+01 0.000000e+00 1.000000e+00 2.000000e+00 2.113437e+01 0.000000e+00 1.000000e+00 2.000000e+00 4.557812e-01 4.698345e-03 0.000000e+00 2.721087e-01
15.000 105.000 3.330845e+00 4.721251e+01 -8.681985e-01 3.527798e+00 3.401104e+00 4.625993e+01 -8.630273e-01 3.559873e+00 4.689958e-01 5.303317e-03 -1.031814e-03 -3.790446e-01
15.000 135.000 0.000000e+00 1.005068e+01 -1.000000e+00 2.000000e+00 0.000000e+00 9.923884e+00 -1.000000e+00 2.000000e+00 3.565433e-01 4.705061e-03 0.000000e+00 -6.782698e-01
15.000 165.000 1.152131e+01 4.294252e+01 -5.769188e-01 6.027963e+00 1.152747e+01 4.287228e+01 -5.761940e-01 6.028189e+00 1.485554e-01 3.177939e-03 -8.501933e-05 -1.203515e-01
15.000 195.000 0.000000e+00 9.667252e+00 -1.000000e+00 2.000000e+00 0.000000e+00 9.857964e+00 -1.000000e+00 2.000000e+00 -9.923784e-02 2.012106e-03 0.000000e+00 -4.503809e-01
15.000 225.000 1.263903e+01 3.317409e+01 -4.482352e-01 6.050503e+00 1.241211e+01 3.402720e+01 -4.654481e-01 6.031468e+00 -3.204404e-01 3.167988e-03 2.014786e-03 -2.112136e-02
15.000 255.000 2.113142e+01 5.502211e+00 5.868223e-01 4.178763e+00 2.068801e+01 5.695891e+00 5.682298e-01 4.226693e+00 -4.557812e-01 4.698345e-03 3.128120e-03 2.495003e-01
15.000 285.000 2.058470e+01 0.000000e+00 1.000000e+00 2.000000e+00 2.017157e+01 0.000000e+00 1.000000e+00 2.000000e+00 -4.689958e-01 5.303317e-03 0.000000e+00 7.344953e-01
15.000 315.000 8.349316e+00 0.000000e+00 1.000000e+00 2.000000e+00 8.266533e+00 0.000000e+00 1.000000e+00 2.000000e+00 -3.565434e-01 4.705061e-03 0.000000e+00 6.782698e-01
15.000 345.000 0.000000e+00 7.840059e+00 -1.000000e+00 2.000000e+00 0.000000e+00 7.821729e+00 -1.000000e+00 2.000000e+00 -1.485554e-01 3.177939e-03 0.000000e+00 -4.257218e-01
45.000 15.000 2.630364e+01 5.064173e+01 -3.163035e-01 8.321488e+00 2.685618e+01 4.979321e+01 -2.992461e-01 8.353776e+00 5.998905e-02 4.201743e-03 -1.446617e-03 -4.521938e-02
45.000 45.000 7.311242e+01 4.265839e+01 2.630544e-01 1.038074e+01 7.532554e+01 4.170579e+01 2.872714e-01 1.036211e+01 2.663946e-01 4.376845e-03 -1.651070e-03 -3.217620e-04
45.000 75.000 4.403753e+01 2.325047e+01 3.089267e-01 7.801687e+00 4.569653e+01 2.272970e+01 3.356435e-01 7.792148e+00 4.014199e-01 4.193924e-03 -2.422968e-03 -1.185554e-02
45.000 105.000 5.398836e+01 7.949629e+01 -1.910926e-01 1.134065e+01 5.574995e+01 7.796619e+01 -1.661448e-01 1.140285e+01 4.288851e-01 3.810394e-03 -1.551272e-03 -5.466862e-02
45.000 135.000 3.172315e+01 6.792935e+01 -3.633246e-01 9.300424e+00 3.216822e+01 6.709408e+01 -3.518542e-01 9.325957e+00 3.414308e-01 3.607904e-03 -8.708886e-04 -7.577669e-02
45.000 165.000 9.385541e+01 4.604497e+01 3.417463e-01 1.111582e+01 9.407782e+01 4.609493e+01 3.423125e-01 1.112419e+01 1.624905e-01 3.818998e-03 -3.600551e-05 1.612619e-02
45.000 195.000 8.143009e+01 3.364378e+01 4.152664e-01 9.758577e+00 7.995801e+01 3.415757e+01 4.013514e-01 9.784350e+00 -5.998903e-02 4.201743e-03 1.006951e-03 4.870129e-02
45.000 225.000 4.519600e+01 3.665152e+01 1.043952e-01 8.997529e+00 4.416067e+01 3.771683e+01 7.870091e-02 9.020552e+00 -2.663945e-01 4.376845e-03 2.016705e-03 4.121017e-02
45.000 255.000 6.442364e+01 3.345626e+01 3.163814e-01 9.385222e+00 6.290110e+01 3.472294e+01 2.886395e-01 9.459953e+00 -4.014199e-01 4.193924e-03 2.081839e-03 7.648207e-02
45.000 285.000 4.884226e+01 4.262400e+01 6.798421e-02 9.541673e+00 4.790851e+01 4.391310e+01 4.351272e-02 9.573283e+00 -4.288851e-01 3.810394e-03 1.810512e-03 5.207360e-02
45.000 315.000 6.739495e+01 5.480437e+01 1.030331e-01 1.099555e+01 6.663994e+01 5.568034e+01 8.959752e-02 1.101537e+01 -3.414309e-01 3.607904e-03 8.632451e-04 4.042218e-02
45.000 345.000 7.145095e+01 6.133025e+01 7.622090e-02 1.148955e+01 7.085357e+01 6.123508e+01 7.281845e-02 1.146247e+01 -1.624905e-01 3.818998e-03 2.096451e-04 2.077639e-02
75.000 15.000 5.516363e+02 4.944059e+02 5.471134e-02 3.229413e+01 5.563551e+02 4.912593e+02 6.213726e-02 3.230433e+01 5.463322e-02 4.071757e-03 -1.625709e-04 2.418938e-06
75.000 45.000 3.939107e+02 7.610786e+02 -3.178973e-01 3.222216e+01 4.005227e+02 7.515127e+02 -3.046695e-01 3.232800e+01 2.351823e-01 3.949308e-03 -2.898025e-04 -1.716457e-02
75.000 75.000 5.412486e+02 7.838051e+02 -1.830542e-01 3.578621e+01 5.569002e+02 7.712117e+02 -1.613656e-01 3.596567e+01 3.527144e-01 3.886477e-03 -4.274757e-04 -1.497137e-02
75.000 105.000 5.487336e+02 9.570744e+02 -2.711772e-01 3.735071e+01 5.625389e+02 9.447064e+02 -2.535536e-01 3.755457e+01 3.757370e-01 3.948992e-03 -3.327324e-04 -1.732000e-02
75.000 135.000 4.491762e+02 9.237709e+02 -3.456759e-01 3.476911e+01 4.554970e+02 9.139475e+02 -3.347711e-01 3.487074e+01 2.980812e-01 4.071451e-03 -2.214493e-04 -1.851520e-02
75.000 165.000 6.403754e+02 5.754505e+02 5.339986e-02 3.481895e+01 6.426305e+02 5.734058e+02 5.692648e-02 3.481516e+01 1.405548e-01 4.131470e-03 -7.162291e-05 -2.503089e-03
75.000 195.000 7.640633e+02 4.490562e+02 2.596670e-01 3.363514e+01 7.585469e+02 4.524004e+02 2.528157e-01 3.366821e+01 -5.463320e-02 4.071757e-03 1.439616e-04 9.344399e-03
75.000 225.000 5.661382e+02 5.723014e+02 -5.413746e-03 3.374028e+01 5.589957e+02 5.817992e+02 -1.998914e-02 3.376891e+01 -2.351823e-01 3.949308e-03 3.053321e-04 6.809918e-03
75.000 255.000 6.172194e+02 3.516789e+02 2.740644e-01 2.993531e+01 6.058079e+02 3.605947e+02 2.537381e-01 3.006963e+01 -3.527144e-01 3.886477e-03 4.790535e-04 2.093777e-02
75.000 285.000 6.674013e+02 4.990562e+02 1.443217e-01 3.379588e+01 6.566350e+02 5.098682e+02 1.258177e-01 3.388270e+01 -3.757370e-01 3.948992e-03 3.866589e-04 1.538823e-02
75.000 315.000 6.632742e+02 4.022462e+02 2.449771e-01 3.164766e+01 6.563725e+02 4.081729e+02 2.331509e-01 3.172818e+01 -2.980812e-01 4.071451e-03 2.638981e-04 1.715951e-02
75.000 345.000 5.084754e+02 4.911445e+02 1.733748e-02 3.161201e+01 5.069809e+02 4.921039e+02 1.489066e-02 3.160480e+01 -1.405548e-01 4.131470e-03 5.473727e-05 4.994692e-03
105.000 15.000 1.365245e+03 1.244617e+03 4.621985e-02 5.103221e+01 1.363754e+03 1.247124e+03 4.467107e-02 5.104574e+01 5.973495e-02 4.131470e-03 2.145706e-05 -2.648347e-04
105.000 45.000 1.410960e+03 1.534303e+03 -4.187849e-02 5.422267e+01 1.403522e+03 1.534638e+03 -4.462502e-02 5.415080e+01 2.216302e-01 4.071451e-03 3.584063e-05 -4.859751e-03
105.000 75.000 1.035745e+03 1.611172e+03 -2.173952e-01 5.021774e+01 1.039765e+03 1.611791e+03 -2.157323e-01 5.028073e+01 3.241398e-01 3.948992e-03 -2.340070e-05 -1.078374e-02
105.000 105.000 1.242982e+03 2.116944e+03 -2.601134e-01 5.596960e+01 1.244086e+03 2.117164e+03 -2.597480e-01 5.598634e+01 3.397964e-01 3.886477e-03 -4.616030e-06 -1.071849e-02
105.000 135.000 1.267470e+03 1.692468e+03 -1.435835e-01 5.384157e+01 1.265248e+03 1.690889e+03 -1.439856e-01 5.380382e+01 2.644049e-01 3.949308e-03 5.282681e-06 -7.577571e-03
105.000 165.000 1.350425e+03 1.718036e+03 -1.198030e-01 5.499474e+01 1.352705e+03 1.714798e+03 -1.180418e-01 5.499783e+01 1.181662e-01 4.071757e-03 -2.264440e-05 -4.327127e-03
105.000 195.000 1.606377e+03 1.239024e+03 1.291041e-01 5.289587e+01 1.610821e+03 1.236886e+03 1.313109e-01 5.290185e+01 -5.973493e-02 4.131470e-03 -2.949799e-05 3.570015e-03
105.000 225.000 1.628527e+03 1.220472e+03 1.432274e-01 5.282570e+01 1.630568e+03 1.221410e+03 1.434649e-01 5.285147e+01 -2.216302e-01 4.071451e-03 -3.178201e-06 6.906821e-03
105.000 255.000 1.789551e+03 1.319264e+03 1.512753e-01 5.511508e+01 1.790131e+03 1.319005e+03 1.515297e-01 5.511575e+01 -3.241398e-01 3.948992e-03 -3.264039e-06 8.625863e-03
105.000 285.000 1.751807e+03 1.370962e+03 1.219572e-01 5.546461e+01 1.750162e+03 1.372950e+03 1.207810e-01 5.547569e+01 -3.397964e-01 3.886477e-03 1.499362e-05 8.325195e-03
105.000 315.000 1.770273e+03 1.074321e+03 2.446581e-01 5.171386e+01 1.768740e+03 1.076484e+03 2.433044e-01 5.173776e+01 -2.644049e-01 3.949308e-03 1.850547e-05 9.843840e-03
105.000 345.000 1.675673e+03 1.297684e+03 1.271252e-01 5.408610e+01 1.672252e+03 1.300623e+03 1.250066e-01 5.409639e+01 -1.181663e-01 4.071757e-03 2.769561e-05 4.535205e-03
135.000 15.000 1.250386e+03 1.909551e+03 -2.086008e-01 5.497667e+01 1.243025e+03 1.921595e+03 -2.144238e-01 5.494650e+01 5.792348e-02 3.818998e-03 7.491667e-05 -4.847952e-03
135.000 45.000 1.358015e+03 1.916308e+03 -1.705064e-01 5.638377e+01 1.340302e+03 1.945885e+03 -1.842812e-01 5.634350e+01 2.057708e-01 3.607904e-03 1.728106e-04 -6.673502e-03
135.000 75.000 1.457487e+03 2.060099e+03 -1.713141e-01 5.843245e+01 1.424975e+03 2.103675e+03 -1.923398e-01 5.829331e+01 2.984820e-01 3.810394e-03 2.547410e-04 -8.039988e-03
135.000 105.000 1.301767e+03 1.906603e+03 -1.885182e-01 5.562685e+01 1.276101e+03 1.941144e+03 -2.067122e-01 5.549570e+01 3.112152e-01 4.193924e-03 2.315474e-04 -8.983673e-03
135.000 135.000 1.532414e+03 1.978360e+03 -1.270220e-01 5.877184e+01 1.510176e+03 1.999832e+03 -1.395028e-01 5.866600e+01 2.405586e-01 4.376845e-03 1.502960e-04 -6.254367e-03
135.000 165.000 1.617000e+03 1.654883e+03 -1.157829e-02 5.719654e+01 1.608765e+03 1.662336e+03 -1.637714e-02 5.718587e+01 1.054444e-01 4.201743e-03 5.933257e-05 -2.045975e-03
135.000 195.000 1.373435e+03 1.652082e+03 -9.209895e-02 5.477093e+01 1.380640e+03 1.642988e+03 -8.676584e-02 5.478016e+01 -5.792346e-02 3.818998e-03 -6.884600e-05 -6.239712e-04
135.000 225.000 1.788890e+03 1.470596e+03 9.765170e-02 5.681904e+01 1.816012e+03 1.447002e+03 1.130888e-01 5.675634e+01 -2.057708e-01 3.607904e-03 -1.922186e-04 5.340155e-03
135.000 255.000 1.640373e+03 1.469333e+03 5.500173e-02 5.568032e+01 1.665802e+03 1.431161e+03 7.576500e-02 5.549041e+01 -2.984820e-01 3.810394e-03 -2.641311e-04 6.348450e-03
135.000 285.000 1.892988e+03 1.453759e+03 1.312408e-01 5.735069e+01 1.931661e+03 1.416586e+03 1.538340e-01 5.717527e+01 -3.112153e-01 4.193924e-03 -2.789905e-04 7.714920e-03
135.000 315.000 1.687973e+03 1.234941e+03 1.549932e-01 5.341065e+01 1.710327e+03 1.218894e+03 1.677693e-01 5.335516e+01 -2.405586e-01 4.376845e-03 -1.692321e-04 7.405859e-03
135.000 345.000 1.503556e+03 1.762784e+03 -7.936353e-02 5.697164e+01 1.513022e+03 1.751205e+03 -7.296766e-02 5.698111e+01 -1.054444e-01 4.201743e-03 -7.937617e-05 4.577877e-04
165.000 15.000 1.315593e+03 1.313094e+03 9.506636e-04 5.127070e+01 1.309015e+03 1.320742e+03 -4.459098e-03 5.128065e+01 6.449259e-02 3.177939e-03 7.460222e-05 -1.239342e-03
165.000 45.000 1.278631e+03 1.670282e+03 -1.328120e-01 5.382284e+01 1.255573e+03 1.696238e+03 -1.492863e-01 5.372175e+01 1.980243e-01 4.705061e-03 2.166374e-04 -6.146766e-03
165.000 75.000 1.113117e+03 1.557986e+03 -1.665488e-01 5.096088e+01 1.077907e+03 1.598676e+03 -1.945646e-01 5.074702e+01 2.784956e-01 5.303317e-03 3.895488e-04 -8.733059e-03
165.000 105.000 1.179347e+03 1.678778e+03 -1.747408e-01 5.263890e+01 1.143836e+03 1.720614e+03 -2.013575e-01 5.242434e+01 2.843442e-01 4.698345e-03 3.582756e-04 -8.721401e-03
165.000 135.000 1.360281e+03 1.960530e+03 -1.807537e-01 5.667728e+01 1.328341e+03 1.994977e+03 -2.005933e-01 5.647650e+01 2.140030e-01 3.167988e-03 2.479580e-04 -6.964989e-03
165.000 165.000 1.410451e+03 1.502461e+03 -3.158697e-02 5.394446e+01 1.399555e+03 1.515265e+03 -3.969703e-02 5.394652e+01 8.631988e-02 2.012107e-03 1.063051e-04 -2.185708e-03
165.000 195.000 1.482058e+03 1.456733e+03 8.617548e-03 5.420861e+01 1.489415e+03 1.450436e+03 1.325896e-02 5.421562e+01 -6.449258e-02 3.177939e-03 -6.053944e-05 1.348681e-03
165.000 225.000 1.200239e+03 1.244441e+03 -1.808073e-02 4.943563e+01 1.218868e+03 1.214423e+03 1.826850e-03 4.932831e+01 -1.980243e-01 4.705060e-03 -2.850591e-04 3.639957e-03
165.000 255.000 1.712228e+03 1.434915e+03 8.811607e-02 5.588119e+01 1.755175e+03 1.392615e+03 1.151794e-01 5.573178e+01 -2.784956e-01 5.303317e-03 -3.429103e-04 6.560556e-03
165.000 285.000 1.744681e+03 1.348755e+03 1.279892e-01 5.516123e+01 1.791404e+03 1.305429e+03 1.569264e-01 5.495972e+01 -2.843442e-01 4.698345e-03 -3.716218e-04 7.475057e-03
165.000 315.000 1.397291e+03 1.128572e+03 1.063870e-01 4.997274e+01 1.423530e+03 1.104107e+03 1.263721e-01 4.987254e+01 -2.140030e-01 3.167988e-03 -2.830702e-04 6.411295e-03
165.000 345.000 1.302993e+03 1.090095e+03 8.896351e-02 4.872523e+01 1.312197e+03 1.081258e+03 9.648767e-02 4.869468e+01 -8.631989e-02 2.012107e-03 -1.092259e-04 3.597385e-03
195.000 15.000 1.212995e+03 1.520328e+03 -1.124393e-01 5.194966e+01 1.201485e+03 1.532025e+03 -1.209217e-01 5.189933e+01 8.631986e-02 2.012106e-03 1.155141e-04 -3.825995e-03
195.000 45.000 1.195160e+03 1.260307e+03 -2.653154e-02 4.953522e+01 1.164274e+03 1.284093e+03 -4.893823e-02 4.942169e+01 2.140030e-01 3.167988e-03 3.202184e-04 -4.855828e-03
195.000 75.000 1.375080e+03 1.379416e+03 -1.573824e-03 5.248323e+01 1.333697e+03 1.411430e+03 -2.831662e-02 5.237295e+01 2.843442e-01 4.698345e-03 3.606845e-04 -5.447798e-03
195.000 105.000 1.036702e+03 1.628007e+03 -2.219023e-01 5.033385e+01 1.006921e+03 1.660574e+03 -2.450435e-01 5.007316e+01 2.784956e-01 5.303317e-03 3.259384e-04 -9.941578e-03
195.000 135.000 1.495520e+03 1.464842e+03 1.036316e-02 5.440629e+01 1.464477e+03 1.488028e+03 -7.976631e-03 5.433524e+01 1.980243e-01 4.705061e-03 2.385140e-04 -3.449255e-03
195.000 165.000 1.320619e+03 1.267194e+03 2.064515e-02 5.085971e+01 1.310588e+03 1.273697e+03 1.427510e-02 5.083069e+01 6.449261e-02 3.177939e-03 8.858865e-05 -8.621257e-04
195.000 195.000 1.637380e+03 1.493162e+03 4.606816e-02 5.589184e+01 1.650204e+03 1.477819e+03 5.510998e-02 5.584373e+01 -8.631984e-02 2.012106e-03 -1.144404e-04 2.368646e-03
195.000 225.000 1.571597e+03 1.319472e+03 8.720836e-02 5.356380e+01 1.598900e+03 1.290633e+03 1.066839e-01 5.344760e+01 -2.140030e-01 3.167988e-03 -2.573802e-04 5.623412e-03
195.000 255.000 1.537071e+03 1.186536e+03 1.287024e-01 5.175416e+01 1.580653e+03 1.151242e+03 1.571841e-01 5.161781e+01 -2.843442e-01 4.698345e-03 -3.896535e-04 7.980934e-03
195.000 285.000 1.411410e+03 1.094242e+03 1.265811e-01 4.965385e+01 1.445484e+03 1.061601e+03 1.531194e-01 4.948035e+01 -2.784956e-01 5.303317e-03 -3.785859e-04 8.158011e-03
195.000 315.000 1.436408e+03 1.266232e+03 6.296687e-02 5.188376e+01 1.458052e+03 1.240809e+03 8.049435e-02 5.178198e+01 -1.980243e-01 4.705061e-03 -2.391107e-04 5.030307e-03
195.000 345.000 1.317746e+03 1.052860e+03 1.117375e-01 4.838397e+01 1.323779e+03 1.047104e+03 1.166972e-01 4.835902e+01 -6.449263e-02 3.177939e-03 -7.250189e-05 3.642325e-03
225.000 15.000 1.590324e+03 1.744701e+03 -4.628969e-02 5.768777e+01 1.580181e+03 1.752096e+03 -5.159083e-02 5.764901e+01 1.054444e-01 4.201743e-03 6.500048e-05 -2.630265e-03
225.000 45.000 1.489487e+03 1.606241e+03 -3.771472e-02 5.559968e+01 1.463276e+03 1.624453e+03 -5.219905e-02 5.549158e+01 2.405586e-01 4.376845e-03 1.843884e-04 -5.004944e-03
225.000 75.000 1.554573e+03 1.844019e+03 -8.516631e-02 5.808563e+01 1.519462e+03 1.876729e+03 -1.051966e-01 5.795350e+01 3.112152e-01 4.193924e-03 2.441163e-04 -6.824090e-03
225.000 105.000 1.677464e+03 1.847560e+03 -4.825371e-02 5.930276e+01 1.639657e+03 1.885668e+03 -6.978372e-02 5.922970e+01 2.984820e-01 3.810394e-03 2.568751e-04 -5.846874e-03
225.000 135.000 1.681763e+03 1.790579e+03 -3.133799e-02 5.889764e+01 1.654785e+03 1.812111e+03 -4.537953e-02 5.881970e+01 2.057708e-01 3.607904e-03 1.686899e-04 -4.025778e-03
225.000 165.000 1.779257e+03 1.725934e+03 1.521255e-02 5.919780e+01 1.768384e+03 1.734516e+03 9.668795e-03 5.918254e+01 5.792349e-02 3.818998e-03 6.622764e-05 -7.214956e-04
225.000 195.000 1.774877e+03 1.554078e+03 6.632692e-02 5.757004e+01 1.784088e+03 1.544755e+03 7.189664e-02 5.754682e+01 -1.054444e-01 4.201743e-03 -6.842422e-05 2.983693e-03
225.000 225.000 1.600162e+03 1.245808e+03 1.245107e-01 5.293250e+01 1.620320e+03 1.228303e+03 1.376164e-01 5.286469e+01 -2.405586e-01 4.376845e-03 -1.751861e-04 6.896883e-03
225.000 255.000 1.927885e+03 1.336779e+03 1.810620e-01 5.619286e+01 1.962590e+03 1.312158e+03 1.986206e-01 5.608528e+01 -3.112152e-01 4.193924e-03 -2.211609e-04 8.760496e-03
225.000 285.000 1.695161e+03 1.420842e+03 8.803538e-02 5.560443e+01 1.727769e+03 1.389201e+03 1.086209e-01 5.549950e+01 -2.984821e-01 3.810394e-03 -2.620283e-04 6.951198e-03
225.000 315.000 1.939277e+03 1.585831e+03 1.002653e-01 5.907343e+01 1.968305e+03 1.562978e+03 1.147816e-01 5.903185e+01 -2.057708e-01 3.607904e-03 -1.738209e-04 5.180606e-03
225.000 345.000 1.751960e+03 1.746428e+03 1.581387e-03 5.914710e+01 1.760194e+03 1.736129e+03 6.882849e-03 5.912832e+01 -5.792351e-02 3.818998e-03 -6.338932e-05 1.006049e-03
255.000 15.000 9.693686e+02 1.492879e+03 -2.126147e-01 4.848651e+01 9.711641e+02 1.490338e+03 -2.109174e-01 4.849741e+01 1.181662e-01 4.071757e-03 -2.475042e-05 -6.822124e-03
255.000 45.000 1.539201e+03 1.318871e+03 7.709058e-02 5.330185e+01 1.540488e+03 1.314845e+03 7.902500e-02 5.326821e+01 2.644049e-01 3.949308e-03 -2.567028e-05 -3.514217e-03
255.000 75.000 1.326990e+03 1.890074e+03 -1.750304e-01 5.584360e+01 1.327287e+03 1.884881e+03 -1.735880e-01 5.581556e+01 3.397964e-01 3.886477e-03 -1.826871e-05 -9.219083e-03
255.000 105.000 1.514348e+03 1.639853e+03 -3.978976e-02 5.611780e+01 1.508177e+03 1.640787e+03 -4.211208e-02 5.606585e+01 3.241398e-01 3.948992e-03 2.927567e-05 -6.485101e-03
255.000 135.000 1.356215e+03 1.533725e+03 -6.142366e-02 5.365665e+01 1.353687e+03 1.538320e+03 -6.384238e-02 5.366768e+01 2.216302e-01 4.071451e-03 3.187155e-05 -5.275280e-03
255.000 165.000 1.428366e+03 1.918802e+03 -1.465228e-01 5.723030e+01 1.423531e+03 1.923373e+03 -1.493445e-01 5.720364e+01 5.973497e-02 4.131470e-03 3.487110e-05 -3.603996e-03
255.000 195.000 1.581406e+03 1.293779e+03 1.000376e-01 5.335178e+01 1.577617e+03 1.298130e+03 9.718768e-02 5.337214e+01 -1.181662e-01 4.071757e-03 3.776427e-05 4.089907e-03
255.000 225.000 1.831027e+03 1.182928e+03 2.150325e-01 5.361523e+01 1.825636e+03 1.185218e+03 2.127029e-01 5.361563e+01 -2.644048e-01 3.949308e-03 3.072457e-05 8.942187e-03
255.000 255.000 1.654302e+03 1.131834e+03 1.875242e-01 5.184748e+01 1.658006e+03 1.134397e+03 1.875119e-01 5.190588e+01 -3.397964e-01 3.886477e-03 1.667312e-07 1.017061e-02
255.000 285.000 1.850228e+03 1.085249e+03 2.605980e-01 5.230798e+01 1.852265e+03 1.089381e+03 2.593393e-01 5.238130e+01 -3.241398e-01 3.948992e-03 1.700408e-05 1.117875e-02
255.000 315.000 1.295481e+03 1.296097e+03 -2.376759e-04 5.090754e+01 1.298220e+03 1.292046e+03 2.383518e-03 5.089450e+01 -2.216302e-01 4.071451e-03 -3.641310e-05 4.348915e-03
255.000 345.000 1.466330e+03 1.226200e+03 8.918373e-02 5.168283e+01 1.468054e+03 1.220619e+03 9.202864e-02 5.163237e+01 -5.973498e-02 4.131470e-03 -3.894208e-05 2.881396e-03
285.000 15.000 5.419895e+02 4.866830e+02 5.376491e-02 3.202653e+01 5.434814e+02 4.857002e+02 5.614280e-02 3.203026e+01 1.405548e-01 4.131470e-03 -5.249777e-05 -2.709935e-03
285.000 45.000 5.819035e+02 4.855749e+02 9.023938e-02 3.253899e+01 5.904523e+02 4.802599e+02 1.029151e-01 3.254799e+01 2.980812e-01 4.071451e-03 -2.754191e-04 -6.387470e-03
285.000 75.000 4.542234e+02 6.782892e+02 -1.978483e-01 3.298760e+01 4.659769e+02 6.681261e+02 -1.782459e-01 3.313715e+01 3.757370e-01 3.948992e-03 -4.192371e-04 -1.738791e-02
285.000 105.000 4.893379e+02 7.839119e+02 -2.313560e-01 3.471453e+01 5.012919e+02 7.700302e+02 -2.113849e-01 3.484989e+01 3.527144e-01 3.886476e-03 -4.060020e-04 -1.682496e-02
285.000 135.000 4.799102e+02 6.186542e+02 -1.262958e-01 3.287920e+01 4.896984e+02 6.101494e+02 -1.095160e-01 3.296447e+01 2.351823e-01 3.949308e-03 -3.604010e-04 -1.099413e-02
285.000 165.000 4.960105e+02 5.932885e+02 -8.930330e-02 3.287266e+01 4.997663e+02 5.887516e+02 -8.174896e-02 3.288227e+01 5.463324e-02 4.071757e-03 -1.624739e-04 -4.378610e-03
285.000 195.000 5.425543e+02 5.696561e+02 -2.436750e-02 3.333992e+01 5.420658e+02 5.712715e+02 -2.623260e-02 3.335523e+01 -1.405547e-01 4.131470e-03 3.954776e-05 3.484929e-03
285.000 225.000 9.414960e+02 5.177177e+02 2.904155e-01 3.655328e+01 9.327186e+02 5.255320e+02 2.792295e-01 3.666813e+01 -2.980812e-01 4.071451e-03 2.160485e-04 1.609970e-02
285.000 255.000 7.640989e+02 4.931236e+02 2.155349e-01 3.462395e+01 7.516892e+02 5.032702e+02 1.979498e-01 3.472441e+01 -3.757370e-01 3.948992e-03 3.586097e-04 1.707696e-02
285.000 285.000 6.991400e+02 4.831596e+02 1.826782e-01 3.380599e+01 6.873593e+02 4.960249e+02 1.616841e-01 3.394773e+01 -3.527144e-01 3.886476e-03 4.382046e-04 1.583721e-02
285.000 315.000 6.359512e+02 4.150717e+02 2.101567e-01 3.169548e+01 6.291940e+02 4.238392e+02 1.950126e-01 3.182745e+01 -2.351823e-01 3.949308e-03 3.371529e-04 1.405055e-02
285.000 345.000 5.492273e+02 4.305841e+02 1.210878e-01 3.107161e+01 5.442025e+02 4.352122e+02 1.112811e-01 3.110122e+01 -5.463326e-02 4.071757e-03 2.230685e-04 5.655357e-03
315.000 15.000 4.305741e+01 1.032106e+02 -4.112533e-01 1.102406e+01 4.293222e+01 1.026185e+02 -4.100720e-01 1.100341e+01 1.624905e-01 3.818998e-03 -7.583928e-05 -5.204470e-02
315.000 45.000 3.037281e+01 7.154122e+01 -4.039523e-01 9.234931e+00 3.086783e+01 7.065905e+01 -3.919279e-01 9.269930e+00 3.414308e-01 3.607904e-03 -9.189507e-04 -8.071344e-02
315.000 75.000 6.748777e+01 4.663866e+01 1.826844e-01 1.050322e+01 6.960832e+01 4.569422e+01 2.074031e-01 1.050441e+01 4.288850e-01 3.810394e-03 -1.664038e-03 -2.344049e-02
315.000 105.000 5.269559e+01 2.257590e+01 4.001474e-01 7.951049e+00 5.462430e+01 2.203122e+01 4.251890e-01 7.924475e+00 4.014199e-01 4.193924e-03 -2.230739e-03 -1.600396e-04
315.000 135.000 3.485251e+01 1.144366e+02 -5.330871e-01 1.033750e+01 3.577794e+01 1.118943e+02 -5.154412e-01 1.041339e+01 2.663946e-01 4.376845e-03 -1.202589e-03 -7.733802e-02
315.000 165.000 5.242820e+01 9.442624e+01 -2.859841e-01 1.161222e+01 5.355549e+01 9.304813e+01 -2.693838e-01 1.166040e+01 5.998907e-02 4.201743e-03 -1.008757e-03 -2.979389e-02
315.000 195.000 5.974672e+01 1.161882e+02 -3.208089e-01 1.256296e+01 6.005718e+01 1.168274e+02 -3.209449e-01 1.259621e+01 -1.624905e-01 3.818998e-03 7.646120e-06 -1.260200e-02
315.000 225.000 2.089584e+01 5.058237e+01 -4.153229e-01 7.690820e+00 2.060875e+01 5.136512e+01 -4.273268e-01 7.670127e+00 -3.414308e-01 3.607904e-03 1.105149e-03 -9.607825e-03
315.000 255.000 1.132613e+02 6.301695e+01 2.850285e-01 1.272624e+01 1.111373e+02 6.494543e+01 2.623306e-01 1.280489e+01 -4.288850e-01 3.810394e-03 1.257270e-03 5.609776e-02
315.000 285.000 6.458899e+01 3.261488e+01 3.289386e-01 9.310551e+00 6.305987e+01 3.378783e+01 3.022482e-01 9.380847e+00 -4.014199e-01 4.193924e-03 2.019418e-03 7.844417e-02
315.000 315.000 4.069350e+01 5.683246e+01 -1.654837e-01 9.739365e+00 3.970634e+01 5.843678e+01 -1.908483e-01 9.724631e+00 -2.663946e-01 4.376845e-03 1.842938e-03 1.036114e-02
315.000 345.000 5.694110e+01 5.487080e+01 1.851587e-02 1.057230e+01 5.612559e+01 5.586588e+01 2.319007e-03 1.058257e+01 -5.998909e-02 4.201743e-03 1.082768e-03 7.425531e-03
345.000 15.000 2.900950e+01 0.000000e+00 1.000000e+00 2.000000e+00 2.905159e+01 0.000000e+00 1.000000e+00 2.000000e+00 1.485554e-01 3.177939e-03 0.000000e+00 4.257218e-01
345.000 45.000 6.515823e+00 2.707222e+02 -9.529947e-01 5.044872e+00 6.671333e+00 2.674819e+02 -9.513313e-01 5.102545e+00 3.565433e-01 4.705061e-03 -2.318166e-04 -2.595779e-01
345.000 75.000 5.075902e+00 2.914285e+01 -7.033263e-01 4.158345e+00 5.263203e+00 2.855063e+01 -6.886953e-01 4.216146e+00 4.689958e-01 5.303317e-03 -2.470693e-03 -2.819201e-01
345.000 105.000 3.276753e+01 9.512008e+00 5.500420e-01 5.430288e+00 3.388687e+01 9.308836e+00 5.689925e-01 5.404719e+00 4.557812e-01 4.698345e-03 -2.473467e-03 1.735834e-02
345.000 135.000 0.000000e+00 1.481305e+01 -1.000000e+00 2.000000e+00 0.000000e+00 1.451387e+01 -1.000000e+00 2.000000e+00 3.204404e-01 3.167988e-03 0.000000e+00 -6.602194e-01
345.000 165.000 5.930017e+00 0.000000e+00 1.000000e+00 2.000000e+00 5.979926e+00 0.000000e+00 1.000000e+00 2.000000e+00 9.923788e-02 2.012107e-03 0.000000e+00 4.503808e-01
345.000 195.000 1.162371e+01 4.987435e+00 3.995072e-01 3.736295e+00 1.154073e+01 4.967080e+00 3.982147e-01 3.726941e+00 -1.485554e-01 3.177939e-03 2.449238e-04 1.466860e-01
345.000 225.000 7.688774e+00 7.346687e+00 2.275201e-02 3.876555e+00 7.637663e+00 7.472729e+00 1.091530e-02 3.886977e+00 -3.565433e-01 4.705061e-03 2.156186e-03 9.784333e-02
345.000 255.000 2.100448e+01 2.367232e+01 -5.971420e-02 6.672143e+00 2.069312e+01 2.426015e+01 -7.934976e-02 6.683578e+00 -4.689958e-01 5.303317e-03 2.079175e-03 6.134183e-02
345.000 285.000 8.440184e+00 1.232874e+01 -1.872296e-01 4.476703e+00 8.265074e+00 1.272527e+01 -2.124879e-01 4.476897e+00 -4.557812e-01 4.698345e-03 3.989528e-03 5.998867e-02
345.000 315.000 8.248228e+00 1.722903e+01 -3.525026e-01 4.723505e+00 8.089781e+00 1.767110e+01 -3.719330e-01 4.711398e+00 -3.204404e-01 3.167988e-03 2.912448e-03 -6.787795e-03
345.000 345.000 2.640213e+01 1.077905e+01 4.201877e-01 5.533223e+00 2.603408e+01 1.091505e+01 4.091848e-01 5.546409e+00 -9.923790e-02 2.012107e-03 1.404426e-03 9.387396e-02
