  #t  #Q2   A1M1_AVG      A_1M1     dA_1M1   A0P1_AVG      A_0P1     dA_0P1   A2M1_AVG      A_2M1     dA_2M1   A3M1_AVG      A_3M1     dA_3M1   A1P1_AVG      A_1P1     dA_1P1       Asym      Astat          t         tp         xb         Q2          W     Dilute
   2    0 -1.785e-02 -2.580e-02 4.9883e-03  3.931e-01  3.926e-01 4.9596e-03 -7.056e-04  9.153e-03 5.0099e-03  8.745e-04 -2.221e-02 4.9489e-03  7.922e-03  4.118e-02 4.9197e-03 -2.3563e-02 2.0754e-03 2.9329e-01 6.9648e-03 4.2477e-01 5.1990e+00 2.8141e+00 7.8062e-01
   Phi   PhiS      N_U_avg      N_D_avg     Asym_avg    dAsym_avg      N_U_fit      N_D_fit     Asym_fit    dAsym_fit     Asym_cal    dAsym_cal     GOOD_fit     GOOD_cal
15.000 15.000 1.568767e+03 2.462621e+03 -2.217236e-01 6.191284e+01 1.565230e+03 2.468822e+03 -2.239912e-01 6.190036e+01 1.134663e-01 3.937361e-03 2.590078e-05 -5.413900e-03
15.000 45.000 1.721709e+03 2.412960e+03 -1.671840e-01 6.339640e+01 1.689789e+03 2.436077e+03 -1.808803e-01 6.317339e+01 3.238041e-01 6.193021e-03 1.530342e-04 -7.744731e-03
15.000 75.000 2.151396e+03 2.304797e+03 -3.442443e-02 6.671516e+01 2.103100e+03 2.334571e+03 -5.216046e-02 6.652516e+01 4.473788e-01 9.191744e-03 1.882501e-04 -7.221795e-03
15.000 105.000 1.875991e+03 2.553581e+03 -1.529697e-01 6.577174e+01 1.826483e+03 2.589450e+03 -1.727759e-01 6.545312e+01 4.510787e-01 1.038133e-02 2.134505e-04 -9.184012e-03
15.000 135.000 2.035780e+03 2.301251e+03 -6.121030e-02 6.573265e+01 1.997469e+03 2.329697e+03 -7.677732e-02 6.558703e+01 3.339125e-01 9.215282e-03 1.676449e-04 -6.011058e-03
15.000 165.000 2.006099e+03 2.398664e+03 -8.912278e-02 6.610428e+01 1.995056e+03 2.412695e+03 -9.475120e-02 6.609220e+01 1.272747e-01 6.227903e-03 6.021181e-05 -3.273577e-03
15.000 195.000 2.142273e+03 2.404698e+03 -5.771409e-02 6.731883e+01 2.148422e+03 2.396998e+03 -5.468711e-02 6.731885e+01 -1.134663e-01 3.937361e-03 -3.179493e-05 8.281815e-04
15.000 225.000 1.878644e+03 2.255120e+03 -9.107345e-02 6.402716e+01 1.897822e+03 2.212856e+03 -7.663787e-02 6.392601e+01 -3.238041e-01 6.193020e-03 -1.595504e-04 3.634873e-03
15.000 255.000 2.810712e+03 1.726306e+03 2.390130e-01 6.540513e+01 2.855077e+03 1.690020e+03 2.563328e-01 6.516482e+01 -4.473788e-01 9.191744e-03 -1.875915e-04 1.049446e-02
15.000 285.000 3.114197e+03 1.056228e+03 4.934674e-01 5.616836e+01 3.168599e+03 1.036068e+03 5.071818e-01 5.588458e+01 -4.510787e-01 1.038133e-02 -1.730879e-04 1.681634e-02
15.000 315.000 2.465666e+03 1.818820e+03 1.509742e-01 6.470571e+01 2.503399e+03 1.783611e+03 1.678997e-01 6.454578e+01 -3.339125e-01 9.215282e-03 -1.851912e-04 7.493723e-03
15.000 345.000 2.497537e+03 2.346049e+03 3.127600e-02 6.956183e+01 2.513549e+03 2.330581e+03 3.777097e-02 6.955012e+01 -1.272747e-01 6.227903e-03 -6.602792e-05 2.279277e-03
45.000 15.000 1.766148e+03 1.597921e+03 5.000693e-02 5.792803e+01 1.753821e+03 1.609062e+03 4.304601e-02 5.793662e+01 1.139820e-01 8.234536e-03 8.496318e-05 -1.104388e-03
45.000 45.000 2.010923e+03 2.712232e+03 -1.484832e-01 6.796339e+01 1.990592e+03 2.732686e+03 -1.571141e-01 6.787256e+01 3.030523e-01 8.575746e-03 8.985809e-05 -6.643804e-03
45.000 75.000 1.610527e+03 2.479092e+03 -2.123828e-01 6.249121e+01 1.605237e+03 2.503428e+03 -2.186088e-01 6.254848e+01 4.109200e-01 8.208124e-03 7.041631e-05 -9.974248e-03
45.000 105.000 1.548913e+03 3.116849e+03 -3.360514e-01 6.433393e+01 1.545544e+03 3.123569e+03 -3.379709e-01 6.431009e+01 4.086820e-01 7.447640e-03 2.110159e-05 -1.157606e-02
45.000 135.000 2.056374e+03 1.841350e+03 5.516650e-02 6.233669e+01 2.056605e+03 1.841518e+03 5.517697e-02 6.233984e+01 2.969380e-01 7.052057e-03 -1.187927e-07 -3.878478e-03
45.000 165.000 2.190928e+03 2.421095e+03 -4.990579e-02 6.782726e+01 2.201176e+03 2.410231e+03 -4.533425e-02 6.783752e+01 1.056297e-01 7.476739e-03 -4.765515e-05 -2.293112e-03
45.000 195.000 2.945126e+03 1.958702e+03 2.011539e-01 6.859596e+01 2.959368e+03 1.944361e+03 2.069866e-01 6.851012e+01 -1.139820e-01 8.234536e-03 -6.016304e-05 4.594088e-03
45.000 225.000 2.050370e+03 2.047302e+03 7.488095e-04 6.401304e+01 2.065776e+03 2.021347e+03 1.087058e-02 6.392683e+01 -3.030523e-01 8.575746e-03 -1.118834e-04 4.745924e-03
45.000 255.000 2.364586e+03 2.004507e+03 8.241502e-02 6.587425e+01 2.380042e+03 1.991308e+03 8.892761e-02 6.585424e+01 -4.109199e-01 8.208124e-03 -6.991799e-05 7.489041e-03
45.000 285.000 2.950101e+03 1.564471e+03 3.069240e-01 6.394755e+01 2.969691e+03 1.565581e+03 3.095977e-01 6.403563e+01 -4.086820e-01 7.447640e-03 -2.954507e-05 1.119051e-02
45.000 315.000 2.961214e+03 2.151321e+03 1.584131e-01 7.059913e+01 2.960717e+03 2.151567e+03 1.582756e-01 7.059897e+01 -2.969380e-01 7.052057e-03 1.376607e-06 6.449811e-03
45.000 345.000 1.866589e+03 2.286125e+03 -1.010269e-01 6.411186e+01 1.859060e+03 2.291665e+03 -1.042240e-01 6.407524e+01 -1.056297e-01 7.476739e-03 3.527209e-05 7.179375e-05
75.000 15.000 1.425530e+03 2.008391e+03 -1.697364e-01 5.774936e+01 1.393923e+03 2.050233e+03 -1.905577e-01 5.761155e+01 1.380260e-01 7.948961e-03 2.552493e-04 -5.329278e-03
75.000 45.000 1.302552e+03 1.860168e+03 -1.763089e-01 5.535709e+01 1.278873e+03 1.895524e+03 -1.942577e-01 5.526851e+01 3.092142e-01 7.751772e-03 2.294528e-04 -8.770748e-03
75.000 75.000 1.424934e+03 2.136478e+03 -1.997927e-01 5.847435e+01 1.412335e+03 2.146271e+03 -2.062426e-01 5.837154e+01 3.975486e-01 7.651238e-03 7.806457e-05 -1.021544e-02
75.000 105.000 1.295364e+03 2.031443e+03 -2.212570e-01 5.624895e+01 1.306848e+03 2.030638e+03 -2.168668e-01 5.639611e+01 3.793602e-01 7.751706e-03 -5.511734e-05 -1.067784e-02
75.000 135.000 1.095485e+03 2.285487e+03 -3.519701e-01 5.442543e+01 1.116371e+03 2.263374e+03 -3.393756e-01 5.468528e+01 2.595226e-01 7.948897e-03 -1.632407e-04 -1.123542e-02
75.000 165.000 2.245132e+03 1.760653e+03 1.209449e-01 6.282666e+01 2.286017e+03 1.727146e+03 1.392595e-01 6.273225e+01 7.014606e-02 8.045712e-03 -2.062840e-04 8.085555e-04
75.000 195.000 1.547474e+03 2.040883e+03 -1.375029e-01 5.933390e+01 1.575178e+03 1.993992e+03 -1.173422e-01 5.932980e+01 -1.380260e-01 7.948961e-03 -2.402721e-04 8.816269e-06
75.000 225.000 1.447510e+03 1.674623e+03 -7.274305e-02 5.572802e+01 1.459762e+03 1.641507e+03 -5.860341e-02 5.559333e+01 -3.092141e-01 7.751772e-03 -1.796283e-04 4.243307e-03
75.000 255.000 1.485657e+03 1.907542e+03 -1.243326e-01 5.779917e+01 1.497762e+03 1.877193e+03 -1.124254e-01 5.772606e+01 -3.975486e-01 7.651238e-03 -1.457636e-04 4.726987e-03
75.000 285.000 2.329892e+03 1.211023e+03 3.159831e-01 5.645681e+01 2.337891e+03 1.211685e+03 3.172792e-01 5.650003e+01 -3.793602e-01 7.751706e-03 -1.622669e-05 1.231638e-02
75.000 315.000 1.732317e+03 1.998827e+03 -7.142862e-02 6.092706e+01 1.718943e+03 2.030762e+03 -8.315818e-02 6.102274e+01 -2.595226e-01 7.948897e-03 1.360240e-04 3.087199e-03
75.000 345.000 1.339950e+03 1.224299e+03 4.510119e-02 5.058688e+01 1.317266e+03 1.249369e+03 2.645375e-02 5.064424e+01 -7.014608e-02 8.045712e-03 2.605075e-04 2.278205e-03
105.000 15.000 2.182825e+03 2.048792e+03 3.167437e-02 6.501824e+01 2.148197e+03 2.085111e+03 1.490209e-02 6.505665e+01 1.283407e-01 8.045712e-03 1.823533e-04 -1.486758e-03
105.000 45.000 1.262178e+03 1.882139e+03 -1.971688e-01 5.497344e+01 1.243830e+03 1.906107e+03 -2.102509e-01 5.486978e+01 3.004356e-01 7.948897e-03 1.684289e-04 -9.051724e-03
105.000 75.000 1.180989e+03 2.534913e+03 -3.643593e-01 5.676783e+01 1.172732e+03 2.571052e+03 -3.735045e-01 5.675831e+01 3.920291e-01 7.751706e-03 1.139229e-04 -1.332424e-02
105.000 105.000 1.400945e+03 2.181941e+03 -2.179795e-01 5.841785e+01 1.396311e+03 2.183045e+03 -2.197978e-01 5.836466e+01 3.785786e-01 7.651238e-03 2.201911e-05 -1.021191e-02
105.000 135.000 1.233838e+03 2.304319e+03 -3.025531e-01 5.669462e+01 1.242656e+03 2.291700e+03 -2.968134e-01 5.677135e+01 2.636883e-01 7.751772e-03 -7.153722e-05 -9.987568e-03
105.000 165.000 2.000149e+03 2.194807e+03 -4.640284e-02 6.469872e+01 2.027738e+03 2.166682e+03 -3.312605e-02 6.472880e+01 7.814298e-02 7.948961e-03 -1.450713e-04 -1.925012e-03
105.000 195.000 1.786186e+03 2.008424e+03 -5.856659e-02 6.149467e+01 1.816483e+03 1.970758e+03 -4.073540e-02 6.148949e+01 -1.283407e-01 8.045712e-03 -2.050436e-04 1.134637e-03
105.000 225.000 2.451261e+03 1.368799e+03 2.833624e-01 5.927336e+01 2.490035e+03 1.346136e+03 2.981876e-01 5.911916e+01 -3.004356e-01 7.948897e-03 -1.770888e-04 9.849247e-03
105.000 255.000 2.195259e+03 1.249561e+03 2.745274e-01 5.643758e+01 2.209979e+03 1.244654e+03 2.794290e-01 5.643486e+01 -3.920290e-01 7.751706e-03 -6.141405e-05 1.181051e-02
105.000 285.000 1.912466e+03 1.874989e+03 9.895027e-03 6.153929e+01 1.914930e+03 1.866765e+03 1.273628e-02 6.149050e+01 -3.785786e-01 7.651238e-03 -3.265985e-05 6.312611e-03
105.000 315.000 2.309960e+03 1.460296e+03 2.253596e-01 5.982287e+01 2.299801e+03 1.471284e+03 2.197027e-01 5.990874e+01 -2.636883e-01 7.751772e-03 6.681691e-05 8.174933e-03
105.000 345.000 1.466571e+03 1.807738e+03 -1.041951e-01 5.691012e+01 1.449061e+03 1.830381e+03 -1.162757e-01 5.687798e+01 -7.814300e-02 7.948961e-03 1.501438e-04 -4.577760e-04
135.000 15.000 1.632805e+03 1.626354e+03 1.979185e-03 5.708893e+01 1.638539e+03 1.623732e+03 4.538602e-03 5.711571e+01 7.991278e-02 7.476739e-03 -3.169365e-05 -1.365126e-03
135.000 45.000 7.659106e+02 1.176588e+03 -2.114169e-01 4.307754e+01 7.709522e+02 1.168598e+03 -2.050198e-01 4.310482e+01 2.453380e-01 7.052056e-03 -1.049735e-04 -1.060309e-02
135.000 75.000 1.052743e+03 1.781198e+03 -2.570468e-01 5.144602e+01 1.064639e+03 1.773590e+03 -2.497862e-01 5.158627e+01 3.450251e-01 7.447640e-03 -9.965807e-05 -1.170298e-02
135.000 105.000 9.600864e+02 1.944826e+03 -3.389912e-01 5.070596e+01 9.706001e+02 1.940699e+03 -3.332184e-01 5.087282e+01 3.522630e-01 8.208124e-03 -8.037031e-05 -1.363260e-02
135.000 135.000 1.212254e+03 1.477977e+03 -9.877326e-02 5.161381e+01 1.211465e+03 1.469966e+03 -9.640419e-02 5.154134e+01 2.651123e-01 8.575746e-03 -3.247895e-05 -7.050159e-03
135.000 165.000 1.864766e+03 1.619374e+03 7.043095e-02 5.888002e+01 1.865457e+03 1.619705e+03 7.051368e-02 5.888831e+01 1.069250e-01 8.234536e-03 -9.935315e-07 -6.198035e-04
135.000 195.000 1.487990e+03 1.743869e+03 -7.917375e-02 5.667098e+01 1.480062e+03 1.743105e+03 -8.160991e-02 5.658357e+01 -7.991277e-02 7.476739e-03 3.042040e-05 1.304047e-05
135.000 225.000 2.095920e+03 1.354509e+03 2.148748e-01 5.736827e+01 2.098134e+03 1.358010e+03 2.141473e-01 5.742516e+01 -2.453380e-01 7.052056e-03 8.962849e-06 8.022078e-03
135.000 255.000 1.182632e+03 1.031031e+03 6.848384e-02 4.693912e+01 1.180255e+03 1.033185e+03 6.644424e-02 4.694324e+01 -3.450251e-01 7.447640e-03 3.072393e-05 8.809473e-03
135.000 285.000 1.798309e+03 1.375964e+03 1.330525e-01 5.583976e+01 1.792469e+03 1.375762e+03 1.315267e-01 5.579806e+01 -3.522630e-01 8.208124e-03 1.932815e-05 8.691216e-03
135.000 315.000 1.752307e+03 1.137893e+03 2.125853e-01 5.253175e+01 1.756178e+03 1.145062e+03 2.106397e-01 5.265467e+01 -2.651123e-01 8.575746e-03 2.615797e-05 9.093503e-03
135.000 345.000 1.605257e+03 1.746427e+03 -4.211895e-02 5.784236e+01 1.604545e+03 1.742862e+03 -4.132069e-02 5.780736e+01 -1.069250e-01 8.234536e-03 -9.761484e-06 1.120391e-03
165.000 15.000 1.038751e+02 3.377314e+02 -5.295582e-01 1.782599e+01 1.067332e+02 3.337527e+02 -5.153844e-01 1.798565e+01 6.300578e-02 6.227903e-03 -5.597211e-04 -3.324157e-02
165.000 45.000 2.253926e+02 4.260394e+02 -3.080089e-01 2.428232e+01 2.297853e+02 4.134730e+02 -2.855582e-01 2.430648e+01 2.036255e-01 9.215282e-03 -6.534447e-04 -2.107025e-02
165.000 75.000 3.976228e+02 4.375112e+02 -4.776285e-02 2.886570e+01 4.126342e+02 4.241692e+02 -1.378452e-02 2.892481e+01 2.896840e-01 1.038133e-02 -8.314962e-04 -1.169023e-02
165.000 105.000 3.425809e+02 7.233474e+02 -3.572159e-01 3.049447e+01 3.551223e+02 7.085100e+02 -3.322461e-01 3.076070e+01 2.981219e-01 9.191744e-03 -5.764776e-04 -2.149038e-02
165.000 135.000 3.795844e+02 5.042769e+02 -1.410770e-01 2.943247e+01 3.860934e+02 4.964805e+02 -1.250740e-01 2.947486e+01 2.266782e-01 6.193021e-03 -3.841909e-04 -1.249488e-02
165.000 165.000 3.629526e+02 3.243049e+02 5.623461e-02 2.617411e+01 3.651598e+02 3.240728e+02 5.961263e-02 2.620655e+01 9.449635e-02 3.937362e-03 -9.120254e-05 -1.461816e-03
165.000 195.000 3.827863e+02 2.378073e+02 2.336134e-01 2.422240e+01 3.769587e+02 2.421065e+02 2.178321e-01 2.428353e+01 -6.300577e-02 6.227903e-03 4.601126e-04 1.224566e-02
165.000 225.000 3.924186e+02 5.759222e+02 -1.895030e-01 3.055432e+01 3.829945e+02 5.906814e+02 -2.133018e-01 3.048567e+01 -2.036255e-01 9.215282e-03 5.513847e-04 4.622099e-04
165.000 255.000 5.962601e+02 2.828213e+02 3.565526e-01 2.770061e+01 5.780929e+02 2.973101e+02 3.207469e-01 2.802397e+01 -2.896840e-01 1.038133e-02 9.086845e-04 2.332932e-02
165.000 285.000 4.590728e+02 3.494879e+02 1.355307e-01 2.817283e+01 4.499214e+02 3.560079e+02 1.165283e-01 2.819549e+01 -2.981219e-01 9.191744e-03 4.767492e-04 1.539258e-02
165.000 315.000 4.310967e+02 4.444510e+02 -1.525250e-02 2.958621e+01 4.225177e+02 4.519999e+02 -3.371253e-02 2.955543e+01 -2.266782e-01 6.193021e-03 4.414219e-04 7.146090e-03
165.000 345.000 1.964533e+02 3.854447e+02 -3.247844e-01 2.281483e+01 1.955645e+02 3.861785e+02 -3.276602e-01 2.278785e+01 -9.449636e-02 3.937362e-03 8.918150e-05 -1.009379e-02
195.000 15.000 2.865465e+02 6.081768e+02 -3.594746e-01 2.791246e+01 2.875908e+02 6.088313e+02 -3.583585e-01 2.795179e+01 9.449632e-02 3.937361e-03 -2.825366e-05 -1.626410e-02
195.000 45.000 1.886888e+02 4.931643e+02 -4.465413e-01 2.336434e+01 1.927739e+02 4.838129e+02 -4.301576e-01 2.348178e+01 2.266782e-01 6.193021e-03 -4.945972e-04 -2.881398e-02
195.000 75.000 1.684274e+02 5.542204e+02 -5.338604e-01 2.273078e+01 1.767294e+02 5.431050e+02 -5.089722e-01 2.309457e+01 2.981219e-01 9.191744e-03 -7.680508e-04 -3.660158e-02
195.000 105.000 3.695314e+02 3.701500e+02 -8.363006e-04 2.719708e+01 3.850109e+02 3.611734e+02 3.194584e-02 2.730243e+01 2.896840e-01 1.038134e-02 -8.506656e-04 -1.068204e-02
195.000 135.000 6.412200e+02 4.456245e+02 1.799664e-01 3.242906e+01 6.539136e+02 4.340386e+02 2.020999e-01 3.230349e+01 2.036256e-01 9.215282e-03 -4.835494e-04 -7.295654e-04
195.000 165.000 5.049434e+02 3.887627e+02 1.299988e-01 2.964123e+01 5.135193e+02 3.852691e+02 1.426923e-01 2.967302e+01 6.300580e-02 6.227902e-03 -3.026496e-04 2.260127e-03
195.000 195.000 3.239135e+02 4.152627e+02 -1.235824e-01 2.697938e+01 3.243182e+02 4.149901e+02 -1.226442e-01 2.698496e+01 -9.449631e-02 3.937361e-03 -2.458782e-05 -1.078087e-03
195.000 225.000 1.543346e+02 3.350252e+02 -3.692388e-01 2.055826e+01 1.506475e+02 3.446493e+02 -3.916880e-01 2.047703e+01 -2.266782e-01 6.193021e-03 7.736748e-04 -6.934468e-03
195.000 255.000 1.548756e+02 3.355228e+02 -3.683683e-01 2.058771e+01 1.503672e+02 3.427520e+02 -3.901385e-01 2.044657e+01 -2.981219e-01 9.191744e-03 7.502905e-04 -3.412055e-03
195.000 285.000 1.834306e+02 3.533921e+02 -3.166064e-01 2.197753e+01 1.766739e+02 3.642043e+02 -3.467146e-01 2.181419e+01 -2.896840e-01 1.038134e-02 9.723102e-04 -1.224996e-03
195.000 315.000 2.736234e+02 6.335544e+02 -3.967591e-01 2.764728e+01 2.672745e+02 6.463368e+02 -4.149055e-01 2.750157e+01 -2.036256e-01 9.215282e-03 4.653368e-04 -6.985626e-03
195.000 345.000 6.006042e+02 3.551694e+02 2.567917e-01 2.987889e+01 5.923985e+02 3.607987e+02 2.429715e-01 2.994871e+01 -6.300582e-02 6.227903e-03 3.266831e-04 1.070313e-02
225.000 15.000 1.956468e+03 1.765069e+03 5.143028e-02 6.092367e+01 1.955238e+03 1.765995e+03 5.085501e-02 6.092298e+01 1.069250e-01 8.234536e-03 6.676967e-06 -9.108889e-04
225.000 45.000 1.167202e+03 1.516978e+03 -1.303105e-01 5.136731e+01 1.170635e+03 1.510902e+03 -1.268927e-01 5.136496e+01 2.651123e-01 8.575746e-03 -4.704866e-05 -7.697945e-03
225.000 75.000 1.636332e+03 1.152607e+03 1.734441e-01 5.201000e+01 1.633023e+03 1.145153e+03 1.756081e-01 5.188933e+01 3.522629e-01 8.208124e-03 -2.945553e-05 -3.438163e-03
225.000 105.000 1.446387e+03 2.164179e+03 -1.988032e-01 5.888860e+01 1.462447e+03 2.156066e+03 -1.916862e-01 5.903860e+01 3.450250e-01 7.447640e-03 -8.534874e-05 -9.234864e-03
225.000 135.000 1.234462e+03 1.361027e+03 -4.876331e-02 5.088533e+01 1.237302e+03 1.354801e+03 -4.532939e-02 5.086036e+01 2.453380e-01 7.052057e-03 -4.772973e-05 -5.779687e-03
225.000 165.000 1.373521e+03 1.425399e+03 -1.853525e-02 5.289573e+01 1.377789e+03 1.420893e+03 -1.540143e-02 5.289630e+01 7.991279e-02 7.476739e-03 -4.189242e-05 -1.861172e-03
225.000 195.000 1.279779e+03 1.192247e+03 3.540872e-02 4.968830e+01 1.281038e+03 1.191017e+03 3.641572e-02 4.968678e+01 -1.069250e-01 8.234536e-03 -1.433073e-05 2.864531e-03
225.000 225.000 1.768036e+03 1.288331e+03 1.569525e-01 5.459923e+01 1.768508e+03 1.292443e+03 1.555284e-01 5.465263e+01 -2.651123e-01 8.575746e-03 1.843431e-05 7.730232e-03
225.000 255.000 1.512363e+03 1.325490e+03 6.585001e-02 5.315588e+01 1.506941e+03 1.330684e+03 6.211417e-02 5.316650e+01 -3.522629e-01 8.208124e-03 4.969121e-05 7.865790e-03
225.000 285.000 1.690329e+03 1.048149e+03 2.345023e-01 5.087126e+01 1.681011e+03 1.059251e+03 2.268980e-01 5.098222e+01 -3.450251e-01 7.447640e-03 1.055845e-04 1.139204e-02
225.000 315.000 2.063228e+03 1.450402e+03 1.744141e-01 5.836732e+01 2.057752e+03 1.449999e+03 1.732601e-01 5.833054e+01 -2.453380e-01 7.052057e-03 1.398560e-05 7.191560e-03
225.000 345.000 1.646210e+03 9.297255e+02 2.781453e-01 4.875088e+01 1.644785e+03 9.321810e+02 2.765282e-01 4.878433e+01 -7.991281e-02 7.476739e-03 2.344663e-05 7.344648e-03
255.000 15.000 1.707874e+03 2.026740e+03 -8.538108e-02 6.088833e+01 1.731415e+03 2.007522e+03 -7.384631e-02 6.097989e+01 7.814296e-02 7.948961e-03 -1.338545e-04 -2.685638e-03
255.000 45.000 1.431061e+03 1.694962e+03 -8.442063e-02 5.571127e+01 1.448848e+03 1.678499e+03 -7.343332e-02 5.577170e+01 2.636883e-01 7.751772e-03 -1.393792e-04 -6.248448e-03
255.000 75.000 1.342606e+03 1.392588e+03 -1.827375e-02 5.229035e+01 1.334739e+03 1.389842e+03 -2.022441e-02 5.218684e+01 3.785786e-01 7.651238e-03 2.640427e-05 -7.589400e-03
255.000 105.000 1.257166e+03 1.672732e+03 -1.418365e-01 5.358130e+01 1.253386e+03 1.683685e+03 -1.465061e-01 5.360997e+01 3.920291e-01 7.751706e-03 6.160824e-05 -9.963654e-03
255.000 135.000 1.210877e+03 1.554419e+03 -1.242332e-01 5.217870e+01 1.194175e+03 1.574868e+03 -1.374819e-01 5.212202e+01 3.004356e-01 7.948897e-03 1.796384e-04 -8.138739e-03
255.000 165.000 1.635609e+03 1.580458e+03 1.714872e-02 5.670204e+01 1.605060e+03 1.605443e+03 -1.193640e-04 5.666130e+01 1.283407e-01 8.045712e-03 2.154203e-04 -1.960988e-03
255.000 195.000 1.852670e+03 1.821251e+03 8.551840e-03 6.061066e+01 1.826915e+03 1.841629e+03 -4.010933e-03 6.056802e+01 -7.814294e-02 7.948961e-03 1.466136e-04 1.430355e-03
255.000 225.000 2.384279e+03 1.556256e+03 2.101297e-01 6.137217e+01 2.371229e+03 1.568836e+03 2.036496e-01 6.145452e+01 -2.636883e-01 7.751772e-03 7.461107e-05 7.720406e-03
255.000 255.000 2.515769e+03 1.473740e+03 2.611923e-01 6.096998e+01 2.516341e+03 1.471915e+03 2.618753e-01 6.094873e+01 -3.785786e-01 7.651238e-03 -7.922200e-06 1.049321e-02
255.000 285.000 2.193073e+03 1.204602e+03 2.909257e-01 5.576830e+01 2.219168e+03 1.198322e+03 2.987123e-01 5.579023e+01 -3.920291e-01 7.751706e-03 -9.870851e-05 1.224629e-02
255.000 315.000 1.720012e+03 1.299603e+03 1.392261e-01 5.441583e+01 1.748663e+03 1.274390e+03 1.568852e-01 5.430144e+01 -3.004357e-01 7.948897e-03 -2.297130e-04 8.079666e-03
255.000 345.000 1.288557e+03 2.131409e+03 -2.464504e-01 5.667667e+01 1.306460e+03 2.094024e+03 -2.316036e-01 5.672813e+01 -1.283408e-01 8.045712e-03 -1.851477e-04 -2.083920e-03
285.000 15.000 1.232080e+03 1.687103e+03 -1.558735e-01 5.336906e+01 1.256554e+03 1.655120e+03 -1.368855e-01 5.345200e+01 7.014603e-02 8.045712e-03 -2.513837e-04 -4.235029e-03
285.000 45.000 1.532102e+03 1.519962e+03 3.977472e-03 5.524505e+01 1.556831e+03 1.503904e+03 1.729246e-02 5.531564e+01 2.595225e-01 7.948897e-03 -1.703158e-04 -4.625664e-03
285.000 75.000 1.662331e+03 2.721093e+03 -2.415376e-01 6.424712e+01 1.662079e+03 2.715072e+03 -2.405658e-01 6.421710e+01 3.793602e-01 7.751706e-03 -1.069802e-05 -9.664211e-03
285.000 105.000 5.841174e+02 1.790820e+03 -5.080988e-01 4.197396e+01 5.855041e+02 1.804185e+03 -5.099747e-01 4.204989e+01 3.975486e-01 7.651238e-03 3.157360e-05 -2.157641e-02
285.000 135.000 1.186663e+03 1.673651e+03 -1.702571e-01 5.270105e+01 1.162387e+03 1.694234e+03 -1.861802e-01 5.251287e+01 3.092142e-01 7.751771e-03 2.140272e-04 -9.097945e-03
285.000 165.000 1.753657e+03 2.052613e+03 -7.854307e-02 6.150438e+01 1.711815e+03 2.092818e+03 -1.001420e-01 6.137165e+01 1.380261e-01 7.948961e-03 2.485875e-04 -3.521198e-03
285.000 195.000 1.949665e+03 1.691899e+03 7.078459e-02 6.019400e+01 1.912932e+03 1.723684e+03 5.203970e-02 6.022265e+01 -7.014601e-02 8.045712e-03 2.201463e-04 2.341273e-03
285.000 225.000 2.052819e+03 1.124321e+03 2.922433e-01 5.390541e+01 2.028439e+03 1.135974e+03 2.820318e-01 5.396952e+01 -2.595225e-01 7.948897e-03 1.338700e-04 1.023581e-02
285.000 255.000 2.390469e+03 1.457113e+03 2.425824e-01 6.017613e+01 2.381439e+03 1.457608e+03 2.406409e-01 6.013930e+01 -3.793602e-01 7.751706e-03 2.282131e-05 1.033537e-02
285.000 285.000 2.312170e+03 1.445003e+03 2.308031e-01 5.964082e+01 2.324341e+03 1.429790e+03 2.382845e-01 5.950608e+01 -3.975486e-01 7.651238e-03 -8.880084e-05 1.053560e-02
285.000 315.000 2.230228e+03 1.323004e+03 2.553238e-01 5.763328e+01 2.264409e+03 1.299948e+03 2.705850e-01 5.747511e+01 -3.092142e-01 7.751771e-03 -1.874986e-04 9.795346e-03
285.000 345.000 1.928704e+03 1.674649e+03 7.050504e-02 5.987855e+01 1.968165e+03 1.640505e+03 9.079803e-02 5.982407e+01 -1.380261e-01 7.948961e-03 -2.397492e-04 3.482568e-03
315.000 15.000 1.648262e+03 2.533234e+03 -2.116400e-01 6.319969e+01 1.657611e+03 2.523237e+03 -2.070456e-01 6.325840e+01 1.056297e-01 7.476739e-03 -5.138090e-05 -5.020115e-03
315.000 45.000 1.633388e+03 2.637954e+03 -2.351873e-01 6.352228e+01 1.638437e+03 2.634472e+03 -2.331046e-01 6.356673e+01 2.969380e-01 7.052056e-03 -2.317639e-05 -8.376986e-03
315.000 75.000 1.934629e+03 2.518545e+03 -1.311236e-01 6.615594e+01 1.931420e+03 2.529861e+03 -1.341410e-01 6.618916e+01 4.086820e-01 7.447640e-03 3.224303e-05 -8.159594e-03
315.000 105.000 2.041152e+03 2.966763e+03 -1.848296e-01 6.954736e+01 2.019272e+03 2.980735e+03 -1.922924e-01 6.939111e+01 4.109199e-01 8.208124e-03 7.596156e-05 -8.566098e-03
315.000 135.000 1.967050e+03 2.675909e+03 -1.526741e-01 6.734044e+01 1.950424e+03 2.699324e+03 -1.610625e-01 6.729880e+01 3.030523e-01 8.575747e-03 8.810903e-05 -6.767500e-03
315.000 165.000 2.102429e+03 1.830991e+03 6.900827e-02 6.256747e+01 2.083772e+03 1.843625e+03 6.114656e-02 6.255168e+01 1.139820e-01 8.234536e-03 8.886029e-05 -7.188038e-04
315.000 195.000 1.948602e+03 1.858754e+03 2.359846e-02 6.168659e+01 1.939273e+03 1.871196e+03 1.786582e-02 6.171914e+01 -1.056297e-01 7.476739e-03 6.569524e-05 2.094914e-03
315.000 225.000 1.944393e+03 1.806333e+03 3.680863e-02 6.120167e+01 1.943055e+03 1.800868e+03 3.797809e-02 6.114346e+01 -2.969379e-01 7.052056e-03 -1.351812e-05 5.453227e-03
315.000 255.000 2.418617e+03 1.959544e+03 1.048552e-01 6.580293e+01 2.421535e+03 1.952135e+03 1.073241e-01 6.575174e+01 -4.086819e-01 7.447640e-03 -2.654037e-05 7.804168e-03
315.000 285.000 2.628496e+03 1.983949e+03 1.397407e-01 6.724861e+01 2.643009e+03 1.966136e+03 1.468543e-01 6.715463e+01 -4.109200e-01 8.208124e-03 -7.484989e-05 8.188432e-03
315.000 315.000 1.986718e+03 1.266979e+03 2.212063e-01 5.562811e+01 1.997693e+03 1.256957e+03 2.275932e-01 5.555235e+01 -3.030523e-01 8.575747e-03 -8.124138e-05 9.424347e-03
315.000 345.000 2.472985e+03 1.673771e+03 1.927323e-01 6.318799e+01 2.492110e+03 1.663286e+03 1.994573e-01 6.316708e+01 -1.139820e-01 8.234536e-03 -7.526902e-05 4.853997e-03
345.000 15.000 2.242614e+03 2.719143e+03 -9.604036e-02 7.011413e+01 2.226974e+03 2.736365e+03 -1.026307e-01 7.007895e+01 1.272746e-01 6.227904e-03 6.648109e-05 -3.185021e-03
345.000 45.000 1.678825e+03 3.050945e+03 -2.901028e-01 6.581577e+01 1.656670e+03 3.092562e+03 -3.023419e-01 6.568943e+01 3.339125e-01 9.215282e-03 1.316198e-04 -9.481243e-03
345.000 75.000 1.631474e+03 2.769155e+03 -2.585268e-01 6.408204e+01 1.600793e+03 2.806907e+03 -2.736380e-01 6.385657e+01 4.510787e-01 1.038133e-02 1.670361e-04 -1.107339e-02
345.000 105.000 1.717788e+03 3.359242e+03 -3.233101e-01 6.742649e+01 1.688422e+03 3.421153e+03 -3.391144e-01 6.724568e+01 4.473788e-01 9.191743e-03 1.659636e-04 -1.143006e-02
345.000 135.000 1.766886e+03 2.243856e+03 -1.189231e-01 6.288099e+01 1.739873e+03 2.264267e+03 -1.309629e-01 6.273328e+01 3.238041e-01 6.193021e-03 1.355482e-04 -7.040717e-03
345.000 165.000 2.559944e+03 2.402512e+03 3.172453e-02 7.040924e+01 2.549608e+03 2.407176e+03 2.873474e-02 7.037536e+01 1.134663e-01 3.937363e-03 3.003308e-05 -1.160953e-03
345.000 195.000 1.736187e+03 1.768742e+03 -9.288586e-03 5.919989e+01 1.744795e+03 1.757069e+03 -3.504752e-03 5.917619e+01 -1.272746e-01 6.227903e-03 -6.909822e-05 1.993011e-03
345.000 225.000 2.596226e+03 1.753259e+03 1.938083e-01 6.470016e+01 2.627688e+03 1.724307e+03 2.075785e-01 6.453273e+01 -3.339124e-01 9.215282e-03 -1.506892e-04 8.156405e-03
345.000 255.000 3.378792e+03 1.856198e+03 2.908494e-01 6.922532e+01 3.441047e+03 1.814223e+03 3.095606e-01 6.893235e+01 -4.510787e-01 1.038133e-02 -1.915312e-04 1.071758e-02
345.000 285.000 2.840614e+03 2.118814e+03 1.455409e-01 6.967336e+01 2.883449e+03 2.073834e+03 1.633183e-01 6.946263e+01 -4.473788e-01 9.191744e-03 -1.806936e-04 8.509992e-03
345.000 315.000 2.853169e+03 1.460808e+03 3.227557e-01 6.216578e+01 2.890498e+03 1.446336e+03 3.329990e-01 6.209614e+01 -3.238041e-01 6.193021e-03 -1.165781e-04 1.040057e-02
345.000 345.000 1.585333e+03 1.713749e+03 -3.892481e-02 5.739410e+01 1.588366e+03 1.710094e+03 -3.690464e-02 5.739310e+01 -1.134664e-01 3.937363e-03 -2.488905e-05 1.298767e-03
