  #t  #Q2   A1M1_AVG      A_1M1     dA_1M1   A0P1_AVG      A_0P1     dA_0P1   A2M1_AVG      A_2M1     dA_2M1   A3M1_AVG      A_3M1     dA_3M1   A1P1_AVG      A_1P1     dA_1P1       Asym      Astat          t         tp         xb         Q2          W     Dilute
   2    0 -1.774e-02 -1.336e-03 5.2314e-03  3.947e-01  4.473e-01 5.1511e-03 -6.878e-04  2.844e-02 5.2298e-03  8.828e-04 -2.803e-02 5.0085e-03  7.954e-03 -2.144e-02 5.0015e-03 -5.8939e-02 2.0315e-03 2.9852e-01 6.9706e-03 4.2784e-01 5.2330e+00 2.8093e+00 7.8057e-01
   Phi   PhiS      N_U_avg      N_D_avg     Asym_avg    dAsym_avg      N_U_fit      N_D_fit     Asym_fit    dAsym_fit     Asym_cal    dAsym_cal     GOOD_fit     GOOD_cal
15.000 15.000 2.109984e+03 2.631168e+03 -1.099278e-01 6.843873e+01 2.118261e+03 2.626750e+03 -1.071629e-01 6.848737e+01 9.839557e-02 4.016790e-03 -2.855670e-05 -3.043939e-03
15.000 45.000 1.716005e+03 2.461477e+03 -1.784499e-01 6.359601e+01 1.726937e+03 2.456468e+03 -1.743868e-01 6.368818e+01 2.910285e-01 6.379828e-03 -4.514443e-05 -7.382198e-03
15.000 75.000 2.107810e+03 3.445507e+03 -2.408825e-01 7.232627e+01 2.107063e+03 3.443974e+03 -2.408400e-01 7.231221e+01 4.056805e-01 9.499670e-03 -4.159081e-07 -8.939533e-03
15.000 105.000 1.940096e+03 3.243179e+03 -2.514014e-01 6.968270e+01 1.939040e+03 3.250369e+03 -2.526933e-01 6.969967e+01 4.116308e-01 1.073395e-02 1.310811e-05 -9.515019e-03
15.000 135.000 1.465228e+03 3.234265e+03 -3.764316e-01 6.351040e+01 1.462950e+03 3.239812e+03 -3.778336e-01 6.349334e+01 3.072850e-01 9.521032e-03 1.561162e-05 -1.076543e-02
15.000 165.000 1.973473e+03 2.955624e+03 -1.992558e-01 6.879969e+01 1.964119e+03 2.965684e+03 -2.031653e-01 6.874824e+01 1.206024e-01 6.411593e-03 4.019606e-05 -4.649122e-03
15.000 195.000 2.670724e+03 3.091462e+03 -7.301711e-02 7.570643e+01 2.661421e+03 3.099401e+03 -7.602742e-02 7.568041e+01 -9.839555e-02 4.016790e-03 2.812144e-05 3.352216e-04
15.000 225.000 3.174960e+03 1.809394e+03 2.739705e-01 6.789867e+01 3.166278e+03 1.813548e+03 2.716420e-01 6.791442e+01 -2.910284e-01 6.379828e-03 2.424662e-05 8.321208e-03
15.000 255.000 3.408011e+03 2.761867e+03 1.047255e-01 7.811664e+01 3.400841e+03 2.763770e+03 1.033434e-01 7.809465e+01 -4.056805e-01 9.499670e-03 1.251321e-05 6.533897e-03
15.000 285.000 2.644725e+03 2.117932e+03 1.106090e-01 6.858855e+01 2.636926e+03 2.115619e+03 1.096901e-01 6.852271e+01 -4.116308e-01 1.073395e-02 9.477546e-06 7.614095e-03
15.000 315.000 2.372525e+03 2.000939e+03 8.496385e-02 6.589303e+01 2.376504e+03 1.992108e+03 8.799046e-02 6.583911e+01 -3.072850e-01 9.521032e-03 -3.249216e-05 5.952812e-03
15.000 345.000 3.212391e+03 2.496374e+03 1.254240e-01 7.495972e+01 3.226719e+03 2.486447e+03 1.295729e-01 7.494830e+01 -1.206024e-01 6.411594e-03 -3.914004e-05 3.282115e-03
45.000 15.000 2.483037e+03 2.798156e+03 -5.966818e-02 7.254233e+01 2.483212e+03 2.797411e+03 -5.950035e-02 7.253915e+01 9.973041e-02 8.468354e-03 -1.635985e-06 -2.197318e-03
45.000 45.000 2.391030e+03 3.241580e+03 -1.510046e-01 7.419012e+01 2.377887e+03 3.241184e+03 -1.536368e-01 7.407049e+01 2.869290e-01 8.777380e-03 2.510828e-05 -5.902855e-03
45.000 75.000 1.754093e+03 2.824476e+03 -2.337811e-01 6.579007e+01 1.755183e+03 2.823510e+03 -2.333257e-01 6.579836e+01 3.972452e-01 8.426476e-03 -4.893754e-06 -9.591511e-03
45.000 105.000 2.260260e+03 3.007201e+03 -1.418028e-01 7.184388e+01 2.259571e+03 3.012004e+03 -1.427341e-01 7.186220e+01 4.011198e-01 7.722644e-03 9.164524e-06 -7.556979e-03
45.000 135.000 2.125209e+03 2.904907e+03 -1.550059e-01 7.006610e+01 2.118796e+03 2.905503e+03 -1.565805e-01 7.000798e+01 2.975148e-01 7.369523e-03 1.589707e-05 -6.458482e-03
45.000 165.000 1.875060e+03 2.627240e+03 -1.670656e-01 6.615615e+01 1.876318e+03 2.628125e+03 -1.669034e-01 6.617374e+01 1.141909e-01 7.768318e-03 -1.733869e-06 -4.251403e-03
45.000 195.000 2.669948e+03 2.104423e+03 1.184502e-01 6.861038e+01 2.670902e+03 2.106280e+03 1.181915e-01 6.863270e+01 -9.973039e-02 8.468354e-03 2.665908e-06 3.179994e-03
45.000 225.000 2.253062e+03 2.600848e+03 -7.165065e-02 6.949094e+01 2.252609e+03 2.590456e+03 -6.975897e-02 6.942260e+01 -2.869290e-01 8.777380e-03 -1.925826e-05 3.097934e-03
45.000 255.000 2.911857e+03 1.717663e+03 2.579519e-01 6.573793e+01 2.912198e+03 1.717867e+03 2.579512e-01 6.574181e+01 -3.972452e-01 8.426476e-03 6.880672e-09 9.966802e-03
45.000 285.000 3.516256e+03 1.991765e+03 2.767766e-01 7.131674e+01 3.520886e+03 1.994075e+03 2.768490e-01 7.136011e+01 -4.011198e-01 7.722645e-03 -7.175699e-07 9.505433e-03
45.000 315.000 2.447182e+03 1.775148e+03 1.591619e-01 6.415114e+01 2.449479e+03 1.778099e+03 1.588096e-01 6.419467e+01 -2.975148e-01 7.369523e-03 3.881231e-06 7.118761e-03
45.000 345.000 2.499755e+03 2.731096e+03 -4.422622e-02 7.225385e+01 2.501680e+03 2.729743e+03 -4.359485e-02 7.225981e+01 -1.141909e-01 7.768318e-03 -6.178610e-06 9.683173e-04
75.000 15.000 1.278682e+03 2.038686e+03 -2.290984e-01 5.606471e+01 1.261876e+03 2.065825e+03 -2.415929e-01 5.597743e+01 1.272979e-01 8.201510e-03 1.577071e-04 -6.356874e-03
75.000 45.000 1.793636e+03 2.221150e+03 -1.064849e-01 6.300208e+01 1.745036e+03 2.268287e+03 -1.303786e-01 6.281004e+01 3.245242e-01 8.024257e-03 2.685801e-04 -6.841190e-03
75.000 75.000 1.266503e+03 1.887462e+03 -1.968823e-01 5.506096e+01 1.235558e+03 1.918349e+03 -2.164907e-01 5.482781e+01 4.347945e-01 7.924650e-03 2.523497e-04 -1.147232e-02
75.000 105.000 9.033448e+02 2.694520e+03 -4.978439e-01 5.202056e+01 8.896635e+02 2.741206e+03 -5.099447e-01 5.183325e+01 4.285620e-01 8.005467e-03 1.647806e-04 -1.780846e-02
75.000 135.000 1.834497e+03 1.600185e+03 6.821936e-02 5.846962e+01 1.822992e+03 1.608169e+03 6.260957e-02 5.846120e+01 3.074967e-01 8.183126e-03 6.784735e-05 -4.092336e-03
75.000 165.000 1.835689e+03 1.430407e+03 1.240875e-01 5.670807e+01 1.840552e+03 1.423356e+03 1.278211e-01 5.666200e+01 1.040379e-01 8.279625e-03 -4.657356e-05 3.535594e-04
75.000 195.000 1.550210e+03 1.501110e+03 1.609151e-02 5.523160e+01 1.569782e+03 1.481380e+03 2.897349e-02 5.521413e+01 -1.272978e-01 8.201510e-03 -1.649485e-04 2.596147e-03
75.000 225.000 2.312244e+03 1.579199e+03 1.883734e-01 6.126465e+01 2.352425e+03 1.535370e+03 2.101589e-01 6.095969e+01 -3.245242e-01 8.024257e-03 -2.520717e-04 8.371836e-03
75.000 255.000 1.366824e+03 1.574326e+03 -7.055135e-02 5.409724e+01 1.389103e+03 1.525697e+03 -4.686206e-02 5.392957e+01 -4.347945e-01 7.924650e-03 -3.101237e-04 6.733120e-03
75.000 285.000 1.880366e+03 1.805791e+03 2.023113e-02 6.070130e+01 1.907062e+03 1.770469e+03 3.714280e-02 6.060081e+01 -4.285621e-01 8.005467e-03 -1.971664e-04 7.393469e-03
75.000 315.000 2.216571e+03 1.729443e+03 1.234479e-01 6.233682e+01 2.241307e+03 1.712339e+03 1.337925e-01 6.231272e+01 -3.074967e-01 8.183126e-03 -1.173648e-04 6.913163e-03
75.000 345.000 1.134405e+03 1.920192e+03 -2.572473e-01 5.340838e+01 1.129817e+03 1.927712e+03 -2.609610e-01 5.337892e+01 -1.040379e-01 8.279625e-03 4.918174e-05 -2.868639e-03
105.000 15.000 1.608250e+03 1.584075e+03 7.572813e-03 5.649904e+01 1.591480e+03 1.603447e+03 -3.745516e-03 5.652328e+01 1.127801e-01 8.279625e-03 1.416228e-04 -1.862107e-03
105.000 45.000 2.115838e+03 1.948559e+03 4.115722e-02 6.369860e+01 2.034005e+03 2.008600e+03 6.284301e-03 6.358023e+01 3.398027e-01 8.183126e-03 3.874778e-04 -4.688414e-03
105.000 75.000 2.017972e+03 2.085555e+03 -1.646935e-02 6.405009e+01 1.894793e+03 2.176866e+03 -6.927713e-02 6.365625e+01 4.757754e-01 8.005467e-03 5.847879e-04 -7.685310e-03
105.000 105.000 1.517301e+03 2.298329e+03 -2.046919e-01 6.046288e+01 1.422782e+03 2.388411e+03 -2.533666e-01 5.972047e+01 4.842646e-01 7.924649e-03 5.727500e-04 -1.139470e-02
105.000 135.000 1.496592e+03 2.759375e+03 -2.967089e-01 6.229998e+01 1.432282e+03 2.850833e+03 -3.311961e-01 6.175190e+01 3.629954e-01 8.024257e-03 3.931571e-04 -1.058916e-02
105.000 165.000 1.427079e+03 1.648658e+03 -7.204107e-02 5.531522e+01 1.397934e+03 1.673591e+03 -8.974619e-02 5.519770e+01 1.444619e-01 8.201510e-03 2.265691e-04 -3.913985e-03
105.000 195.000 1.992977e+03 1.243333e+03 2.316354e-01 5.534136e+01 2.016989e+03 1.233403e+03 2.410741e-01 5.533073e+01 -1.127800e-01 8.279625e-03 -1.206116e-04 6.223472e-03
105.000 225.000 2.329453e+03 1.876089e+03 1.078015e-01 6.447224e+01 2.397743e+03 1.805395e+03 1.409300e-01 6.418456e+01 -3.398026e-01 8.183126e-03 -3.641515e-04 6.942588e-03
105.000 255.000 2.387547e+03 1.810044e+03 1.375796e-01 6.417273e+01 2.483939e+03 1.703540e+03 1.863650e-01 6.357704e+01 -4.757754e-01 8.005467e-03 -5.400577e-04 9.557877e-03
105.000 285.000 1.961356e+03 1.601344e+03 1.010502e-01 5.938283e+01 2.049985e+03 1.512174e+03 1.509789e-01 5.899967e+01 -4.842646e-01 7.924649e-03 -5.964515e-04 9.856634e-03
105.000 315.000 2.012180e+03 1.609194e+03 1.112797e-01 5.980410e+01 2.089237e+03 1.534871e+03 1.529661e-01 5.949210e+01 -3.629954e-01 8.024257e-03 -4.941757e-04 7.930479e-03
105.000 345.000 1.367404e+03 1.534557e+03 -5.760023e-02 5.378041e+01 1.385841e+03 1.510157e+03 -4.292680e-02 5.376486e+01 -1.444619e-01 8.201510e-03 -1.929547e-04 1.615118e-03
135.000 15.000 8.914662e+02 1.812442e+03 -3.406092e-01 4.888983e+01 9.036388e+02 1.792163e+03 -3.295956e-01 4.901988e+01 6.240682e-02 7.768318e-03 -1.590802e-04 -8.243350e-03
135.000 45.000 1.309070e+03 1.377615e+03 -2.551302e-02 5.181637e+01 1.280641e+03 1.405845e+03 -4.660518e-02 5.177500e+01 2.948427e-01 7.369523e-03 2.879470e-04 -6.182520e-03
135.000 75.000 1.093290e+03 1.707515e+03 -2.193029e-01 5.163433e+01 1.042820e+03 1.761906e+03 -2.563834e-01 5.118950e+01 4.482758e-01 7.722644e-03 5.099919e-04 -1.292897e-02
135.000 105.000 8.154311e+02 1.041164e+03 -1.215843e-01 4.276856e+01 7.674872e+02 1.085557e+03 -1.716471e-01 4.240812e+01 4.815937e-01 8.426476e-03 8.312009e-04 -1.410330e-02
135.000 135.000 1.153037e+03 1.963746e+03 -2.601109e-01 5.390649e+01 1.084268e+03 2.063852e+03 -3.111648e-01 5.332268e+01 3.858690e-01 8.777380e-03 6.733250e-04 -1.198334e-02
135.000 165.000 1.243402e+03 1.499445e+03 -9.334956e-02 5.214350e+01 1.194052e+03 1.553824e+03 -1.309272e-01 5.196896e+01 1.867510e-01 8.468354e-03 5.104363e-04 -5.371725e-03
135.000 195.000 1.725229e+03 1.341134e+03 1.252609e-01 5.493861e+01 1.706950e+03 1.352195e+03 1.159653e-01 5.493638e+01 -6.240679e-02 7.768318e-03 1.196453e-04 3.415953e-03
135.000 225.000 1.221442e+03 9.521581e+02 1.238884e-01 4.626272e+01 1.239627e+03 9.335109e+02 1.408636e-01 4.615211e+01 -2.948427e-01 7.369523e-03 -2.597694e-04 9.051158e-03
135.000 255.000 1.130749e+03 8.136630e+02 1.630757e-01 4.350521e+01 1.169831e+03 7.777697e+02 2.013047e-01 4.322819e+01 -4.482758e-01 7.722644e-03 -6.233319e-04 1.405237e-02
135.000 285.000 2.022143e+03 1.321562e+03 2.095226e-01 5.654129e+01 2.114495e+03 1.234525e+03 2.627546e-01 5.583729e+01 -4.815937e-01 8.426476e-03 -6.698784e-04 1.222322e-02
135.000 315.000 1.290443e+03 1.270098e+03 7.945508e-03 5.060019e+01 1.349004e+03 1.197481e+03 5.950275e-02 5.037329e+01 -3.858690e-01 8.777380e-03 -7.220982e-04 7.782867e-03
135.000 345.000 1.144627e+03 1.019098e+03 5.801492e-02 4.643751e+01 1.183503e+03 9.815771e+02 9.326492e-02 4.632761e+01 -1.867510e-01 8.468354e-03 -5.373894e-04 5.270866e-03
165.000 15.000 8.193210e+01 1.422175e+02 -2.689516e-01 1.441998e+01 8.356345e+01 1.393651e+02 -2.503117e-01 1.445547e+01 7.071694e-02 6.411593e-03 -9.129149e-04 -2.355541e-02
165.000 45.000 1.240216e+02 1.712772e+02 -1.600262e-01 1.696280e+01 1.248492e+02 1.695524e+02 -1.518443e-01 1.695918e+01 2.703509e-01 9.521032e-03 -3.411036e-04 -2.537181e-02
165.000 75.000 1.284307e+02 2.576159e+02 -3.346362e-01 1.851531e+01 1.287296e+02 2.581635e+02 -3.345470e-01 1.853622e+01 3.975446e-01 1.073395e-02 -3.402821e-06 -3.954461e-02
165.000 105.000 5.857110e+01 1.494580e+02 -4.368951e-01 1.297386e+01 5.793813e+01 1.510560e+02 -4.455525e-01 1.294238e+01 4.182165e-01 9.499670e-03 4.724247e-04 -6.591032e-02
165.000 135.000 1.025067e+02 1.426011e+02 -1.635786e-01 1.544504e+01 1.002936e+02 1.445497e+02 -1.807529e-01 1.538973e+01 3.268277e-01 6.379829e-03 7.876844e-04 -3.175170e-02
165.000 165.000 6.591201e+01 8.997989e+01 -1.543883e-01 1.233597e+01 6.449317e+01 9.121478e+01 -1.716136e-01 1.229318e+01 1.478656e-01 4.016791e-03 9.890848e-04 -2.450183e-02
165.000 195.000 1.806503e+02 1.787911e+02 5.172280e-03 1.895869e+01 1.775184e+02 1.825510e+02 -1.397689e-02 1.897364e+01 -7.071692e-02 6.411593e-03 7.139298e-04 4.002872e-03
165.000 225.000 2.156622e+02 1.568096e+02 1.580057e-01 1.905709e+01 2.134197e+02 1.582604e+02 1.484055e-01 1.906552e+01 -2.703509e-01 9.521032e-03 3.561325e-04 2.247754e-02
165.000 255.000 1.065760e+02 1.137242e+02 -3.244726e-02 1.483470e+01 1.060235e+02 1.132585e+02 -3.299436e-02 1.480011e+01 -3.975446e-01 1.073395e-02 2.610826e-05 2.461103e-02
165.000 285.000 8.638942e+01 1.571314e+02 -2.904967e-01 1.493220e+01 8.639059e+01 1.545641e+02 -2.829308e-01 1.488846e+01 -4.182165e-01 9.499670e-03 -3.588053e-04 8.553315e-03
165.000 315.000 7.737887e+01 4.446207e+01 2.701620e-01 1.062770e+01 7.881787e+01 4.374734e+01 2.861378e-01 1.060803e+01 -3.268277e-01 6.379829e-03 -1.063917e-03 5.617297e-02
165.000 345.000 1.553071e+02 8.364478e+01 2.999028e-01 1.474653e+01 1.586628e+02 8.192984e+01 3.189331e-01 1.470102e+01 -1.478656e-01 4.016791e-03 -9.139284e-04 3.036432e-02
195.000 15.000 1.199346e+02 1.151649e+02 2.028808e-02 1.532980e+01 1.167154e+02 1.177752e+02 -4.519549e-03 1.531293e+01 1.478656e-01 4.016790e-03 1.144914e-03 -8.322189e-03
195.000 45.000 6.980539e+01 1.172401e+02 -2.535998e-01 1.322936e+01 6.873802e+01 1.183365e+02 -2.651269e-01 1.318805e+01 3.268276e-01 6.379828e-03 6.170832e-04 -4.387417e-02
195.000 75.000 1.130842e+02 2.577477e+02 -3.901052e-01 1.773127e+01 1.127423e+02 2.599378e+02 -3.949648e-01 1.773536e+01 4.182165e-01 9.499671e-03 1.937729e-04 -4.558735e-02
195.000 105.000 1.501765e+02 1.714894e+02 -6.625804e-02 1.789564e+01 1.505917e+02 1.713722e+02 -6.454314e-02 1.790594e+01 3.975446e-01 1.073395e-02 -6.774097e-05 -2.591708e-02
195.000 135.000 7.206048e+01 1.488558e+02 -3.476218e-01 1.393630e+01 7.274246e+01 1.476592e+02 -3.399102e-01 1.396197e+01 2.703509e-01 9.521032e-03 -3.909154e-04 -4.434265e-02
195.000 165.000 9.087619e+01 6.309812e+01 1.804071e-01 1.220504e+01 9.272598e+01 6.213237e+01 1.975587e-01 1.219895e+01 7.071698e-02 6.411593e-03 -9.939319e-04 8.987285e-03
195.000 195.000 1.613128e+02 1.063016e+02 2.055614e-01 1.600957e+01 1.650120e+02 1.042182e+02 2.258062e-01 1.598445e+01 -1.478655e-01 4.016790e-03 -8.948722e-04 2.207598e-02
195.000 225.000 2.603508e+02 4.928908e+01 6.816361e-01 1.287527e+01 2.659696e+02 4.805955e+01 6.939166e-01 1.276001e+01 -3.268276e-01 6.379828e-03 -6.774717e-04 7.832562e-02
195.000 255.000 1.549689e+02 6.536422e+01 4.066782e-01 1.356071e+01 1.558030e+02 6.465488e+01 4.134492e-01 1.351935e+01 -4.182165e-01 9.499670e-03 -3.536065e-04 6.082974e-02
195.000 285.000 1.595624e+02 1.392170e+02 6.809503e-02 1.724512e+01 1.588328e+02 1.387778e+02 6.738666e-02 1.721218e+01 -3.975446e-01 1.073395e-02 2.907292e-05 2.700124e-02
195.000 315.000 2.165183e+02 1.065316e+02 3.404634e-01 1.689981e+01 2.141752e+02 1.077743e+02 3.304894e-01 1.693473e+01 -2.703510e-01 9.521032e-03 4.168917e-04 3.614327e-02
195.000 345.000 1.527059e+02 1.210471e+02 1.156474e-01 1.643447e+01 1.500305e+02 1.233896e+02 9.743571e-02 1.645674e+01 -7.071700e-02 6.411593e-03 7.830414e-04 1.133985e-02
225.000 15.000 1.613036e+03 1.943357e+03 -9.288089e-02 5.937771e+01 1.551505e+03 2.016304e+03 -1.302759e-01 5.922210e+01 1.867510e-01 8.468354e-03 4.459072e-04 -4.709375e-03
225.000 45.000 1.301860e+03 1.296092e+03 2.220368e-03 5.096998e+01 1.228451e+03 1.360454e+03 -5.098806e-02 5.081509e+01 3.858690e-01 8.777379e-03 7.392832e-04 -7.526952e-03
225.000 75.000 1.339353e+03 1.486115e+03 -5.194269e-02 5.308338e+01 1.247419e+03 1.559504e+03 -1.111842e-01 5.265191e+01 4.815937e-01 8.426476e-03 7.923513e-04 -1.005091e-02
225.000 105.000 8.987326e+02 2.092293e+03 -3.990473e-01 5.014717e+01 8.543820e+02 2.183665e+03 -4.375452e-01 4.956234e+01 4.482758e-01 7.722644e-03 5.460192e-04 -1.689673e-02
225.000 135.000 7.561715e+02 1.035407e+03 -1.558599e-01 4.180977e+01 7.403147e+02 1.052242e+03 -1.740127e-01 4.169266e+01 2.948428e-01 7.369523e-03 3.074397e-04 -1.077984e-02
225.000 165.000 1.407417e+03 1.292048e+03 4.273777e-02 5.190891e+01 1.424158e+03 1.283688e+03 5.187535e-02 5.196691e+01 6.240684e-02 7.768318e-03 -1.244032e-04 -3.789151e-04
225.000 195.000 1.429720e+03 1.182672e+03 9.456780e-02 5.088250e+01 1.482501e+03 1.137787e+03 1.315557e-01 5.074385e+01 -1.867509e-01 8.468354e-03 -5.147169e-04 5.528792e-03
225.000 225.000 1.475043e+03 1.112824e+03 1.399682e-01 5.037031e+01 1.539845e+03 1.044799e+03 1.915334e-01 4.989816e+01 -3.858690e-01 8.777379e-03 -7.272809e-04 1.043943e-02
225.000 255.000 1.481150e+03 1.077048e+03 1.579635e-01 4.994361e+01 1.547232e+03 1.008111e+03 2.109780e-01 4.941256e+01 -4.815937e-01 8.426476e-03 -7.545855e-04 1.280559e-02
225.000 285.000 1.706029e+03 1.181696e+03 1.815729e-01 5.284431e+01 1.779381e+03 1.118340e+03 2.281244e-01 5.241108e+01 -4.482758e-01 7.722645e-03 -6.254612e-04 1.191895e-02
225.000 315.000 1.702956e+03 1.353991e+03 1.141546e-01 5.492824e+01 1.736217e+03 1.325622e+03 1.341009e-01 5.483409e+01 -2.948428e-01 7.369523e-03 -2.569951e-04 7.446030e-03
225.000 345.000 1.245151e+03 1.332959e+03 -3.405900e-02 5.074563e+01 1.235347e+03 1.345851e+03 -4.281108e-02 5.075890e+01 -6.240686e-02 7.768318e-03 1.219385e-04 5.586267e-04
255.000 15.000 1.477954e+03 1.405942e+03 2.497072e-02 5.368517e+01 1.447486e+03 1.429065e+03 6.403685e-03 5.363239e+01 1.444619e-01 8.201510e-03 2.446733e-04 -2.225776e-03
255.000 45.000 1.262141e+03 2.250888e+03 -2.814516e-01 5.687481e+01 1.202733e+03 2.330782e+03 -3.192427e-01 5.633288e+01 3.629954e-01 8.024257e-03 4.720883e-04 -1.133097e-02
255.000 75.000 1.250880e+03 1.920556e+03 -2.111587e-01 5.504569e+01 1.178395e+03 1.994994e+03 -2.573270e-01 5.443580e+01 4.842646e-01 7.924650e-03 5.963647e-04 -1.263356e-02
255.000 105.000 1.603553e+03 2.469737e+03 -2.126497e-01 6.236262e+01 1.506651e+03 2.569751e+03 -2.607939e-01 6.163726e+01 4.757754e-01 8.005467e-03 5.490721e-04 -1.103907e-02
255.000 135.000 2.026479e+03 2.484192e+03 -1.014733e-01 6.681486e+01 1.942237e+03 2.562068e+03 -1.376086e-01 6.647564e+01 3.398027e-01 8.183126e-03 3.833944e-04 -6.604459e-03
255.000 165.000 1.705652e+03 1.644647e+03 1.820897e-02 5.787218e+01 1.686308e+03 1.660012e+03 7.858213e-03 5.784561e+01 1.127801e-01 8.279625e-03 1.264990e-04 -1.634138e-03
255.000 195.000 1.682458e+03 2.113621e+03 -1.135812e-01 6.121361e+01 1.706411e+03 2.076478e+03 -9.782667e-02 6.121018e+01 -1.444619e-01 8.201510e-03 -1.819925e-04 5.044744e-04
255.000 225.000 2.329652e+03 1.764011e+03 1.381750e-01 6.336802e+01 2.422644e+03 1.687396e+03 1.788907e-01 6.307545e+01 -3.629954e-01 8.024257e-03 -4.553854e-04 7.908885e-03
255.000 255.000 2.346629e+03 1.241443e+03 3.080166e-01 5.698822e+01 2.439721e+03 1.167523e+03 3.526786e-01 5.620113e+01 -4.842645e-01 7.924650e-03 -5.580035e-04 1.390254e-02
255.000 285.000 2.157391e+03 1.408247e+03 2.101011e-01 5.838015e+01 2.235028e+03 1.341361e+03 2.498796e-01 5.790578e+01 -4.757754e-01 8.005467e-03 -4.837637e-04 1.174845e-02
255.000 315.000 2.211630e+03 1.500804e+03 1.914717e-01 5.980243e+01 2.274751e+03 1.445116e+03 2.230280e-01 5.945448e+01 -3.398027e-01 8.183126e-03 -3.742101e-04 8.883827e-03
255.000 345.000 1.577921e+03 1.817458e+03 -7.054776e-02 5.812470e+01 1.588266e+03 1.791965e+03 -6.026191e-02 5.803409e+01 -1.127801e-01 8.279625e-03 -1.252284e-04 7.265816e-04
285.000 15.000 2.135841e+03 1.471954e+03 1.840145e-01 5.903923e+01 2.146593e+03 1.466512e+03 1.882260e-01 5.903470e+01 1.040378e-01 8.279625e-03 -5.044287e-05 1.354636e-03
285.000 45.000 1.342808e+03 2.444368e+03 -2.908658e-01 5.887929e+01 1.323514e+03 2.468883e+03 -3.020174e-01 5.870669e+01 3.074967e-01 8.183126e-03 1.341202e-04 -1.016253e-02
285.000 75.000 8.732536e+02 2.357488e+03 -4.594097e-01 5.048633e+01 8.626645e+02 2.398462e+03 -4.709408e-01 5.037715e+01 4.285621e-01 8.005466e-03 1.616781e-04 -1.758836e-02
285.000 105.000 1.773621e+03 2.539737e+03 -1.776148e-01 6.463192e+01 1.722115e+03 2.594285e+03 -2.020597e-01 6.434415e+01 4.347946e-01 7.924649e-03 2.680356e-04 -9.475339e-03
285.000 135.000 1.675333e+03 1.781303e+03 -3.065671e-02 5.876553e+01 1.630003e+03 1.816376e+03 -5.407800e-02 5.861996e+01 3.245242e-01 8.024257e-03 2.821701e-04 -6.044035e-03
285.000 165.000 1.620344e+03 2.254644e+03 -1.636907e-01 6.140976e+01 1.593732e+03 2.295819e+03 -1.805060e-01 6.134183e+01 1.272979e-01 8.201510e-03 1.937272e-04 -4.738475e-03
285.000 195.000 1.112168e+03 1.534234e+03 -1.594866e-01 5.078473e+01 1.105299e+03 1.542426e+03 -1.650957e-01 5.074995e+01 -1.040378e-01 8.279625e-03 7.812500e-05 -1.091840e-03
285.000 225.000 2.168633e+03 2.190908e+03 -5.109516e-03 6.602596e+01 2.194804e+03 2.173251e+03 4.934032e-03 6.609046e+01 -3.074967e-01 8.183126e-03 -1.075091e-04 4.579822e-03
285.000 255.000 2.444220e+03 8.622993e+02 4.784247e-01 5.049445e+01 2.488736e+03 8.494439e+02 4.910736e-01 5.033057e+01 -4.285620e-01 8.005466e-03 -1.774182e-04 1.796211e-02
285.000 285.000 2.580046e+03 2.201644e+03 7.913568e-02 6.893290e+01 2.631973e+03 2.125026e+03 1.065685e-01 6.857824e+01 -4.347946e-01 7.924649e-03 -2.821284e-04 7.455514e-03
285.000 315.000 2.010776e+03 1.717376e+03 7.869845e-02 6.086922e+01 2.051785e+03 1.671489e+03 1.021402e-01 6.069951e+01 -3.245242e-01 8.024257e-03 -2.726982e-04 6.624411e-03
285.000 345.000 1.979646e+03 2.800629e+03 -1.717438e-01 6.811223e+01 2.005484e+03 2.759719e+03 -1.582796e-01 6.816027e+01 -1.272979e-01 8.201510e-03 -1.397289e-04 -6.525391e-04
315.000 15.000 1.581170e+03 2.570892e+03 -2.383688e-01 6.257910e+01 1.580966e+03 2.570671e+03 -2.383890e-01 6.257557e+01 1.141908e-01 7.768317e-03 2.276994e-07 -5.633824e-03
315.000 45.000 2.431359e+03 2.644462e+03 -4.198406e-02 7.118198e+01 2.424585e+03 2.646800e+03 -4.381741e-02 7.114526e+01 2.975147e-01 7.369522e-03 1.821681e-05 -4.769449e-03
315.000 75.000 1.927929e+03 2.953589e+03 -2.101108e-01 6.830824e+01 1.923825e+03 2.956826e+03 -2.116523e-01 6.827894e+01 4.011198e-01 7.722644e-03 1.596013e-05 -8.948124e-03
315.000 105.000 2.335943e+03 2.808148e+03 -9.179553e-02 7.141950e+01 2.315478e+03 2.818365e+03 -9.795521e-02 7.130626e+01 3.972452e-01 8.426476e-03 6.103384e-05 -6.847439e-03
315.000 135.000 2.453381e+03 3.149037e+03 -1.241708e-01 7.427003e+01 2.453390e+03 3.142968e+03 -1.232191e-01 7.423873e+01 2.869290e-01 8.777380e-03 -9.062941e-06 -5.535204e-03
315.000 165.000 2.371805e+03 2.129125e+03 5.391770e-02 6.699139e+01 2.370782e+03 2.129384e+03 5.364197e-02 6.698669e+01 9.973044e-02 8.468354e-03 2.910512e-06 -6.838600e-04
315.000 195.000 2.362079e+03 2.969325e+03 -1.138999e-01 7.254129e+01 2.363049e+03 2.962215e+03 -1.125137e-01 7.251103e+01 -1.141908e-01 7.768317e-03 -1.351492e-05 4.009760e-06
315.000 225.000 2.615320e+03 2.335989e+03 5.641566e-02 7.025347e+01 2.615483e+03 2.329741e+03 5.778142e-02 7.020480e+01 -2.975147e-01 7.369522e-03 -1.375120e-05 5.037906e-03
315.000 255.000 2.742874e+03 1.858708e+03 1.921438e-01 6.657098e+01 2.734955e+03 1.855573e+03 1.915644e-01 6.649865e+01 -4.011198e-01 7.722644e-03 6.157696e-06 8.911746e-03
315.000 285.000 3.273093e+03 1.500135e+03 3.714380e-01 6.414580e+01 3.264729e+03 1.496207e+03 3.714653e-01 6.406240e+01 -3.972452e-01 8.426476e-03 -3.012965e-07 1.198337e-02
315.000 315.000 2.861996e+03 2.825095e+03 6.488544e-03 7.541122e+01 2.864672e+03 2.814044e+03 8.915262e-03 7.535426e+01 -2.869290e-01 8.777380e-03 -2.276315e-05 3.890901e-03
315.000 345.000 2.874929e+03 1.897592e+03 2.047844e-01 6.761936e+01 2.871965e+03 1.899826e+03 2.037263e-01 6.762943e+01 -9.973046e-02 8.468354e-03 1.106420e-05 4.503368e-03
345.000 15.000 1.621506e+03 3.123082e+03 -3.164818e-01 6.534039e+01 1.615919e+03 3.133951e+03 -3.195945e-01 6.530479e+01 1.206023e-01 6.411594e-03 3.369456e-05 -6.689340e-03
345.000 45.000 1.672722e+03 3.362806e+03 -3.356320e-01 6.684521e+01 1.663533e+03 3.376208e+03 -3.398339e-01 6.676613e+01 3.072849e-01 9.521032e-03 4.447461e-05 -9.617996e-03
345.000 75.000 2.272192e+03 3.010519e+03 -1.397629e-01 7.196889e+01 2.268249e+03 3.011528e+03 -1.407785e-01 7.193844e+01 4.116308e-01 1.073395e-02 9.980232e-06 -7.661556e-03
345.000 105.000 2.160664e+03 3.148151e+03 -1.860090e-01 7.159004e+01 2.167901e+03 3.140922e+03 -1.832839e-01 7.162739e+01 4.056805e-01 9.499670e-03 -2.690989e-05 -8.264971e-03
345.000 135.000 2.496749e+03 2.686891e+03 -3.668125e-02 7.194905e+01 2.500738e+03 2.683127e+03 -3.518392e-02 7.195448e+01 2.910285e-01 6.379828e-03 -1.471501e-05 -4.554747e-03
345.000 165.000 2.402420e+03 2.160098e+03 5.311139e-02 6.745107e+01 2.411937e+03 2.150335e+03 5.734029e-02 6.743347e+01 9.839559e-02 4.016792e-03 -4.433848e-05 -6.713637e-04
345.000 195.000 2.662822e+03 2.558823e+03 1.991680e-02 7.224662e+01 2.671695e+03 2.550896e+03 2.313023e-02 7.224816e+01 -1.206023e-01 6.411594e-03 -3.145084e-05 1.944992e-03
345.000 225.000 2.478122e+03 1.904574e+03 1.308665e-01 6.563260e+01 2.486224e+03 1.903258e+03 1.328098e-01 6.566626e+01 -3.072849e-01 9.521032e-03 -2.093165e-05 6.675820e-03
345.000 255.000 2.309569e+03 1.925066e+03 9.079960e-02 6.480527e+01 2.307263e+03 1.924340e+03 9.049117e-02 6.478389e+01 -4.116308e-01 1.073395e-02 3.365889e-06 7.752925e-03
345.000 285.000 3.496196e+03 2.141861e+03 2.402131e-01 7.288846e+01 3.492240e+03 2.146859e+03 2.385810e-01 7.292542e+01 -4.056805e-01 9.499670e-03 1.582920e-05 8.861398e-03
345.000 315.000 2.554307e+03 2.688693e+03 -2.563144e-02 7.238478e+01 2.556118e+03 2.685419e+03 -2.466863e-02 7.237643e+01 -2.910285e-01 6.379829e-03 -9.406039e-06 3.666476e-03
345.000 345.000 2.228544e+03 2.227934e+03 1.369141e-04 6.675686e+01 2.221178e+03 2.237873e+03 -3.743986e-03 6.677566e+01 -9.839561e-02 4.016792e-03 4.110176e-05 1.475991e-03
