  #t  #Q2   A1M1_AVG      A_1M1     dA_1M1   A0P1_AVG      A_0P1     dA_0P1   A2M1_AVG      A_2M1     dA_2M1   A3M1_AVG      A_3M1     dA_3M1   A1P1_AVG      A_1P1     dA_1P1       Asym      Astat          t         tp         xb         Q2          W     Dilute
   4    0 -4.341e-02 -7.018e-02 3.6917e-03  3.944e-01  3.702e-01 3.6209e-03 -4.925e-03 -1.335e-02 3.6404e-03  2.482e-04 -2.012e-02 3.5887e-03  1.640e-02  1.026e-02 3.5747e-03 2.2280e-03 2.1034e-03 3.4128e-01 2.0329e-02 4.3503e-01 5.3604e+00 2.8021e+00 7.6163e-01
   Phi   PhiS      N_U_avg      N_D_avg     Asym_avg    dAsym_avg      N_U_fit      N_D_fit     Asym_fit    dAsym_fit     Asym_cal    dAsym_cal     GOOD_fit     GOOD_cal
15.000 15.000 8.772349e+02 9.497691e+02 -3.970117e-02 4.270977e+01 8.898943e+02 9.369607e+02 -2.576364e-02 4.272754e+01 8.742957e-02 2.860127e-03 -2.307030e-04 -2.976620e-03
15.000 45.000 9.290343e+02 1.293831e+03 -1.641110e-01 4.650804e+01 9.421529e+02 1.284145e+03 -1.536148e-01 4.662363e+01 3.092016e-01 4.520424e-03 -1.593863e-04 -1.017701e-02
15.000 75.000 7.279342e+02 1.297456e+03 -2.811910e-01 4.318849e+01 7.312753e+02 1.296408e+03 -2.787084e-01 4.324553e+01 4.481233e-01 6.714057e-03 -4.062023e-05 -1.688678e-02
15.000 105.000 7.465086e+02 1.383775e+03 -2.991464e-01 4.404143e+01 7.472909e+02 1.386389e+03 -2.995287e-01 4.407099e+01 4.669707e-01 7.580831e-03 6.136278e-06 -1.739537e-02
15.000 135.000 5.735316e+02 1.190477e+03 -3.497405e-01 3.934765e+01 5.686387e+02 1.202508e+03 -3.578865e-01 3.929750e+01 3.606937e-01 6.724217e-03 1.464822e-04 -1.805532e-02
15.000 165.000 9.163937e+02 9.584659e+02 -2.244019e-02 4.328874e+01 9.039181e+02 9.691754e+02 -3.483927e-02 4.325298e+01 1.577691e-01 4.535500e-03 2.026184e-04 -4.162960e-03
15.000 195.000 9.264023e+02 1.210296e+03 -1.328656e-01 4.581461e+01 9.150772e+02 1.224768e+03 -1.447257e-01 4.577144e+01 -8.742955e-02 2.860127e-03 1.831356e-04 -9.917380e-04
15.000 225.000 1.225466e+03 1.053850e+03 7.529258e-02 4.760666e+01 1.213624e+03 1.065256e+03 6.510577e-02 4.763634e+01 -3.092016e-01 4.520423e-03 1.512586e-04 8.076478e-03
15.000 255.000 1.342380e+03 8.332082e+02 2.340388e-01 4.534779e+01 1.334223e+03 8.380674e+02 2.284019e-01 4.537584e+01 -4.481233e-01 6.714057e-03 8.786860e-05 1.504289e-02
15.000 285.000 1.398304e+03 6.993133e+02 3.332307e-01 4.318208e+01 1.401687e+03 6.982006e+02 3.350114e-01 4.317652e+01 -4.669707e-01 7.580831e-03 -2.916167e-05 1.853087e-02
15.000 315.000 8.624157e+02 1.078723e+03 -1.114331e-01 4.378395e+01 8.673548e+02 1.063225e+03 -1.014569e-01 4.371164e+01 -3.606937e-01 6.724217e-03 -1.612474e-04 5.692968e-03
15.000 345.000 1.217061e+03 1.138597e+03 3.330899e-02 4.850819e+01 1.233893e+03 1.122123e+03 4.744004e-02 4.848416e+01 -1.577692e-01 4.535500e-03 -2.060403e-04 3.939091e-03
45.000 15.000 1.400382e+03 1.634371e+03 -7.710317e-02 5.492460e+01 1.436337e+03 1.594646e+03 -5.223026e-02 5.497922e+01 3.929069e-02 5.991087e-03 -3.200580e-04 -2.119157e-03
45.000 45.000 1.480570e+03 1.770263e+03 -8.911355e-02 5.678923e+01 1.528264e+03 1.727473e+03 -6.118730e-02 5.695216e+01 2.424711e-01 6.232091e-03 -3.472231e-04 -5.838864e-03
45.000 75.000 1.362683e+03 1.868767e+03 -1.566121e-01 5.614438e+01 1.400862e+03 1.826700e+03 -1.319378e-01 5.631499e+01 3.806815e-01 5.980844e-03 -3.102872e-04 -9.569855e-03
45.000 105.000 1.232515e+03 1.821016e+03 -1.927277e-01 5.422279e+01 1.255823e+03 1.802200e+03 -1.786701e-01 5.440958e+01 4.168886e-01 5.454924e-03 -1.830069e-04 -1.124281e-02
45.000 135.000 8.157561e+02 1.738276e+03 -3.612013e-01 4.712554e+01 8.168553e+02 1.742811e+03 -3.617487e-01 4.716676e+01 3.413908e-01 5.177873e-03 8.210407e-06 -1.490894e-02
45.000 165.000 1.433318e+03 2.037603e+03 -1.740993e-01 5.801479e+01 1.407076e+03 2.068792e+03 -1.903742e-01 5.787827e+01 1.744176e-01 5.466153e-03 1.985984e-04 -6.007380e-03
45.000 195.000 1.237965e+03 1.327185e+03 -3.478189e-02 5.061666e+01 1.205401e+03 1.367023e+03 -6.282864e-02 5.061886e+01 -3.929067e-02 5.991087e-03 3.918001e-04 8.907689e-05
45.000 225.000 1.444608e+03 1.349613e+03 3.399687e-02 5.282983e+01 1.407561e+03 1.393713e+03 4.943566e-03 5.292641e+01 -2.424710e-01 6.232091e-03 3.885120e-04 5.233178e-03
45.000 255.000 1.797990e+03 9.564734e+02 3.055102e-01 4.997371e+01 1.758019e+03 9.844764e+02 2.820580e-01 5.024253e+01 -3.806815e-01 5.980844e-03 3.309463e-04 1.373105e-02
45.000 285.000 1.830506e+03 1.221043e+03 1.997225e-01 5.412787e+01 1.810703e+03 1.240557e+03 1.868560e-01 5.426532e+01 -4.168886e-01 5.454925e-03 1.678705e-04 1.139175e-02
45.000 315.000 1.958681e+03 1.444319e+03 1.511496e-01 5.766502e+01 1.962940e+03 1.438683e+03 1.541196e-01 5.762659e+01 -3.413908e-01 5.177873e-03 -3.643160e-05 8.541407e-03
45.000 345.000 1.528859e+03 1.488361e+03 1.342229e-02 5.492428e+01 1.554611e+03 1.460737e+03 3.113219e-02 5.488557e+01 -1.744176e-01 5.466153e-03 -2.280814e-04 3.419979e-03
75.000 15.000 2.621966e+03 2.389795e+03 4.632526e-02 7.071779e+01 2.652477e+03 2.355310e+03 5.934097e-02 7.064101e+01 4.591727e-02 5.807252e-03 -1.302147e-04 5.769291e-06
75.000 45.000 2.088115e+03 2.601155e+03 -1.094073e-01 6.806717e+01 2.136884e+03 2.546333e+03 -8.742902e-02 6.817198e+01 2.226712e-01 5.649004e-03 -2.281427e-04 -4.878689e-03
75.000 75.000 1.857858e+03 2.045066e+03 -4.796603e-02 6.240147e+01 1.911866e+03 2.009391e+03 -2.487080e-02 6.260057e+01 3.397606e-01 5.568817e-03 -2.612882e-04 -6.213421e-03
75.000 105.000 2.287837e+03 2.384281e+03 -2.064249e-02 6.833832e+01 2.328761e+03 2.350754e+03 -4.699859e-03 6.840622e+01 3.658114e-01 5.650234e-03 -1.648788e-04 -5.655010e-03
75.000 135.000 2.206702e+03 2.784270e+03 -1.157226e-01 7.017218e+01 2.215817e+03 2.768550e+03 -1.108932e-01 7.016461e+01 2.938434e-01 5.808449e-03 -4.866658e-05 -5.836585e-03
75.000 165.000 1.658179e+03 2.456303e+03 -1.939791e-01 6.292585e+01 1.646271e+03 2.467288e+03 -1.995880e-01 6.284660e+01 1.431402e-01 5.885372e-03 6.306717e-05 -5.357406e-03
75.000 195.000 2.951828e+03 2.378155e+03 1.076313e-01 7.258263e+01 2.914568e+03 2.415926e+03 9.354526e-02 7.269009e+01 -4.591725e-02 5.807252e-03 1.371259e-04 2.115500e-03
75.000 225.000 2.340742e+03 1.846904e+03 1.179274e-01 6.426047e+01 2.301085e+03 1.893376e+03 9.720175e-02 6.445797e+01 -2.226712e-01 5.649004e-03 2.277094e-04 5.300281e-03
75.000 255.000 3.143855e+03 1.966555e+03 2.303729e-01 6.956430e+01 3.092918e+03 2.007293e+03 2.128589e-01 6.977913e+01 -3.397606e-01 5.568817e-03 1.777521e-04 8.195777e-03
75.000 285.000 2.187030e+03 1.933873e+03 6.143219e-02 6.407301e+01 2.150275e+03 1.962995e+03 4.553074e-02 6.406827e+01 -3.658114e-01 5.650234e-03 1.754941e-04 6.668075e-03
75.000 315.000 2.407292e+03 1.924664e+03 1.114111e-01 6.540784e+01 2.390376e+03 1.935682e+03 1.051059e-01 6.540846e+01 -2.938434e-01 5.808449e-03 6.816420e-05 6.195810e-03
75.000 345.000 2.681920e+03 2.265572e+03 8.415337e-02 7.008891e+01 2.696140e+03 2.249730e+03 9.025918e-02 7.003983e+01 -1.431402e-01 5.885372e-03 -6.162131e-05 3.242933e-03
105.000 15.000 1.766394e+03 2.208643e+03 -1.112565e-01 6.265648e+01 1.782160e+03 2.191982e+03 -1.031221e-01 6.270471e+01 5.539990e-02 5.885372e-03 -9.176573e-05 -2.659843e-03
105.000 45.000 1.707692e+03 2.402282e+03 -1.690012e-01 6.318692e+01 1.722009e+03 2.384687e+03 -1.613652e-01 6.324368e+01 2.227880e-01 5.808449e-03 -8.541476e-05 -6.200480e-03
105.000 75.000 1.661074e+03 2.422265e+03 -1.864140e-01 6.278091e+01 1.679152e+03 2.397105e+03 -1.761306e-01 6.284746e+01 3.304803e-01 5.650234e-03 -1.157610e-04 -8.233303e-03
105.000 105.000 1.594428e+03 2.761376e+03 -2.679065e-01 6.358594e+01 1.609351e+03 2.740260e+03 -2.600023e-01 6.368337e+01 3.496206e-01 5.568817e-03 -8.783181e-05 -9.711693e-03
105.000 135.000 1.976492e+03 2.840321e+03 -1.793362e-01 6.827808e+01 1.975130e+03 2.842048e+03 -1.799638e-01 6.827272e+01 2.750804e-01 5.649004e-03 6.500285e-06 -6.655380e-03
105.000 165.000 1.830556e+03 2.104594e+03 -6.963869e-02 6.257848e+01 1.822419e+03 2.111587e+03 -7.350464e-02 6.255198e+01 1.268326e-01 5.807252e-03 4.369258e-05 -3.139598e-03
105.000 195.000 2.319815e+03 1.778475e+03 1.320893e-01 6.345695e+01 2.301049e+03 1.798533e+03 1.225773e-01 6.354514e+01 -5.539988e-02 5.885372e-03 1.059191e-04 2.954589e-03
105.000 225.000 2.172679e+03 2.093527e+03 1.855317e-02 6.530496e+01 2.156099e+03 2.102532e+03 1.257853e-02 6.525303e+01 -2.227880e-01 5.808449e-03 6.471776e-05 3.695603e-03
105.000 255.000 2.730481e+03 1.552304e+03 2.750961e-01 6.291798e+01 2.718219e+03 1.557707e+03 2.714061e-01 6.293612e+01 -3.304803e-01 5.650234e-03 4.146460e-05 9.624854e-03
105.000 285.000 3.015790e+03 1.855277e+03 2.382463e-01 6.778332e+01 3.006535e+03 1.870267e+03 2.329945e-01 6.791213e+01 -3.496206e-01 5.568817e-03 5.473357e-05 8.672737e-03
105.000 315.000 2.789526e+03 1.972264e+03 1.716291e-01 6.798180e+01 2.794129e+03 1.971447e+03 1.726302e-01 6.799674e+01 -2.750804e-01 5.649004e-03 -1.041220e-05 6.571016e-03
105.000 345.000 2.590442e+03 1.494083e+03 2.684176e-01 6.156495e+01 2.598659e+03 1.490105e+03 2.711221e-01 6.154844e+01 -1.268326e-01 5.807252e-03 -3.106660e-05 6.420053e-03
135.000 15.000 1.440494e+03 2.069626e+03 -1.792337e-01 5.828686e+01 1.460812e+03 2.044403e+03 -1.664924e-01 5.837852e+01 4.300226e-02 5.466153e-03 -1.544498e-04 -3.812797e-03
135.000 45.000 1.251862e+03 1.875318e+03 -1.993671e-01 5.479857e+01 1.262905e+03 1.859751e+03 -1.911340e-01 5.485051e+01 2.010308e-01 5.177872e-03 -1.061864e-04 -7.306721e-03
135.000 75.000 1.432703e+03 2.233569e+03 -2.184415e-01 5.908747e+01 1.446917e+03 2.218494e+03 -2.105022e-01 5.918608e+01 3.051933e-01 5.454924e-03 -9.493119e-05 -8.862028e-03
135.000 105.000 1.718188e+03 2.225590e+03 -1.286589e-01 6.227757e+01 1.713729e+03 2.233989e+03 -1.317874e-01 6.228286e+01 3.275795e-01 5.980844e-03 3.551927e-05 -7.325887e-03
135.000 135.000 1.487109e+03 1.319111e+03 5.986631e-02 5.287874e+01 1.479451e+03 1.322838e+03 5.588771e-02 5.285391e+01 2.621911e-01 6.232091e-03 5.321529e-05 -3.826202e-03
135.000 165.000 1.175667e+03 1.738194e+03 -1.930523e-01 5.296474e+01 1.162958e+03 1.754791e+03 -2.028389e-01 5.289331e+01 1.265487e-01 5.991087e-03 1.307445e-04 -6.034223e-03
135.000 195.000 1.515207e+03 1.424941e+03 3.070118e-02 5.419758e+01 1.495707e+03 1.442244e+03 1.819765e-02 5.419389e+01 -4.300224e-02 5.466153e-03 1.631370e-04 1.359902e-03
135.000 225.000 2.119634e+03 1.390547e+03 2.077065e-01 5.795468e+01 2.101502e+03 1.409801e+03 1.969927e-01 5.809511e+01 -2.010308e-01 5.177872e-03 1.305610e-04 7.052706e-03
135.000 255.000 2.025855e+03 1.690354e+03 9.028044e-02 6.071177e+01 2.018088e+03 1.695338e+03 8.691434e-02 6.070729e+01 -3.051933e-01 5.454924e-03 3.920627e-05 6.513955e-03
135.000 285.000 1.856587e+03 1.283167e+03 1.826322e-01 5.509110e+01 1.850521e+03 1.289623e+03 1.786217e-01 5.513579e+01 -3.275795e-01 5.980844e-03 5.145405e-05 9.261236e-03
135.000 315.000 1.989902e+03 1.362682e+03 1.870854e-01 5.687917e+01 2.000130e+03 1.353172e+03 1.929314e-01 5.681975e+01 -2.621911e-01 6.232091e-03 -7.271480e-05 7.898787e-03
135.000 345.000 1.575953e+03 1.938895e+03 -1.032594e-01 5.896924e+01 1.592662e+03 1.916317e+03 -9.223611e-02 5.898412e+01 -1.265487e-01 5.991087e-03 -1.321648e-04 3.949406e-04
165.000 15.000 7.806037e+02 7.006919e+02 5.394727e-02 3.843156e+01 7.865915e+02 6.969809e+02 6.040191e-02 3.844684e+01 5.274025e-02 4.535500e-03 -1.187362e-04 3.140687e-05
165.000 45.000 6.098700e+02 1.020034e+03 -2.516491e-01 3.907284e+01 6.165191e+02 1.014444e+03 -2.439814e-01 3.916474e+01 1.886384e-01 6.724217e-03 -1.386008e-04 -1.126838e-02
165.000 75.000 4.631499e+02 8.014303e+02 -2.675041e-01 3.426498e+01 4.660558e+02 7.947086e+02 -2.606775e-01 3.427961e+01 2.739910e-01 7.580831e-03 -1.408474e-04 -1.580316e-02
165.000 105.000 8.201384e+02 5.175823e+02 2.261729e-01 3.562711e+01 8.159766e+02 5.136222e+02 2.274028e-01 3.550835e+01 2.859280e-01 6.714057e-03 -2.445112e-05 -1.677237e-03
165.000 135.000 5.123605e+02 8.739985e+02 -2.608545e-01 3.594474e+01 5.099519e+02 8.742864e+02 -2.632022e-01 3.589352e+01 2.212508e-01 4.520424e-03 4.621599e-05 -1.341240e-02
165.000 165.000 5.602934e+02 6.510622e+02 -7.493159e-02 3.470669e+01 5.571646e+02 6.555598e+02 -8.113568e-02 3.470938e+01 9.728959e-02 2.860128e-03 1.263960e-04 -4.962190e-03
165.000 195.000 7.451047e+02 8.801507e+02 -8.309218e-02 4.017504e+01 7.375259e+02 8.885294e+02 -9.286488e-02 4.015012e+01 -5.274024e-02 4.535500e-03 1.720593e-04 -7.554924e-04
165.000 225.000 1.040180e+03 9.612113e+02 3.945677e-02 4.470207e+01 1.032486e+03 9.704199e+02 3.098790e-02 4.473234e+01 -1.886384e-01 6.724217e-03 1.339170e-04 5.102563e-03
165.000 255.000 6.297506e+02 3.858504e+02 2.401536e-01 3.093586e+01 6.291212e+02 3.865056e+02 2.388826e-01 3.094625e+01 -2.739910e-01 7.580831e-03 2.904493e-05 1.661969e-02
165.000 285.000 9.913534e+02 6.319574e+02 2.213969e-01 3.929048e+01 9.910504e+02 6.339069e+02 2.197864e-01 3.932508e+01 -2.859280e-01 6.714057e-03 2.897097e-05 1.291216e-02
165.000 315.000 7.331709e+02 8.018209e+02 -4.472336e-02 3.913977e+01 7.359777e+02 7.999093e+02 -4.162517e-02 3.915643e+01 -2.212508e-01 4.520424e-03 -5.596047e-05 4.510180e-03
165.000 345.000 7.021931e+02 5.398460e+02 1.307101e-01 3.494022e+01 7.054494e+02 5.362482e+02 1.362660e-01 3.490904e+01 -9.728961e-02 2.860128e-03 -1.124889e-04 6.525423e-03
195.000 15.000 8.084884e+02 9.274512e+02 -6.852937e-02 4.156666e+01 8.013345e+02 9.348324e+02 -7.689234e-02 4.154398e+01 9.728957e-02 2.860126e-03 1.423044e-04 -3.989230e-03
195.000 45.000 7.575651e+02 8.264510e+02 -4.348816e-02 3.976205e+01 7.540591e+02 8.289275e+02 -4.729567e-02 3.974224e+01 2.212507e-01 4.520424e-03 6.772768e-05 -6.658080e-03
195.000 75.000 5.400122e+02 8.694999e+02 -2.337601e-01 3.650330e+01 5.424304e+02 8.703704e+02 -2.321205e-01 3.656062e+01 2.859279e-01 6.714058e-03 -3.173639e-05 -1.423674e-02
195.000 105.000 6.688297e+02 6.900456e+02 -1.561284e-02 3.685843e+01 6.787937e+02 6.810990e+02 -1.695164e-03 3.687667e+01 2.739910e-01 7.580831e-03 -2.669361e-04 -7.857193e-03
195.000 135.000 7.442897e+02 6.950798e+02 3.418854e-02 3.791684e+01 7.488006e+02 6.876397e+02 4.257805e-02 3.786603e+01 1.886384e-01 6.724217e-03 -1.565600e-04 -4.073384e-03
195.000 165.000 8.565642e+02 1.055986e+03 -1.042702e-01 4.349433e+01 8.638990e+02 1.045069e+03 -9.490467e-02 4.349453e+01 5.274027e-02 4.535500e-03 -1.522591e-04 -3.609906e-03
195.000 195.000 8.326337e+02 7.416716e+02 5.777918e-02 3.961123e+01 8.391383e+02 7.356508e+02 6.571513e-02 3.959783e+01 -9.728956e-02 2.860126e-03 -1.416899e-04 3.914767e-03
195.000 225.000 5.549454e+02 7.012014e+02 -1.164323e-01 3.520111e+01 5.543586e+02 6.982316e+02 -1.148604e-01 3.515771e+01 -2.212507e-01 4.520424e-03 -3.159514e-05 2.977704e-03
195.000 255.000 8.727282e+02 9.214078e+02 -2.713259e-02 4.234165e+01 8.728121e+02 9.273077e+02 -3.027335e-02 4.240837e+01 -2.859279e-01 6.714057e-03 5.240939e-05 6.112075e-03
195.000 285.000 1.197025e+03 3.620851e+02 5.355234e-01 3.334637e+01 1.194655e+03 3.638605e+02 5.330679e-01 3.340128e+01 -2.739910e-01 7.580831e-03 5.202526e-05 2.427594e-02
195.000 315.000 7.098663e+02 7.692529e+02 -4.015003e-02 3.842831e+01 7.077455e+02 7.762693e+02 -4.617464e-02 3.848182e+01 -1.886384e-01 6.724217e-03 1.107798e-04 3.864036e-03
195.000 345.000 5.159884e+02 8.007194e+02 -2.162446e-01 3.542790e+01 5.122771e+02 8.058921e+02 -2.227445e-01 3.539446e+01 -5.274029e-02 4.535500e-03 1.297924e-04 -4.615128e-03
225.000 15.000 1.406065e+03 1.341414e+03 2.353114e-02 5.240189e+01 1.389944e+03 1.353382e+03 1.332782e-02 5.237212e+01 1.265487e-01 5.991087e-03 1.377219e-04 -1.965913e-03
225.000 45.000 1.954251e+03 1.780399e+03 4.655108e-02 6.104553e+01 1.938838e+03 1.785951e+03 4.104588e-02 6.097961e+01 2.621910e-01 6.232091e-03 6.380265e-05 -3.532445e-03
225.000 75.000 1.487875e+03 1.822685e+03 -1.011339e-01 5.724247e+01 1.486179e+03 1.818188e+03 -1.004757e-01 5.719273e+01 3.275795e-01 5.980844e-03 -8.133736e-06 -7.489428e-03
225.000 105.000 1.700392e+03 2.231627e+03 -1.351049e-01 6.213088e+01 1.724268e+03 2.224949e+03 -1.267797e-01 6.233571e+01 3.051933e-01 5.454924e-03 -9.459274e-05 -7.086625e-03
225.000 135.000 1.527950e+03 1.430928e+03 3.278999e-02 5.436631e+01 1.552472e+03 1.410814e+03 4.780433e-02 5.437383e+01 2.010308e-01 5.177873e-03 -1.952680e-04 -3.094578e-03
225.000 165.000 1.763024e+03 1.990573e+03 -6.062177e-02 6.115393e+01 1.787391e+03 1.966317e+03 -4.766651e-02 6.119786e+01 4.300227e-02 5.466153e-03 -1.497444e-04 -1.694479e-03
225.000 195.000 1.640985e+03 1.286685e+03 1.210178e-01 5.371027e+01 1.655118e+03 1.274556e+03 1.298992e-01 5.366786e+01 -1.265487e-01 5.991087e-03 -1.169726e-04 4.609295e-03
225.000 225.000 1.953162e+03 1.833281e+03 3.166071e-02 6.150323e+01 1.963823e+03 1.820198e+03 3.795563e-02 6.147008e+01 -2.621910e-01 6.232091e-03 -7.239256e-05 4.777826e-03
225.000 255.000 1.152338e+03 1.391939e+03 -9.417235e-02 5.021667e+01 1.140149e+03 1.398219e+03 -1.016676e-01 5.012116e+01 -3.275795e-01 5.980844e-03 1.056426e-04 4.648002e-03
225.000 285.000 1.829151e+03 1.566229e+03 7.743518e-02 5.809493e+01 1.819407e+03 1.577079e+03 7.134680e-02 5.813086e+01 -3.051933e-01 5.454925e-03 7.408225e-05 6.586263e-03
225.000 315.000 1.541968e+03 1.521662e+03 6.628244e-03 5.534885e+01 1.524129e+03 1.544424e+03 -6.614173e-03 5.539331e+01 -2.010308e-01 5.177873e-03 1.691100e-04 3.751822e-03
225.000 345.000 1.538699e+03 1.602179e+03 -2.021072e-02 5.603209e+01 1.519861e+03 1.622100e+03 -3.253994e-02 5.602351e+01 -4.300229e-02 5.466153e-03 1.556026e-04 4.067592e-04
255.000 15.000 1.552758e+03 2.313117e+03 -1.966848e-01 6.096167e+01 1.546271e+03 2.321385e+03 -2.004093e-01 6.092877e+01 1.268326e-01 5.807252e-03 4.321230e-05 -5.306899e-03
255.000 45.000 1.864306e+03 3.234744e+03 -2.687634e-01 6.878028e+01 1.866680e+03 3.235844e+03 -2.683308e-01 6.881232e+01 2.750804e-01 5.649004e-03 -4.446642e-06 -7.906973e-03
255.000 75.000 1.882384e+03 2.894942e+03 -2.119510e-01 6.754786e+01 1.894026e+03 2.884215e+03 -2.072287e-01 6.762430e+01 3.496206e-01 5.568818e-03 -4.940558e-05 -8.313685e-03
255.000 105.000 1.899394e+03 2.559348e+03 -1.480135e-01 6.603832e+01 1.919349e+03 2.536456e+03 -1.384952e-01 6.610853e+01 3.304803e-01 5.650234e-03 -1.018635e-04 -7.245699e-03
255.000 135.000 1.550326e+03 1.574108e+03 -7.611605e-03 5.589502e+01 1.563500e+03 1.562428e+03 3.429383e-04 5.590999e+01 2.227880e-01 5.808449e-03 -1.006164e-04 -4.122007e-03
255.000 165.000 2.121201e+03 2.021184e+03 2.414485e-02 6.434260e+01 2.134204e+03 2.008437e+03 3.035921e-02 6.433368e+01 5.539991e-02 5.885371e-03 -6.829873e-05 -4.857600e-04
255.000 195.000 1.775856e+03 1.799003e+03 -6.474825e-03 5.978887e+01 1.782720e+03 1.789106e+03 -1.787906e-03 5.976466e+01 -1.268326e-01 5.807252e-03 -5.544214e-05 2.013046e-03
255.000 225.000 2.741151e+03 2.279350e+03 9.198312e-02 7.055511e+01 2.746900e+03 2.278687e+03 9.316571e-02 7.058304e+01 -2.750804e-01 5.649004e-03 -1.184964e-05 5.202508e-03
255.000 255.000 2.680457e+03 1.733330e+03 2.145839e-01 6.488874e+01 2.675034e+03 1.742625e+03 2.110639e-01 6.496816e+01 -3.496206e-01 5.568818e-03 3.833477e-05 8.694952e-03
255.000 285.000 2.470970e+03 1.645114e+03 2.006411e-01 6.285207e+01 2.452580e+03 1.662919e+03 1.918750e-01 6.296017e+01 -3.304803e-01 5.650234e-03 9.853675e-05 8.450341e-03
255.000 315.000 2.407572e+03 2.159967e+03 5.420956e-02 6.748419e+01 2.394124e+03 2.176295e+03 4.766078e-02 6.752805e+01 -2.227881e-01 5.808449e-03 6.859646e-05 4.104629e-03
255.000 345.000 2.140147e+03 2.153839e+03 -3.188794e-03 6.552818e+01 2.121544e+03 2.173026e+03 -1.198767e-02 6.552826e+01 -5.539993e-02 5.885371e-03 9.494756e-05 7.967738e-04
285.000 15.000 2.722993e+03 1.688271e+03 2.345637e-01 6.456435e+01 2.710761e+03 1.695300e+03 2.304692e-01 6.459124e+01 1.431402e-01 5.885372e-03 4.483392e-05 1.416007e-03
285.000 45.000 2.335557e+03 2.611389e+03 -5.575816e-02 7.022511e+01 2.348633e+03 2.601365e+03 -5.105706e-02 7.026446e+01 2.938434e-01 5.808449e-03 -4.732279e-05 -4.978298e-03
285.000 75.000 1.780914e+03 2.774876e+03 -2.181756e-01 6.587057e+01 1.814696e+03 2.742031e+03 -2.035089e-01 6.609090e+01 3.658114e-01 5.650234e-03 -1.571807e-04 -8.865674e-03
285.000 105.000 2.358570e+03 2.962923e+03 -1.135682e-01 7.247660e+01 2.412742e+03 2.896938e+03 -9.119116e-02 7.256395e+01 3.397606e-01 5.568817e-03 -2.181870e-04 -6.254831e-03
285.000 135.000 2.105795e+03 2.582116e+03 -1.016062e-01 6.811398e+01 2.153194e+03 2.526574e+03 -7.978603e-02 6.819075e+01 2.226713e-01 5.649004e-03 -2.263923e-04 -4.760806e-03
285.000 165.000 2.169971e+03 2.111102e+03 1.375109e-02 6.542372e+01 2.203018e+03 2.078625e+03 2.905251e-02 6.540664e+01 4.591729e-02 5.807252e-03 -1.654010e-04 -4.916596e-04
285.000 195.000 1.944815e+03 1.740281e+03 5.550288e-02 6.061142e+01 1.953831e+03 1.731535e+03 6.031853e-02 6.059668e+01 -1.431402e-01 5.885372e-03 -5.618734e-05 3.277320e-03
285.000 225.000 3.374956e+03 2.419648e+03 1.648617e-01 7.508069e+01 3.359413e+03 2.435123e+03 1.595106e-01 7.514721e+01 -2.938433e-01 5.808449e-03 5.037413e-05 6.109494e-03
285.000 255.000 2.027115e+03 2.443476e+03 -9.313327e-02 6.657187e+01 2.000990e+03 2.479620e+03 -1.068225e-01 6.655435e+01 -3.658114e-01 5.650234e-03 1.454218e-04 4.095996e-03
285.000 285.000 2.481832e+03 1.818934e+03 1.541351e-01 6.479653e+01 2.432892e+03 1.859505e+03 1.335819e-01 6.492921e+01 -3.397606e-01 5.568817e-03 2.240612e-04 7.622256e-03
285.000 315.000 1.669697e+03 1.859580e+03 -5.380207e-02 5.932167e+01 1.638774e+03 1.904264e+03 -7.493277e-02 5.935608e+01 -2.226713e-01 5.649004e-03 2.518022e-04 2.846670e-03
285.000 345.000 2.347141e+03 1.639383e+03 1.775375e-01 6.213590e+01 2.311102e+03 1.668062e+03 1.616017e-01 6.225149e+01 -4.591731e-02 5.807252e-03 1.811808e-04 3.596227e-03
315.000 15.000 1.428497e+03 1.504266e+03 -2.583541e-02 5.413691e+01 1.402667e+03 1.528565e+03 -4.295045e-02 5.409089e+01 1.744176e-01 5.466153e-03 2.236423e-04 -3.699011e-03
315.000 45.000 1.155638e+03 2.146143e+03 -2.999910e-01 5.481459e+01 1.153816e+03 2.152520e+03 -3.020577e-01 5.481486e+01 3.413908e-01 5.177872e-03 2.665994e-05 -1.170093e-02
315.000 75.000 1.178494e+03 2.126202e+03 -2.867759e-01 5.507192e+01 1.198300e+03 2.101200e+03 -2.736476e-01 5.524874e+01 4.168886e-01 5.454924e-03 -1.682936e-04 -1.277719e-02
315.000 105.000 1.202780e+03 1.407463e+03 -7.841503e-02 5.093322e+01 1.236781e+03 1.377774e+03 -5.392646e-02 5.105832e+01 3.806815e-01 5.980845e-03 -3.395581e-04 -9.013695e-03
315.000 135.000 1.231252e+03 1.718197e+03 -1.650970e-01 5.356356e+01 1.272494e+03 1.673512e+03 -1.361228e-01 5.377191e+01 2.424711e-01 6.232092e-03 -3.817533e-04 -7.609054e-03
315.000 165.000 1.588857e+03 1.648721e+03 -1.849067e-02 5.688999e+01 1.631500e+03 1.603652e+03 8.608212e-03 5.687629e+01 3.929071e-02 5.991087e-03 -3.368626e-04 -1.015669e-03
315.000 195.000 1.895785e+03 1.678142e+03 6.089730e-02 5.967138e+01 1.925891e+03 1.648765e+03 7.752536e-02 5.960849e+01 -1.744176e-01 5.466153e-03 -1.971466e-04 3.943513e-03
315.000 225.000 2.010309e+03 1.146537e+03 2.736189e-01 5.404166e+01 2.017429e+03 1.143262e+03 2.765745e-01 5.402702e+01 -3.413908e-01 5.177872e-03 -3.867764e-05 1.138029e-02
315.000 255.000 2.076892e+03 1.137992e+03 2.920477e-01 5.422805e+01 2.056462e+03 1.160786e+03 2.783984e-01 5.447837e+01 -4.168886e-01 5.454924e-03 1.775703e-04 1.307324e-02
315.000 285.000 2.075195e+03 1.191503e+03 2.705155e-01 5.502404e+01 2.040105e+03 1.223860e+03 2.500778e-01 5.531582e+01 -3.806815e-01 5.980845e-03 2.619459e-04 1.183477e-02
315.000 315.000 2.305870e+03 1.254472e+03 2.953084e-01 5.700750e+01 2.253391e+03 1.299027e+03 2.686519e-01 5.741104e+01 -2.424711e-01 6.232092e-03 3.294728e-04 9.433486e-03
315.000 345.000 1.475866e+03 1.325790e+03 5.356695e-02 5.285467e+01 1.440103e+03 1.363407e+03 2.735722e-02 5.292837e+01 -3.929073e-02 5.991087e-03 3.503979e-04 1.756849e-03
345.000 15.000 1.447097e+03 8.116920e+02 2.813034e-01 4.560754e+01 1.427164e+03 8.204793e+02 2.699204e-01 4.564961e+01 1.577691e-01 4.535501e-03 1.764029e-04 2.708638e-03
345.000 45.000 9.396277e+02 9.401329e+02 -2.687498e-04 4.335620e+01 9.290845e+02 9.492178e+02 -1.071886e-02 4.333689e+01 3.606937e-01 6.724217e-03 1.704714e-04 -8.325508e-03
345.000 75.000 6.682933e+02 1.190231e+03 -2.808344e-01 4.137567e+01 6.646298e+02 1.190507e+03 -2.834707e-01 4.130455e+01 4.669707e-01 7.580831e-03 4.509342e-05 -1.807355e-02
345.000 105.000 8.591307e+02 1.021920e+03 -8.654152e-02 4.320836e+01 8.661064e+02 1.017304e+03 -8.027887e-02 4.325821e+01 4.481233e-01 6.714057e-03 -1.024295e-04 -1.237411e-02
345.000 135.000 8.449075e+02 9.671233e+02 -6.744686e-02 4.247102e+01 8.530077e+02 9.589864e+02 -5.848735e-02 4.249465e+01 3.092016e-01 4.520424e-03 -1.491269e-04 -8.868363e-03
345.000 165.000 1.485271e+03 1.208777e+03 1.026316e-01 5.163014e+01 1.509400e+03 1.194550e+03 1.164409e-01 5.164580e+01 8.742958e-02 2.860128e-03 -1.890991e-04 2.944404e-04
345.000 195.000 1.301623e+03 8.665310e+02 2.006738e-01 4.561625e+01 1.318400e+03 8.543411e+02 2.135821e-01 4.553709e+01 -1.577691e-01 4.535500e-03 -2.002691e-04 7.857789e-03
345.000 225.000 1.439920e+03 6.356943e+02 3.874641e-01 4.200007e+01 1.449929e+03 6.301076e+02 3.941379e-01 4.191556e+01 -3.606937e-01 6.724217e-03 -1.124725e-04 1.781325e-02
345.000 255.000 1.068714e+03 7.442242e+02 1.789856e-01 4.189104e+01 1.068990e+03 7.432876e+02 1.797197e-01 4.187770e+01 -4.669707e-01 7.580831e-03 -1.239275e-05 1.541992e-02
345.000 285.000 1.324734e+03 1.217855e+03 4.203556e-02 5.037952e+01 1.320556e+03 1.223059e+03 3.833008e-02 5.039720e+01 -4.481233e-01 6.714057e-03 5.199949e-05 9.729328e-03
345.000 315.000 1.287218e+03 1.100448e+03 7.822307e-02 4.871402e+01 1.277511e+03 1.113980e+03 6.838032e-02 4.878841e+01 -3.092016e-01 4.520424e-03 1.427630e-04 7.953042e-03
345.000 345.000 9.777432e+02 1.097242e+03 -5.759018e-02 4.547640e+01 9.646061e+02 1.114107e+03 -7.192015e-02 4.547484e+01 -8.742961e-02 2.860128e-03 2.228188e-04 6.561520e-04
