  #t  #Q2   A1M1_AVG      A_1M1     dA_1M1   A0P1_AVG      A_0P1     dA_0P1   A2M1_AVG      A_2M1     dA_2M1   A3M1_AVG      A_3M1     dA_3M1   A1P1_AVG      A_1P1     dA_1P1       Asym      Astat          t         tp         xb         Q2          W     Dilute
   9    0 -1.055e-01 -1.888e-02 1.3588e-02  3.108e-01  4.675e-01 1.2933e-02 -4.495e-02 -5.148e-02 1.3077e-02 -6.508e-03  1.725e-02 1.2703e-02  5.508e-02  3.745e-02 1.2705e-02 -2.8535e-02 3.6997e-02 1.0479e+00 4.3837e-01 4.3631e-01 5.3582e+00 2.7810e+00 2.5242e-01
   Phi   PhiS      N_U_avg      N_D_avg     Asym_avg    dAsym_avg      N_U_fit      N_D_fit     Asym_fit    dAsym_fit     Asym_cal    dAsym_cal     GOOD_fit     GOOD_cal
15.000 15.000 0.000000e+00 0.000000e+00         -nan         -nan 0.000000e+00 0.000000e+00         -nan         -nan 1.350239e-01 1.016640e-02         -nan         -nan
15.000 45.000 9.568975e+00 9.120570e+00 2.399231e-02 4.321896e+00 9.382825e+00 9.322227e+00 3.239656e-03 4.324911e+00 3.857691e-01 1.619592e-02 3.394165e-03 -8.370729e-02
15.000 75.000 0.000000e+00 0.000000e+00         -nan         -nan 0.000000e+00 0.000000e+00         -nan         -nan 5.331477e-01 2.412045e-02         -nan         -nan
15.000 105.000 0.000000e+00 0.000000e+00         -nan         -nan 0.000000e+00 0.000000e+00         -nan         -nan 5.376699e-01 2.724577e-02         -nan         -nan
15.000 135.000 0.000000e+00 9.370989e+00 -1.000000e+00 2.000000e+00 0.000000e+00 9.413933e+00 -1.000000e+00 2.000000e+00 3.981239e-01 2.415325e-02 0.000000e+00 -6.990110e-01
15.000 165.000 0.000000e+00 0.000000e+00         -nan         -nan 0.000000e+00 0.000000e+00         -nan         -nan 1.519008e-01 1.624474e-02         -nan         -nan
15.000 195.000 1.557375e+00 0.000000e+00 1.000000e+00 2.000000e+00 1.570504e+00 0.000000e+00 1.000000e+00 2.000000e+00 -1.350239e-01 1.016640e-02 0.000000e+00 5.675046e-01
15.000 225.000 0.000000e+00 0.000000e+00         -nan         -nan 0.000000e+00 0.000000e+00         -nan         -nan -3.857690e-01 1.619592e-02         -nan         -nan
15.000 255.000 0.000000e+00 0.000000e+00         -nan         -nan 0.000000e+00 0.000000e+00         -nan         -nan -5.331477e-01 2.412044e-02         -nan         -nan
15.000 285.000 0.000000e+00 0.000000e+00         -nan         -nan 0.000000e+00 0.000000e+00         -nan         -nan -5.376699e-01 2.724577e-02         -nan         -nan
15.000 315.000 0.000000e+00 0.000000e+00         -nan         -nan 0.000000e+00 0.000000e+00         -nan         -nan -3.981239e-01 2.415325e-02         -nan         -nan
15.000 345.000 0.000000e+00 0.000000e+00         -nan         -nan 0.000000e+00 0.000000e+00         -nan         -nan -1.519009e-01 1.624474e-02         -nan         -nan
45.000 15.000 4.665051e+00 1.176766e+00 5.971232e-01 1.938784e+00 4.420282e+00 1.200325e+00 5.728842e-01 1.943179e+00 1.092036e-01 2.142435e-02 8.830364e-03 2.516474e-01
45.000 45.000 0.000000e+00 4.162295e+00 -1.000000e+00 2.000000e+00 0.000000e+00 4.354786e+00 -1.000000e+00 2.000000e+00 3.488706e-01 2.217923e-02 0.000000e+00 -6.743938e-01
45.000 75.000 9.264815e+00 8.608782e+00 3.670403e-02 4.224869e+00 8.735480e+00 9.015370e+00 -1.576770e-02 4.212652e+00 4.950579e-01 2.134852e-02 8.794781e-03 -1.084881e-01
45.000 105.000 0.000000e+00 0.000000e+00         -nan         -nan 0.000000e+00 0.000000e+00         -nan         -nan 5.085949e-01 1.966430e-02         -nan         -nan
45.000 135.000 0.000000e+00 4.194754e+00 -1.000000e+00 2.000000e+00 0.000000e+00 4.240903e+00 -1.000000e+00 2.000000e+00 3.858543e-01 1.880875e-02 0.000000e+00 -6.928965e-01
45.000 165.000 0.000000e+00 8.197732e+00 -1.000000e+00 2.000000e+00 0.000000e+00 8.155328e+00 -1.000000e+00 2.000000e+00 1.597243e-01 1.974660e-02 0.000000e+00 -5.798339e-01
45.000 195.000 5.701737e+00 0.000000e+00 1.000000e+00 2.000000e+00 5.981080e+00 0.000000e+00 1.000000e+00 2.000000e+00 -1.092036e-01 2.142435e-02 0.000000e+00 5.545700e-01
45.000 225.000 7.212858e+00 4.393322e+00 2.429340e-01 3.304727e+00 7.644697e+00 4.143807e+00 2.969750e-01 3.278540e+00 -3.488705e-01 2.217923e-02 -1.160895e-02 1.790742e-01
45.000 255.000 2.149534e+00 0.000000e+00 1.000000e+00 2.000000e+00 2.231308e+00 0.000000e+00 1.000000e+00 2.000000e+00 -4.950579e-01 2.134852e-02 0.000000e+00 7.474864e-01
45.000 285.000 7.544488e+00 0.000000e+00 1.000000e+00 2.000000e+00 7.839600e+00 0.000000e+00 1.000000e+00 2.000000e+00 -5.085949e-01 1.966430e-02 0.000000e+00 7.542610e-01
45.000 315.000 6.718636e+00 0.000000e+00 1.000000e+00 2.000000e+00 6.826611e+00 0.000000e+00 1.000000e+00 2.000000e+00 -3.858543e-01 1.880875e-02 0.000000e+00 6.928965e-01
45.000 345.000 6.909610e+00 6.441956e+00 3.502611e-02 3.651737e+00 6.762530e+00 6.491955e+00 2.041383e-02 3.639912e+00 -1.597244e-01 1.974660e-02 2.834045e-03 5.333013e-02
75.000 15.000 6.844813e+00 6.959201e+00 -8.286569e-03 3.715248e+00 6.577896e+00 7.222840e+00 -4.673262e-02 3.710875e+00 9.707048e-02 2.090316e-02 7.321575e-03 -2.835757e-02
75.000 45.000 3.440116e+00 1.120497e+01 -5.302020e-01 3.244710e+00 3.234616e+00 1.196167e+01 -5.742886e-01 3.191307e+00 3.038392e-01 2.025846e-02 9.687005e-03 -2.570414e-01
75.000 75.000 2.263442e+00 0.000000e+00 1.000000e+00 2.000000e+00 2.085048e+00 0.000000e+00 1.000000e+00 2.000000e+00 4.291945e-01 1.990745e-02 0.000000e+00 2.853886e-01
75.000 105.000 9.988035e+00 1.052837e+01 -2.633677e-02 4.527933e+00 9.239354e+00 1.108458e+01 -9.079070e-02 4.489588e+00 4.395474e-01 2.021745e-02 1.010819e-02 -1.028901e-01
75.000 135.000 4.446092e+00 0.000000e+00 1.000000e+00 2.000000e+00 4.378452e+00 0.000000e+00 1.000000e+00 2.000000e+00 3.321240e-01 2.086342e-02 0.000000e+00 3.339198e-01
75.000 165.000 1.628459e+00 9.303195e+00 -7.020654e-01 2.354461e+00 1.645595e+00 9.225070e+00 -6.972411e-01 2.363460e+00 1.357082e-01 2.119861e-02 -1.446107e-03 -3.558095e-01
75.000 195.000 0.000000e+00 1.322600e+01 -1.000000e+00 2.000000e+00 0.000000e+00 1.272371e+01 -1.000000e+00 2.000000e+00 -9.707046e-02 2.090317e-02 0.000000e+00 -4.514401e-01
75.000 225.000 1.064919e+01 0.000000e+00 1.000000e+00 2.000000e+00 1.122608e+01 0.000000e+00 1.000000e+00 2.000000e+00 -3.038392e-01 2.025846e-02 0.000000e+00 6.518862e-01
75.000 255.000 0.000000e+00 0.000000e+00         -nan         -nan 0.000000e+00 0.000000e+00         -nan         -nan -4.291945e-01 1.990745e-02         -nan         -nan
75.000 285.000 1.149367e+01 2.579451e+00 6.334215e-01 2.902871e+00 1.209317e+01 2.485481e+00 6.590246e-01 2.871750e+00 -4.395474e-01 2.021745e-02 -6.270156e-03 3.696143e-01
75.000 315.000 0.000000e+00 0.000000e+00         -nan         -nan 0.000000e+00 0.000000e+00         -nan         -nan -3.321240e-01 2.086342e-02         -nan         -nan
75.000 345.000 1.348013e+01 0.000000e+00 1.000000e+00 2.000000e+00 1.350372e+01 0.000000e+00 1.000000e+00 2.000000e+00 -1.357082e-01 2.119861e-02 0.000000e+00 5.678222e-01
105.000 15.000 4.059075e+00 1.198667e+01 -4.940620e-01 3.482674e+00 3.840139e+00 1.250100e+01 -5.300034e-01 3.427952e+00 1.329356e-01 2.119861e-02 7.354935e-03 -1.800301e-01
105.000 45.000 8.318325e+00 1.087783e+01 -1.333342e-01 4.342221e+00 7.702654e+00 1.169173e+01 -2.056819e-01 4.309745e+00 3.023729e-01 2.086342e-02 1.182556e-02 -1.003408e-01
105.000 75.000 3.414168e+00 2.708649e+00 1.152280e-01 2.457951e+00 3.180678e+00 2.876517e+00 5.021483e-02 2.458032e+00 3.907895e-01 2.021744e-02 1.870276e-02 -1.121065e-01
105.000 105.000 2.646874e+00 8.429789e+00 -5.220809e-01 2.838576e+00 2.507041e+00 8.886197e+00 -5.599072e-01 2.796695e+00 3.744945e-01 1.990745e-02 9.492532e-03 -3.158462e-01
105.000 135.000 1.976521e+01 3.962588e+00 6.659962e-01 3.633636e+00 1.900613e+01 4.137261e+00 6.424672e-01 3.686547e+00 2.578539e-01 2.025846e-02 4.545526e-03 1.123216e-01
105.000 165.000 1.979232e+01 1.462569e+01 1.501141e-01 5.800209e+00 2.003760e+01 1.475127e+01 1.519547e-01 5.829716e+00 7.212163e-02 2.090317e-02 -2.238270e-04 1.344640e-02
105.000 195.000 0.000000e+00 5.120974e+00 -1.000000e+00 2.000000e+00 0.000000e+00 4.908792e+00 -1.000000e+00 2.000000e+00 -1.329356e-01 2.119861e-02 0.000000e+00 -4.335079e-01
105.000 225.000 1.024552e+01 4.625607e+00 3.779078e-01 3.570339e+00 1.098718e+01 4.290772e+00 4.383055e-01 3.513244e+00 -3.023728e-01 2.086342e-02 -1.205781e-02 1.905335e-01
105.000 255.000 1.401896e+01 2.573989e+00 6.897490e-01 2.949371e+00 1.485480e+01 2.364052e+00 7.254112e-01 2.856208e+00 -3.907895e-01 2.021744e-02 -8.686037e-03 3.663538e-01
105.000 285.000 8.615154e+00 4.379797e+00 3.259232e-01 3.408013e+00 9.132003e+00 4.067078e+00 3.837332e-01 3.354922e+00 -3.744945e-01 1.990745e-02 -1.208840e-02 2.055174e-01
105.000 315.000 2.609917e+00 1.667120e+01 -7.292774e-01 3.004421e+00 2.683076e+00 1.612258e+01 -7.146521e-01 3.033329e+00 -2.578539e-01 2.025846e-02 -3.425617e-03 -1.569064e-01
105.000 345.000 3.734796e+00 3.380816e+00 4.974703e-02 2.664208e+00 3.636480e+00 3.465535e+00 2.406998e-02 2.664188e+00 -7.212165e-02 2.090317e-02 6.814966e-03 4.574153e-02
135.000 15.000 0.000000e+00 0.000000e+00         -nan         -nan 0.000000e+00 0.000000e+00         -nan         -nan 1.817232e-01 1.974660e-02         -nan         -nan
135.000 45.000 0.000000e+00 0.000000e+00         -nan         -nan 0.000000e+00 0.000000e+00         -nan         -nan 3.480943e-01 1.880875e-02         -nan         -nan
135.000 75.000 0.000000e+00 7.069311e+00 -1.000000e+00 2.000000e+00 0.000000e+00 7.693868e+00 -1.000000e+00 2.000000e+00 4.211938e-01 1.966429e-02 0.000000e+00 -7.105625e-01
135.000 105.000 0.000000e+00 1.700885e+00 -1.000000e+00 2.000000e+00 0.000000e+00 1.789521e+00 -1.000000e+00 2.000000e+00 3.814347e-01 2.134852e-02 0.000000e+00 -6.906780e-01
135.000 135.000 8.578442e+00 1.330146e+01 -2.158611e-01 4.567317e+00 8.197090e+00 1.408219e+01 -2.641512e-01 4.552441e+00 2.394706e-01 2.217923e-02 7.488401e-03 -9.969228e-02
135.000 165.000 3.667163e+00 1.788409e+00 3.443735e-01 2.192847e+00 3.735422e+00 1.751054e+00 3.616836e-01 2.183750e+00 3.334047e-02 2.142435e-02 -5.593387e-03 1.418331e-01
135.000 195.000 3.671711e+00 1.158433e+01 -5.186548e-01 3.339480e+00 3.856559e+00 1.081838e+01 -4.744021e-01 3.372275e+00 -1.817232e-01 1.974660e-02 -9.324235e-03 -1.008917e-01
135.000 225.000 7.027273e+00 0.000000e+00 1.000000e+00 2.000000e+00 7.536007e+00 0.000000e+00 1.000000e+00 2.000000e+00 -3.480943e-01 1.880875e-02 0.000000e+00 6.740173e-01
135.000 255.000 0.000000e+00 4.007819e+00 -1.000000e+00 2.000000e+00 0.000000e+00 3.567949e+00 -1.000000e+00 2.000000e+00 -4.211938e-01 1.966429e-02 0.000000e+00 -2.893891e-01
135.000 285.000 1.321803e+00 9.081487e+00 -7.458875e-01 2.148357e+00 1.405105e+00 8.139511e+00 -7.055712e-01 2.189295e+00 -3.814347e-01 2.134852e-02 -1.314383e-02 -1.696342e-01
135.000 315.000 2.100498e+00 3.586147e+00 -2.612522e-01 2.301851e+00 2.187032e+00 3.428159e+00 -2.210301e-01 2.311031e+00 -2.394706e-01 2.217923e-02 -1.233122e-02 -9.462204e-03
135.000 345.000 9.084762e+00 3.554469e+00 4.375498e-01 3.196788e+00 9.147940e+00 3.563428e+00 4.393321e-01 3.202798e+00 -3.334050e-02 2.142435e-02 -3.938494e-04 1.472978e-01
165.000 15.000 6.654458e+00 2.932239e+00 3.882692e-01 2.853327e+00 6.336930e+00 3.090680e+00 3.443343e-01 2.882675e+00 1.628987e-01 1.624474e-02 1.083201e-02 7.898387e-02
165.000 45.000 5.384477e+00 2.182552e+01 -6.042280e-01 4.156424e+00 4.773219e+00 2.396691e+01 -6.678359e-01 3.990225e+00 3.624727e-01 2.415325e-02 1.103969e-02 -2.325760e-01
165.000 75.000 1.567683e+01 5.636485e+00 4.710832e-01 4.072282e+00 1.354605e+01 6.331570e+00 3.629448e-01 4.154415e+00 4.649225e-01 2.724577e-02 1.858865e-02 1.512803e-03
165.000 105.000 0.000000e+00 2.519166e+00 -1.000000e+00 2.000000e+00 0.000000e+00 2.774787e+00 -1.000000e+00 2.000000e+00 4.427966e-01 2.412044e-02 0.000000e+00 -7.213459e-01
165.000 135.000 3.807006e+00 7.054786e+00 -2.990096e-01 3.144944e+00 3.461627e+00 7.578000e+00 -3.728725e-01 3.082977e+00 3.020238e-01 1.619592e-02 1.677169e-02 -1.911084e-01
165.000 165.000 1.558250e+01 1.854204e+00 7.873217e-01 2.574513e+00 1.512162e+01 1.871837e+00 7.796991e-01 2.581204e+00 8.032391e-02 1.016640e-02 2.090897e-03 2.746121e-01
165.000 195.000 1.777344e+01 0.000000e+00 1.000000e+00 2.000000e+00 1.885915e+01 0.000000e+00 1.000000e+00 2.000000e+00 -1.628987e-01 1.624474e-02 0.000000e+00 5.814302e-01
165.000 225.000 8.415871e+00 2.189815e+00 5.870488e-01 2.636416e+00 9.380195e+00 1.933637e+00 6.581818e-01 2.532320e+00 -3.624727e-01 2.415325e-02 -1.945867e-02 3.601411e-01
165.000 255.000 7.798781e+00 1.132756e+01 -1.844982e-01 4.298288e+00 8.654804e+00 9.756731e+00 -5.984982e-02 4.283175e+00 -4.649225e-01 2.724577e-02 -2.054185e-02 6.523960e-02
165.000 285.000 1.103664e+01 0.000000e+00 1.000000e+00 2.000000e+00 1.233776e+01 0.000000e+00 1.000000e+00 2.000000e+00 -4.427966e-01 2.412045e-02 0.000000e+00 7.213459e-01
165.000 315.000 4.532135e+00 5.726624e+00 -1.164360e-01 3.181144e+00 4.972766e+00 5.354519e+00 -3.696545e-02 3.211413e+00 -3.020238e-01 1.619592e-02 -1.758094e-02 5.833918e-02
165.000 345.000 2.653042e+01 0.000000e+00 1.000000e+00 2.000000e+00 2.680554e+01 0.000000e+00 1.000000e+00 2.000000e+00 -8.032394e-02 1.016640e-02 0.000000e+00 5.401550e-01
195.000 15.000 1.534491e+01 1.996196e+00 7.697729e-01 2.658125e+00 1.526038e+01 2.058432e+00 7.622894e-01 2.693531e+00 8.032391e-02 1.016640e-02 1.977523e-03 2.593723e-01
195.000 45.000 1.071029e+01 2.527473e+00 6.181421e-01 2.860004e+00 9.921795e+00 2.694950e+00 5.727979e-01 2.911567e+00 3.020238e-01 1.619592e-02 1.111030e-02 1.105290e-01
195.000 75.000 0.000000e+00 1.582713e+01 -1.000000e+00 2.000000e+00 0.000000e+00 1.765292e+01 -1.000000e+00 2.000000e+00 4.427966e-01 2.412045e-02 0.000000e+00 -7.213459e-01
195.000 105.000 1.855231e+01 0.000000e+00 1.000000e+00 2.000000e+00 1.588899e+01 0.000000e+00 1.000000e+00 2.000000e+00 4.649225e-01 2.724577e-02 0.000000e+00 2.675139e-01
195.000 135.000 0.000000e+00 9.247206e+00 -1.000000e+00 2.000000e+00 0.000000e+00 1.018553e+01 -1.000000e+00 2.000000e+00 3.624727e-01 2.415325e-02 0.000000e+00 -6.811867e-01
195.000 165.000 0.000000e+00 8.991739e+00 -1.000000e+00 2.000000e+00 0.000000e+00 9.463965e+00 -1.000000e+00 2.000000e+00 1.628987e-01 1.624474e-02 0.000000e+00 -5.814302e-01
195.000 195.000 4.368914e+00 4.070089e+00 3.540992e-02 2.903174e+00 4.347017e+00 3.885216e+00 5.609666e-02 2.864669e+00 -8.032388e-02 1.016640e-02 -5.072053e-03 3.986433e-02
195.000 225.000 2.461622e+00 9.100422e+00 -5.741891e-01 2.783903e+00 2.563522e+00 8.428579e+00 -5.335702e-01 2.804047e+00 -3.020238e-01 1.619592e-02 -1.027987e-02 -9.776228e-02
195.000 255.000 0.000000e+00 2.122116e+00 -1.000000e+00 2.000000e+00 0.000000e+00 1.929923e+00 -1.000000e+00 2.000000e+00 -4.427966e-01 2.412045e-02 0.000000e+00 -2.785814e-01
195.000 285.000 6.253026e+00 0.000000e+00 1.000000e+00 2.000000e+00 7.023955e+00 0.000000e+00 1.000000e+00 2.000000e+00 -4.649225e-01 2.724577e-02 0.000000e+00 7.323933e-01
195.000 315.000 0.000000e+00 3.967785e+00 -1.000000e+00 2.000000e+00 0.000000e+00 3.582661e+00 -1.000000e+00 2.000000e+00 -3.624727e-01 2.415325e-02 0.000000e+00 -3.187404e-01
195.000 345.000 2.503381e+00 8.000252e-01 5.156361e-01 1.557271e+00 2.585746e+00 7.612207e-01 5.451280e-01 1.533743e+00 -1.628987e-01 1.624474e-02 -1.349285e-02 4.356967e-01
225.000 15.000 6.371060e+00 1.929379e+01 -5.035187e-01 4.376987e+00 6.478551e+00 1.892290e+01 -4.899070e-01 4.393732e+00 3.334045e-02 2.142435e-02 -2.194784e-03 -1.226535e-01
225.000 45.000 1.526202e+01 1.350007e+01 6.125927e-02 5.352958e+00 1.430363e+01 1.405599e+01 8.732189e-03 5.325172e+00 2.394706e-01 2.217923e-02 6.956673e-03 -3.329183e-02
225.000 75.000 9.423152e+00 1.128081e+01 -8.972459e-02 4.531808e+00 8.547694e+00 1.229004e+01 -1.795945e-01 4.490615e+00 3.814347e-01 2.134852e-02 1.408646e-02 -1.039660e-01
225.000 105.000 3.418566e+00 6.950726e+00 -3.406366e-01 3.027558e+00 3.104258e+00 7.693501e+00 -4.250181e-01 2.974432e+00 4.211938e-01 1.966430e-02 1.988153e-02 -2.516266e-01
225.000 135.000 1.857056e+00 5.380485e+00 -4.868268e-01 2.349945e+00 1.640667e+00 5.860218e+00 -5.625404e-01 2.264336e+00 3.480943e-01 1.880875e-02 2.320117e-02 -3.552825e-01
225.000 165.000 1.400375e+01 5.266972e-01 9.275043e-01 1.424929e+00 1.328050e+01 5.528591e-01 9.200687e-01 1.457071e+00 1.817232e-01 1.974660e-02 3.648466e-03 5.233310e-01
225.000 195.000 3.336506e+00 2.181280e-04 9.998693e-01 2.953735e-02 3.308654e+00 2.215691e-04 9.998661e-01 2.976940e-02 -3.334043e-02 2.142435e-02 7.583588e-05 2.831554e+01
225.000 225.000 2.382539e+00 1.691470e+01 -7.530694e-01 2.890245e+00 2.493945e+00 1.613055e+01 -7.321866e-01 2.939380e+00 -2.394705e-01 2.217923e-02 -5.065792e-03 -1.776956e-01
225.000 255.000 0.000000e+00 1.441850e+01 -1.000000e+00 2.000000e+00 0.000000e+00 1.326205e+01 -1.000000e+00 2.000000e+00 -3.814347e-01 2.134852e-02 0.000000e+00 -3.092650e-01
225.000 285.000 1.501902e+01 1.142512e+01 1.359053e-01 5.094674e+00 1.618976e+01 1.020017e+01 2.269652e-01 5.003049e+00 -4.211938e-01 1.966430e-02 -1.275266e-02 1.093485e-01
225.000 315.000 0.000000e+00 2.360288e+00 -1.000000e+00 2.000000e+00 0.000000e+00 2.152438e+00 -1.000000e+00 2.000000e+00 -3.480943e-01 1.880875e-02 0.000000e+00 -3.259384e-01
225.000 345.000 1.001715e+01 1.494535e+01 -1.974242e-01 4.897913e+00 1.054879e+01 1.416576e+01 -1.463498e-01 4.917846e+00 -1.817232e-01 1.974660e-02 -7.358570e-03 -3.205621e-03
255.000 15.000 1.277830e+01 1.374444e+01 -3.642654e-02 5.146606e+00 1.291277e+01 1.377524e+01 -3.231686e-02 5.163346e+00 7.212159e-02 2.090316e-02 -5.637231e-04 -2.109104e-02
255.000 45.000 0.000000e+00 1.327086e+01 -1.000000e+00 2.000000e+00 0.000000e+00 1.391507e+01 -1.000000e+00 2.000000e+00 2.578539e-01 2.025846e-02 0.000000e+00 -6.288947e-01
255.000 75.000 8.987585e+00 1.199512e+01 -1.433339e-01 4.533390e+00 8.238140e+00 1.278599e+01 -2.163158e-01 4.476646e+00 3.744945e-01 1.990745e-02 1.145500e-02 -1.142243e-01
255.000 105.000 8.979743e+00 1.378839e+01 -2.112007e-01 4.663962e+00 8.232632e+00 1.486743e+01 -2.872200e-01 4.603739e+00 3.907895e-01 2.021745e-02 1.160000e-02 -1.290715e-01
255.000 135.000 6.473514e+00 2.817059e+00 3.935661e-01 2.802056e+00 6.058543e+00 2.957540e+00 3.439412e-01 2.819489e+00 3.023729e-01 2.086342e-02 1.248409e-02 3.254423e-02
255.000 165.000 9.944878e+00 7.925752e+00 1.129857e-01 4.200297e+00 9.438860e+00 8.376221e+00 5.964827e-02 4.213276e+00 1.329356e-01 2.119861e-02 8.965334e-03 -4.749581e-03
255.000 195.000 3.770685e+00 8.317057e+00 -3.761142e-01 3.221457e+00 3.763154e+00 8.428570e+00 -3.826708e-01 3.225896e+00 -7.212157e-02 2.090316e-02 1.438165e-03 -9.436297e-02
255.000 225.000 7.814311e+00 1.178818e+01 -2.027227e-01 4.335539e+00 8.118773e+00 1.136434e+01 -1.665836e-01 4.352293e+00 -2.578539e-01 2.025846e-02 -5.882748e-03 1.271597e-02
255.000 255.000 3.110605e+00 1.016367e+01 -5.313335e-01 3.086543e+00 3.297317e+00 9.423286e+00 -4.815785e-01 3.125775e+00 -3.744944e-01 1.990745e-02 -1.132633e-02 -5.081277e-02
255.000 285.000 1.333253e+00 4.081515e+00 -5.075493e-01 2.004966e+00 1.450498e+00 3.745309e+00 -4.416660e-01 2.045059e+00 -3.907895e-01 2.021745e-02 -2.300442e-02 -5.823230e-02
255.000 315.000 5.038450e+00 7.513595e+00 -1.971906e-01 3.473323e+00 5.329074e+00 6.943767e+00 -1.315663e-01 3.472809e+00 -3.023729e-01 2.086342e-02 -1.336093e-02 3.028235e-02
255.000 345.000 2.609711e+00 4.200086e+00 -2.335422e-01 2.537396e+00 2.737891e+00 3.917466e+00 -1.772370e-01 2.538955e+00 -1.329357e-01 2.119861e-02 -1.568598e-02 -3.964815e-02
285.000 15.000 1.450733e+01 1.178368e+01 1.035965e-01 5.099887e+00 1.454892e+01 1.187802e+01 1.010673e-01 5.114392e+00 1.357082e-01 2.119861e-02 3.501731e-04 -6.296495e-03
285.000 45.000 0.000000e+00 0.000000e+00         -nan         -nan 0.000000e+00 0.000000e+00         -nan         -nan 3.321240e-01 2.086342e-02         -nan         -nan
285.000 75.000 1.571068e+01 0.000000e+00 1.000000e+00 2.000000e+00 1.458086e+01 0.000000e+00 1.000000e+00 2.000000e+00 4.395474e-01 2.021744e-02 0.000000e+00 2.802120e-01
285.000 105.000 2.405018e+00 6.065327e+00 -4.321321e-01 2.624616e+00 2.257135e+00 6.361787e+00 -4.762374e-01 2.581498e+00 4.291945e-01 1.990745e-02 1.198055e-02 -3.281630e-01
285.000 135.000 1.221833e+01 2.352754e+00 6.770653e-01 2.809172e+00 1.140833e+01 2.494225e+00 6.411847e-01 2.861288e+00 3.038392e-01 2.025846e-02 8.948252e-03 1.328564e-01
285.000 165.000 2.052607e+01 5.610952e+00 5.706510e-01 4.198296e+00 1.965070e+01 5.800350e+00 5.441957e-01 4.232464e+00 9.707051e-02 2.090317e-02 4.437697e-03 1.128016e-01
285.000 195.000 2.071153e+00 5.934434e+00 -4.825732e-01 2.478159e+00 2.044374e+00 5.999527e+00 -4.916959e-01 2.469649e+00 -1.357082e-01 2.119861e-02 2.607497e-03 -1.399637e-01
285.000 225.000 8.788641e+00 3.674867e+00 4.102998e-01 3.219523e+00 9.092839e+00 3.507483e+00 4.432709e-01 3.181901e+00 -3.321239e-01 2.086342e-02 -7.283915e-03 2.305957e-01
285.000 255.000 9.479380e+00 1.425410e+01 -2.011810e-01 4.772096e+00 9.934273e+00 1.333745e+01 -1.462365e-01 4.772217e+00 -4.395474e-01 2.021744e-02 -8.141315e-03 4.994960e-02
285.000 285.000 4.263202e+00 0.000000e+00 1.000000e+00 2.000000e+00 4.460413e+00 0.000000e+00 1.000000e+00 2.000000e+00 -4.291945e-01 1.990745e-02 0.000000e+00 7.145618e-01
285.000 315.000 0.000000e+00 7.806576e+00 -1.000000e+00 2.000000e+00 0.000000e+00 7.372951e+00 -1.000000e+00 2.000000e+00 -3.038392e-01 2.025846e-02 0.000000e+00 -3.480625e-01
285.000 345.000 1.326129e+01 0.000000e+00 1.000000e+00 2.000000e+00 1.382700e+01 0.000000e+00 1.000000e+00 2.000000e+00 -9.707053e-02 2.090317e-02 0.000000e+00 5.485053e-01
315.000 15.000 0.000000e+00 2.535743e+00 -1.000000e+00 2.000000e+00 0.000000e+00 2.525967e+00 -1.000000e+00 2.000000e+00 1.597243e-01 1.974660e-02 0.000000e+00 -5.798339e-01
315.000 45.000 6.160902e+00 3.142469e+00 3.244451e-01 2.885144e+00 6.005804e+00 3.158211e+00 3.107364e-01 2.877354e+00 3.858543e-01 1.880875e-02 3.364343e-03 -2.128415e-02
315.000 75.000 0.000000e+00 1.235635e+01 -1.000000e+00 2.000000e+00 0.000000e+00 1.283529e+01 -1.000000e+00 2.000000e+00 5.085949e-01 1.966429e-02 0.000000e+00 -7.542610e-01
315.000 105.000 0.000000e+00 8.908960e+00 -1.000000e+00 2.000000e+00 0.000000e+00 9.255896e+00 -1.000000e+00 2.000000e+00 4.950579e-01 2.134852e-02 0.000000e+00 -7.474864e-01
315.000 135.000 0.000000e+00 0.000000e+00         -nan         -nan 0.000000e+00 0.000000e+00         -nan         -nan 3.488706e-01 2.217924e-02         -nan         -nan
315.000 165.000 0.000000e+00 2.045722e+00 -1.000000e+00 2.000000e+00 0.000000e+00 2.103902e+00 -1.000000e+00 2.000000e+00 1.092037e-01 2.142435e-02 0.000000e+00 -5.545700e-01
315.000 195.000 0.000000e+00 7.897221e+00 -1.000000e+00 2.000000e+00 0.000000e+00 7.977827e+00 -1.000000e+00 2.000000e+00 -1.597243e-01 1.974660e-02 0.000000e+00 -4.201174e-01
315.000 225.000 3.701692e+00 2.785142e+00 1.412940e-01 2.521375e+00 3.739077e+00 2.735274e+00 1.550430e-01 2.513706e+00 -3.858542e-01 1.880875e-02 -3.861721e-03 2.090659e-01
315.000 255.000 0.000000e+00 0.000000e+00         -nan         -nan 0.000000e+00 0.000000e+00         -nan         -nan -5.085949e-01 1.966429e-02         -nan         -nan
315.000 285.000 0.000000e+00 6.962304e+00 -1.000000e+00 2.000000e+00 0.000000e+00 6.483913e+00 -1.000000e+00 2.000000e+00 -4.950579e-01 2.134852e-02 0.000000e+00 -2.524567e-01
315.000 315.000 2.958339e-04 0.000000e+00 1.000000e+00 2.000000e+00 3.013599e-04 0.000000e+00 1.000000e+00 2.000000e+00 -3.488706e-01 2.217924e-02 0.000000e+00 6.743938e-01
315.000 345.000 0.000000e+00 2.967037e+00 -1.000000e+00 2.000000e+00 0.000000e+00 2.850345e+00 -1.000000e+00 2.000000e+00 -1.092037e-01 2.142435e-02 0.000000e+00 -4.453726e-01
345.000 15.000 0.000000e+00 0.000000e+00         -nan         -nan 0.000000e+00 0.000000e+00         -nan         -nan 1.519008e-01 1.624474e-02         -nan         -nan
345.000 45.000 0.000000e+00 0.000000e+00         -nan         -nan 0.000000e+00 0.000000e+00         -nan         -nan 3.981238e-01 2.415325e-02         -nan         -nan
345.000 75.000 6.191385e-01 0.000000e+00 1.000000e+00 2.000000e+00 6.113525e-01 0.000000e+00 1.000000e+00 2.000000e+00 5.376699e-01 2.724576e-02 0.000000e+00 2.311436e-01
345.000 105.000 3.049747e+00 0.000000e+00 1.000000e+00 2.000000e+00 2.909655e+00 0.000000e+00 1.000000e+00 2.000000e+00 5.331477e-01 2.412044e-02 0.000000e+00 2.334092e-01
345.000 135.000 0.000000e+00 4.503784e+00 -1.000000e+00 2.000000e+00 0.000000e+00 4.693775e+00 -1.000000e+00 2.000000e+00 3.857691e-01 1.619592e-02 0.000000e+00 -6.928618e-01
345.000 165.000 0.000000e+00 3.398409e+00 -1.000000e+00 2.000000e+00 0.000000e+00 3.421388e+00 -1.000000e+00 2.000000e+00 1.350239e-01 1.016640e-02 0.000000e+00 -5.675046e-01
345.000 195.000 5.884790e+00 0.000000e+00 1.000000e+00 2.000000e+00 5.882801e+00 0.000000e+00 1.000000e+00 2.000000e+00 -1.519008e-01 1.624474e-02 0.000000e+00 5.759314e-01
345.000 225.000 0.000000e+00 5.282434e+00 -1.000000e+00 2.000000e+00 0.000000e+00 5.303466e+00 -1.000000e+00 2.000000e+00 -3.981238e-01 2.415325e-02 0.000000e+00 -3.009161e-01
345.000 255.000 2.089375e+00 0.000000e+00 1.000000e+00 2.000000e+00 2.104778e+00 0.000000e+00 1.000000e+00 2.000000e+00 -5.376699e-01 2.724576e-02 0.000000e+00 7.687636e-01
345.000 285.000 2.577048e+00 0.000000e+00 1.000000e+00 2.000000e+00 2.681494e+00 0.000000e+00 1.000000e+00 2.000000e+00 -5.331477e-01 2.412044e-02 0.000000e+00 7.665181e-01
345.000 315.000 0.000000e+00 1.590222e+01 -1.000000e+00 2.000000e+00 0.000000e+00 1.538728e+01 -1.000000e+00 2.000000e+00 -3.857691e-01 1.619592e-02 0.000000e+00 -3.071054e-01
345.000 345.000 0.000000e+00 3.331232e+00 -1.000000e+00 2.000000e+00 0.000000e+00 3.170022e+00 -1.000000e+00 2.000000e+00 -1.350240e-01 1.016640e-02 0.000000e+00 -4.324824e-01
