  #t  #Q2   A1M1_AVG      A_1M1     dA_1M1   A0P1_AVG      A_0P1     dA_0P1   A2M1_AVG      A_2M1     dA_2M1   A3M1_AVG      A_3M1     dA_3M1   A1P1_AVG      A_1P1     dA_1P1       Asym      Astat          t         tp         xb         Q2          W     Dilute
   7    0 -7.011e-02 -5.813e-02 2.4254e-03  3.993e-01  3.730e-01 2.3623e-03 -1.596e-02  5.386e-03 2.3847e-03 -3.173e-03 -1.010e-02 2.3403e-03  4.656e-02  5.057e-02 2.3270e-03 -8.0107e-02 1.1434e-02 1.0736e+00 1.7948e-01 5.8946e-01 7.2163e+00 2.4375e+00 4.7525e-01
   Phi   PhiS      N_U_avg      N_D_avg     Asym_avg    dAsym_avg      N_U_fit      N_D_fit     Asym_fit    dAsym_fit     Asym_cal    dAsym_cal     GOOD_fit     GOOD_cal
15.000 15.000 2.817150e+01 4.285395e+01 -2.067210e-01 8.245622e+00 2.827569e+01 4.258381e+01 -2.019225e-01 8.244415e+00 1.181685e-01 1.864872e-03 -4.115312e-04 -3.940146e-02
15.000 45.000 1.743893e+01 3.946736e+01 -3.871001e-01 6.955507e+00 1.760982e+01 3.909328e+01 -3.788762e-01 6.968754e+00 3.352167e-01 2.950087e-03 -8.352555e-04 -1.038482e-01
15.000 75.000 0.000000e+00 2.316947e+01 -1.000000e+00 2.000000e+00 0.000000e+00 2.301617e+01 -1.000000e+00 2.000000e+00 4.624439e-01 4.387043e-03 0.000000e+00 -7.312202e-01
15.000 105.000 7.459979e+00 2.187670e+01 -4.914230e-01 4.717199e+00 7.507490e+00 2.177771e+01 -4.872844e-01 4.725626e+00 4.657596e-01 4.956209e-03 -6.198245e-04 -2.029132e-01
15.000 135.000 4.000383e+01 3.037923e+01 1.367460e-01 8.310652e+00 4.053193e+01 3.015520e+01 1.467980e-01 8.316480e+00 3.442754e-01 4.397584e-03 -8.549697e-04 -2.497149e-02
15.000 165.000 2.012866e+01 5.052645e+01 -4.302277e-01 7.587960e+00 2.014608e+01 5.050137e+01 -4.296728e-01 7.589770e+00 1.305429e-01 2.965740e-03 -5.170543e-05 -7.390268e-02
15.000 195.000 0.000000e+00 1.684019e+01 -1.000000e+00 2.000000e+00 0.000000e+00 1.690278e+01 -1.000000e+00 2.000000e+00 -1.181685e-01 1.864872e-03 0.000000e+00 -4.409156e-01
15.000 225.000 2.757120e+01 1.748050e+01 2.239805e-01 6.541527e+00 2.739842e+01 1.763842e+01 2.167116e-01 6.551468e+00 -3.352167e-01 2.950087e-03 7.851338e-04 8.548420e-02
15.000 255.000 6.787356e+01 4.157685e+01 2.402614e-01 1.015541e+01 6.744960e+01 4.231373e+01 2.290006e-01 1.019839e+01 -4.624439e-01 4.387042e-03 7.824171e-04 6.919518e-02
15.000 285.000 2.369524e+01 1.737006e+01 1.540275e-01 6.331749e+00 2.356409e+01 1.743911e+01 1.493781e-01 6.331529e+00 -4.657596e-01 4.956209e-03 5.192388e-04 9.788557e-02
15.000 315.000 6.002650e+01 3.100880e+01 3.187521e-01 9.043553e+00 5.955449e+01 3.123694e+01 3.118967e-01 9.053136e+00 -3.442754e-01 4.397584e-03 5.357303e-04 7.331493e-02
15.000 345.000 4.889834e+01 3.643161e+01 1.461003e-01 9.138302e+00 4.887792e+01 3.646046e+01 1.455086e-01 9.139559e+00 -1.305429e-01 2.965740e-03 4.578262e-05 3.027293e-02
45.000 15.000 5.836025e+01 2.715114e+01 3.649702e-01 8.609355e+00 5.753962e+01 2.715931e+01 3.586859e-01 8.590805e+00 1.077250e-01 3.913983e-03 5.166982e-04 2.987972e-02
45.000 45.000 3.002017e+01 7.752381e+01 -4.417136e-01 9.303815e+00 3.032024e+01 7.682540e+01 -4.340369e-01 9.325271e+00 3.080293e-01 4.065164e-03 -5.827726e-04 -8.058445e-02
45.000 75.000 1.853804e+01 7.101498e+01 -5.859873e-01 7.668259e+00 1.889730e+01 7.000056e+01 -5.748536e-01 7.714984e+00 4.257974e-01 3.902201e-03 -1.023542e-03 -1.319445e-01
45.000 105.000 3.424054e+01 1.069403e+02 -5.149407e-01 1.018552e+01 3.508222e+01 1.051525e+02 -4.996644e-01 1.025783e+01 4.294734e-01 3.566860e-03 -1.056766e-03 -9.272126e-02
45.000 135.000 5.996376e+01 1.153070e+01 6.774378e-01 6.219653e+00 6.103039e+01 1.136716e+01 6.859796e-01 6.191089e+00 3.180724e-01 3.393552e-03 -9.733324e-04 5.777902e-02
45.000 165.000 5.036267e+01 4.422780e+01 6.485715e-02 9.705286e+00 5.083343e+01 4.389553e+01 7.323943e-02 9.706742e+00 1.214441e-01 3.579746e-03 -6.106699e-04 -5.830529e-03
45.000 195.000 2.264665e+01 2.479352e+01 -4.525413e-02 6.880626e+00 2.319249e+01 2.477910e+01 -3.307404e-02 6.922364e+00 -1.077250e-01 3.913983e-03 -1.247930e-03 9.079241e-03
45.000 225.000 5.100947e+01 2.983888e+01 2.618555e-01 8.677829e+00 5.049862e+01 3.023561e+01 2.509842e-01 8.697617e+00 -3.080293e-01 4.065164e-03 8.848307e-04 6.567134e-02
45.000 255.000 2.181486e+01 2.705215e+01 -1.071743e-01 6.950230e+00 2.149021e+01 2.757114e+01 -1.239455e-01 6.950370e+00 -4.257974e-01 3.902201e-03 1.706259e-03 4.584352e-02
45.000 285.000 1.044252e+02 6.103681e+01 2.622259e-01 1.241308e+01 1.027445e+02 6.259353e+01 2.428415e-01 1.247348e+01 -4.294734e-01 3.566860e-03 1.101541e-03 5.572344e-02
45.000 315.000 1.930261e+01 4.315361e+01 -3.818834e-01 7.303966e+00 1.905123e+01 4.396849e+01 -3.953884e-01 7.291620e+00 -3.180724e-01 3.393552e-03 1.308539e-03 -8.736491e-03
45.000 345.000 3.320752e+01 9.538287e+01 -4.835147e-01 9.926112e+00 3.276012e+01 9.739531e+01 -4.966000e-01 9.902404e+00 -1.214441e-01 3.579746e-03 9.332710e-04 -3.647657e-02
75.000 15.000 8.961447e+01 9.555375e+01 -3.207502e-02 1.360065e+01 8.911336e+01 9.606878e+01 -3.755992e-02 1.359856e+01 1.056259e-01 3.796488e-03 2.851855e-04 -1.012458e-02
75.000 45.000 9.047263e+01 1.094089e+02 -9.473752e-02 1.407436e+01 9.031902e+01 1.096077e+02 -9.647853e-02 1.407358e+01 2.836832e-01 3.691601e-03 8.747211e-05 -2.688724e-02
75.000 75.000 4.409478e+01 1.588633e+02 -5.654789e-01 1.174985e+01 4.468642e+01 1.587021e+02 -5.605806e-01 1.180989e+01 3.857278e-01 3.638059e-03 -2.940286e-04 -8.095481e-02
75.000 105.000 8.531710e+01 1.474381e+02 -2.668941e-01 1.470291e+01 8.626041e+01 1.461770e+02 -2.577752e-01 1.473066e+01 3.844170e-01 3.691671e-03 -4.381427e-04 -4.429812e-02
75.000 135.000 9.525158e+01 1.085114e+02 -6.507489e-02 1.424430e+01 9.704630e+01 1.071967e+02 -4.969756e-02 1.427370e+01 2.801019e-01 3.796555e-03 -7.625645e-04 -2.423262e-02
75.000 165.000 8.400539e+01 8.342324e+01 3.477033e-03 1.293934e+01 8.510428e+01 8.227613e+01 1.689652e-02 1.293571e+01 1.007338e-01 3.847893e-03 -7.334483e-04 -7.516357e-03
75.000 195.000 1.164417e+02 1.096984e+02 2.981915e-02 1.503127e+01 1.176403e+02 1.090330e+02 3.797223e-02 1.504482e+01 -1.056259e-01 3.796488e-03 -3.833676e-04 9.010886e-03
75.000 225.000 1.172678e+02 7.356334e+01 2.290217e-01 1.344700e+01 1.168917e+02 7.329876e+01 2.292067e-01 1.342381e+01 -2.836832e-01 3.691601e-03 -9.739392e-06 3.812782e-02
75.000 255.000 8.798887e+01 1.112084e+02 -1.165657e-01 1.401751e+01 8.721534e+01 1.113639e+02 -1.216068e-01 1.398723e+01 -3.857278e-01 3.638059e-03 2.545752e-04 1.920184e-02
75.000 285.000 6.067341e+01 3.900517e+01 2.173812e-01 9.745169e+00 5.987186e+01 3.980224e+01 2.013523e-01 9.779215e+00 -3.844170e-01 3.691671e-03 1.161019e-03 6.175348e-02
75.000 315.000 9.483840e+01 9.075222e+01 2.201716e-02 1.361986e+01 9.333243e+01 9.265930e+01 3.619112e-03 1.363779e+01 -2.801019e-01 3.796555e-03 9.545488e-04 2.218224e-02
75.000 345.000 9.688853e+01 8.978752e+01 3.803922e-02 1.365306e+01 9.550950e+01 9.128139e+01 2.263552e-02 1.366364e+01 -1.007338e-01 3.847893e-03 7.974653e-04 1.016424e-02
105.000 15.000 1.305138e+02 1.242758e+02 2.448268e-02 1.595735e+01 1.296986e+02 1.255573e+02 1.622410e-02 1.597463e+01 8.955727e-02 3.847893e-03 3.657584e-04 -4.078033e-03
105.000 45.000 1.288423e+02 1.293420e+02 -1.935244e-03 1.606809e+01 1.276374e+02 1.303377e+02 -1.046703e-02 1.606072e+01 2.501878e-01 3.796556e-03 3.755434e-04 -1.569092e-02
105.000 75.000 1.173032e+02 1.617818e+02 -1.593730e-01 1.649231e+01 1.160926e+02 1.632797e+02 -1.689040e-01 1.647429e+01 3.437807e-01 3.691671e-03 4.088650e-04 -3.050838e-02
105.000 105.000 8.758652e+01 1.416289e+02 -2.357711e-01 1.471305e+01 8.689443e+01 1.422377e+02 -2.415344e-01 1.468894e+01 3.452578e-01 3.638059e-03 2.772141e-04 -3.949072e-02
105.000 135.000 9.374060e+01 1.353102e+02 -1.814863e-01 1.488309e+01 9.348847e+01 1.355903e+02 -1.837877e-01 1.487753e+01 2.542234e-01 3.691601e-03 1.093639e-04 -2.927548e-02
105.000 165.000 1.112914e+02 1.560826e+02 -1.675227e-01 1.612050e+01 1.115262e+02 1.556462e+02 -1.651368e-01 1.612100e+01 9.507005e-02 3.796488e-03 -1.046520e-04 -1.628937e-02
105.000 195.000 1.757312e+02 1.374646e+02 1.221812e-01 1.756475e+01 1.765503e+02 1.363809e+02 1.283651e-01 1.754351e+01 -8.955725e-02 3.847893e-03 -2.490941e-04 1.205474e-02
105.000 225.000 1.289147e+02 1.104942e+02 7.694160e-02 1.542698e+01 1.298761e+02 1.097365e+02 8.405103e-02 1.542465e+01 -2.501878e-01 3.796556e-03 -3.258907e-04 2.120502e-02
105.000 255.000 1.345801e+02 1.027560e+02 1.340885e-01 1.526659e+01 1.351950e+02 1.016351e+02 1.417045e-01 1.523399e+01 -3.437807e-01 3.691671e-03 -3.531285e-04 3.130162e-02
105.000 285.000 1.244985e+02 1.337470e+02 -3.581298e-02 1.605971e+01 1.250545e+02 1.292316e+02 -1.642689e-02 1.594420e+01 -3.452578e-01 3.638059e-03 -8.566420e-04 1.926839e-02
105.000 315.000 1.470159e+02 6.858778e+01 3.637606e-01 1.367752e+01 1.471386e+02 6.845552e+01 3.649592e-01 1.367033e+01 -2.542234e-01 3.691601e-03 -6.198269e-05 4.518245e-02
105.000 345.000 1.298474e+02 9.621489e+01 1.487754e-01 1.486804e+01 1.294163e+02 9.656895e+01 1.453519e-01 1.487316e+01 -9.507007e-02 3.796488e-03 1.627921e-04 1.640065e-02
135.000 15.000 2.807845e+01 2.968913e+01 -2.788213e-02 7.597544e+00 2.808427e+01 2.969581e+01 -2.789096e-02 7.598364e+00 6.122997e-02 3.579746e-03 8.222257e-07 -1.172907e-02
135.000 45.000 2.500582e+01 1.975416e+01 1.173294e-01 6.644081e+00 2.470840e+01 1.992710e+01 1.071188e-01 6.642540e+00 2.018124e-01 3.393552e-03 1.086811e-03 -1.271552e-02
135.000 75.000 1.606728e+01 1.535165e+01 2.277716e-02 5.603805e+00 1.573773e+01 1.566146e+01 2.429166e-03 5.603481e+00 2.883193e-01 3.566860e-03 2.567652e-03 -4.738603e-02
135.000 105.000 1.238717e+01 3.690993e+01 -4.974482e-01 6.090838e+00 1.206118e+01 3.759378e+01 -5.142005e-01 6.043681e+00 2.975713e-01 3.902201e-03 1.952379e-03 -1.305271e-01
135.000 135.000 2.561456e+01 4.734874e+01 -2.978782e-01 8.154089e+00 2.499172e+01 4.830303e+01 -3.180488e-01 8.116687e+00 2.270893e-01 4.065164e-03 1.753176e-03 -6.438088e-02
135.000 165.000 1.518106e+01 1.322069e+01 6.902270e-02 5.316619e+00 1.496005e+01 1.337473e+01 5.594963e-02 5.314705e+00 9.575895e-02 3.913983e-03 1.739022e-03 -5.028805e-03
135.000 195.000 3.533304e+01 1.580686e+01 3.818189e-01 6.609421e+00 3.527795e+01 1.578283e+01 3.818021e-01 6.604355e+00 -6.122996e-02 3.579746e-03 1.793653e-06 6.703292e-02
135.000 225.000 2.338378e+01 1.890056e+01 1.060254e-01 6.465988e+00 2.361410e+01 1.872060e+01 1.155909e-01 6.462898e+00 -2.018123e-01 3.393552e-03 -1.046313e-03 4.760876e-02
135.000 255.000 2.532154e+01 2.183694e+01 7.389119e-02 6.848431e+00 2.583460e+01 2.132169e+01 9.570118e-02 6.835525e+00 -2.883193e-01 3.566860e-03 -2.254024e-03 5.288955e-02
135.000 285.000 3.211020e+01 2.223612e+01 1.816881e-01 7.249297e+00 3.279601e+01 2.159353e+01 2.059674e-01 7.216800e+00 -2.975713e-01 3.902201e-03 -2.373557e-03 6.611114e-02
135.000 315.000 2.531411e+01 2.496103e+01 7.022908e-03 7.090321e+00 2.577673e+01 2.426801e+01 3.014750e-02 7.071015e+00 -2.270893e-01 4.065164e-03 -2.309321e-03 3.301856e-02
135.000 345.000 3.744205e+01 2.420992e+01 2.146263e-01 7.668899e+00 3.787642e+01 2.392837e+01 2.256791e-01 7.658786e+00 -9.575896e-02 3.913983e-03 -1.019796e-03 4.047324e-02
165.000 15.000 0.000000e+00 0.000000e+00 -1.000000e+01 0.000000e+00 0.000000e+00 0.000000e+00 -1.000000e+01 0.000000e+00 5.491917e-02 2.965740e-03 -1.000000e+01 -3.390358e+03
165.000 45.000 0.000000e+00 0.000000e+00 -1.000000e+01 0.000000e+00 0.000000e+00 0.000000e+00 -1.000000e+01 0.000000e+00 1.728213e-01 4.397584e-03 -1.000000e+01 -2.313275e+03
165.000 75.000 0.000000e+00 0.000000e+00 -1.000000e+01 0.000000e+00 0.000000e+00 0.000000e+00 -1.000000e+01 0.000000e+00 2.444161e-01 4.956209e-03 -1.000000e+01 -2.066986e+03
165.000 105.000 2.712283e+00 0.000000e+00 1.000000e+00 2.000000e+00 2.633860e+00 0.000000e+00 1.000000e+00 2.000000e+00 2.505198e-01 4.387042e-03 0.000000e+00 3.747392e-01
165.000 135.000 0.000000e+00 0.000000e+00 -1.000000e+01 0.000000e+00 0.000000e+00 0.000000e+00 -1.000000e+01 0.000000e+00 1.894969e-01 2.950087e-03 -1.000000e+01 -3.453965e+03
165.000 165.000 0.000000e+00 0.000000e+00 -1.000000e+01 0.000000e+00 0.000000e+00 0.000000e+00 -1.000000e+01 0.000000e+00 7.769852e-02 1.864872e-03 -1.000000e+01 -5.403963e+03
165.000 195.000 0.000000e+00 0.000000e+00 -1.000000e+01 0.000000e+00 0.000000e+00 0.000000e+00 -1.000000e+01 0.000000e+00 -5.491915e-02 2.965740e-03 -1.000000e+01 -3.353322e+03
165.000 225.000 0.000000e+00 0.000000e+00 -1.000000e+01 0.000000e+00 0.000000e+00 0.000000e+00 -1.000000e+01 0.000000e+00 -1.728213e-01 4.397584e-03 -1.000000e+01 -2.234677e+03
165.000 255.000 0.000000e+00 0.000000e+00 -1.000000e+01 0.000000e+00 0.000000e+00 0.000000e+00 -1.000000e+01 0.000000e+00 -2.444161e-01 4.956209e-03 -1.000000e+01 -1.968356e+03
165.000 285.000 0.000000e+00 0.000000e+00 -1.000000e+01 0.000000e+00 0.000000e+00 0.000000e+00 -1.000000e+01 0.000000e+00 -2.505198e-01 4.387043e-03 -1.000000e+01 -2.222335e+03
165.000 315.000 0.000000e+00 0.000000e+00 -1.000000e+01 0.000000e+00 0.000000e+00 0.000000e+00 -1.000000e+01 0.000000e+00 -1.894969e-01 2.950087e-03 -1.000000e+01 -3.325496e+03
165.000 345.000 0.000000e+00 0.000000e+00 -1.000000e+01 0.000000e+00 0.000000e+00 0.000000e+00 -1.000000e+01 0.000000e+00 -7.769853e-02 1.864872e-03 -1.000000e+01 -5.320634e+03
195.000 15.000 0.000000e+00 0.000000e+00 -1.000000e+01 0.000000e+00 0.000000e+00 0.000000e+00 -1.000000e+01 0.000000e+00 7.769850e-02 1.864871e-03 -1.000000e+01 -5.403965e+03
195.000 45.000 0.000000e+00 0.000000e+00 -1.000000e+01 0.000000e+00 0.000000e+00 0.000000e+00 -1.000000e+01 0.000000e+00 1.894969e-01 2.950087e-03 -1.000000e+01 -3.453965e+03
195.000 75.000 0.000000e+00 0.000000e+00 -1.000000e+01 0.000000e+00 0.000000e+00 0.000000e+00 -1.000000e+01 0.000000e+00 2.505198e-01 4.387043e-03 -1.000000e+01 -2.336544e+03
195.000 105.000 0.000000e+00 0.000000e+00 -1.000000e+01 0.000000e+00 0.000000e+00 0.000000e+00 -1.000000e+01 0.000000e+00 2.444161e-01 4.956209e-03 -1.000000e+01 -2.066986e+03
195.000 135.000 0.000000e+00 0.000000e+00 -1.000000e+01 0.000000e+00 0.000000e+00 0.000000e+00 -1.000000e+01 0.000000e+00 1.728213e-01 4.397584e-03 -1.000000e+01 -2.313275e+03
195.000 165.000 0.000000e+00 0.000000e+00 -1.000000e+01 0.000000e+00 0.000000e+00 0.000000e+00 -1.000000e+01 0.000000e+00 5.491918e-02 2.965739e-03 -1.000000e+01 -3.390358e+03
195.000 195.000 0.000000e+00 0.000000e+00 -1.000000e+01 0.000000e+00 0.000000e+00 0.000000e+00 -1.000000e+01 0.000000e+00 -7.769849e-02 1.864871e-03 -1.000000e+01 -5.320636e+03
195.000 225.000 0.000000e+00 0.000000e+00 -1.000000e+01 0.000000e+00 0.000000e+00 0.000000e+00 -1.000000e+01 0.000000e+00 -1.894969e-01 2.950087e-03 -1.000000e+01 -3.325497e+03
195.000 255.000 0.000000e+00 0.000000e+00 -1.000000e+01 0.000000e+00 0.000000e+00 0.000000e+00 -1.000000e+01 0.000000e+00 -2.505198e-01 4.387043e-03 -1.000000e+01 -2.222335e+03
195.000 285.000 0.000000e+00 0.000000e+00 -1.000000e+01 0.000000e+00 0.000000e+00 0.000000e+00 -1.000000e+01 0.000000e+00 -2.444161e-01 4.956209e-03 -1.000000e+01 -1.968356e+03
195.000 315.000 0.000000e+00 0.000000e+00 -1.000000e+01 0.000000e+00 0.000000e+00 0.000000e+00 -1.000000e+01 0.000000e+00 -1.728213e-01 4.397584e-03 -1.000000e+01 -2.234677e+03
195.000 345.000 0.000000e+00 0.000000e+00 -1.000000e+01 0.000000e+00 0.000000e+00 0.000000e+00 -1.000000e+01 0.000000e+00 -5.491920e-02 2.965740e-03 -1.000000e+01 -3.353322e+03
225.000 15.000 2.884830e+01 3.109013e+01 -3.740208e-02 7.736574e+00 2.842480e+01 3.144522e+01 -5.044971e-02 7.727719e+00 9.575893e-02 3.913983e-03 1.193209e-03 -1.721188e-02
225.000 45.000 2.584040e+01 2.376131e+01 4.191579e-02 7.036658e+00 2.525812e+01 2.425777e+01 2.020266e-02 7.035317e+00 2.270893e-01 4.065164e-03 2.182139e-03 -2.631554e-02
225.000 75.000 2.073704e+01 2.375565e+01 -6.784503e-02 6.654914e+00 2.018680e+01 2.424030e+01 -9.123919e-02 6.637564e+00 2.975713e-01 3.902201e-03 2.488950e-03 -5.490923e-02
225.000 105.000 2.519653e+01 3.094241e+01 -1.023511e-01 7.453244e+00 2.459158e+01 3.141860e+01 -1.218889e-01 7.428193e+00 2.883193e-01 3.566860e-03 1.856716e-03 -5.241614e-02
225.000 135.000 2.407571e+01 2.231618e+01 3.792756e-02 6.806259e+00 2.380480e+01 2.256528e+01 2.673093e-02 6.807125e+00 2.018124e-01 3.393552e-03 1.163151e-03 -2.407854e-02
225.000 165.000 1.109517e+01 3.399167e+01 -5.078310e-01 5.784400e+00 1.112664e+01 3.401745e+01 -5.070609e-01 5.791119e+00 6.122998e-02 3.579746e-03 -9.409317e-05 -9.837855e-02
225.000 195.000 3.323740e+01 1.739525e+01 3.128842e-01 6.758394e+00 3.366261e+01 1.714265e+01 3.251624e-01 6.740444e+00 -9.575891e-02 3.913983e-03 -1.286333e-03 6.046451e-02
225.000 225.000 2.708700e+01 2.133624e+01 1.187603e-01 6.909434e+00 2.765597e+01 2.087166e+01 1.398031e-01 6.897766e+00 -2.270893e-01 4.065164e-03 -2.155317e-03 5.005469e-02
225.000 255.000 2.298238e+01 2.635733e+01 -6.840236e-02 7.007771e+00 2.339391e+01 2.569139e+01 -4.680602e-02 6.998411e+00 -2.975713e-01 3.902201e-03 -2.180596e-03 3.270211e-02
225.000 285.000 3.005237e+01 3.133608e+01 -2.091126e-02 7.833365e+00 3.060832e+01 3.063322e+01 -4.065530e-04 7.825697e+00 -2.883193e-01 3.566860e-03 -1.851837e-03 3.413705e-02
225.000 315.000 2.172376e+01 2.228921e+01 -1.284733e-02 6.633680e+00 2.194658e+01 2.198990e+01 -9.860391e-04 6.628457e+00 -2.018124e-01 3.393552e-03 -1.264833e-03 2.848570e-02
225.000 345.000 3.044309e+01 2.420495e+01 1.141513e-01 7.344110e+00 3.032545e+01 2.420469e+01 1.122455e-01 7.337787e+00 -6.123000e-02 3.579746e-03 1.835679e-04 2.388053e-02
255.000 15.000 1.585091e+02 1.583112e+02 6.246968e-04 1.779944e+01 1.588483e+02 1.580616e+02 2.482402e-03 1.780191e+01 9.507004e-02 3.796488e-03 -7.379472e-05 -5.306084e-03
255.000 45.000 1.076575e+02 1.649234e+02 -2.100875e-01 1.614156e+01 1.072753e+02 1.651783e+02 -2.125244e-01 1.612910e+01 2.542234e-01 3.691601e-03 1.067944e-04 -2.876493e-02
255.000 75.000 1.147695e+02 1.541425e+02 -1.464160e-01 1.622181e+01 1.138178e+02 1.549995e+02 -1.531957e-01 1.620211e+01 3.452578e-01 3.638059e-03 2.957033e-04 -3.030942e-02
255.000 105.000 1.429815e+02 1.402558e+02 9.623236e-03 1.682888e+01 1.420411e+02 1.419288e+02 3.952340e-04 1.685140e+01 3.437807e-01 3.691671e-03 3.874779e-04 -1.985619e-02
255.000 135.000 1.074454e+02 9.931220e+01 3.933669e-02 1.436794e+01 1.065412e+02 9.983944e+01 3.247270e-02 1.435838e+01 2.501878e-01 3.796555e-03 3.379183e-04 -1.467511e-02
255.000 165.000 1.072288e+02 1.126993e+02 -2.487399e-02 1.482539e+01 1.064800e+02 1.134273e+02 -3.159199e-02 1.482187e+01 8.955728e-02 3.847893e-03 3.204572e-04 -7.718603e-03
255.000 195.000 1.186275e+02 1.416948e+02 -8.861082e-02 1.607104e+01 1.183930e+02 1.421156e+02 -9.106258e-02 1.607322e+01 -9.507002e-02 3.796488e-03 1.078674e-04 4.019157e-04
255.000 225.000 1.353129e+02 1.308781e+02 1.666016e-02 1.631310e+01 1.356408e+02 1.303422e+02 1.992063e-02 1.630575e+01 -2.542234e-01 3.691601e-03 -1.413597e-04 1.660528e-02
255.000 255.000 9.968673e+01 9.122950e+01 4.429813e-02 1.380368e+01 1.007932e+02 9.030081e+01 5.490685e-02 1.380282e+01 -3.452578e-01 3.638059e-03 -5.434587e-04 2.822116e-02
255.000 285.000 1.403363e+02 1.177740e+02 8.741345e-02 1.600431e+01 1.425583e+02 1.153026e+02 1.056992e-01 1.596809e+01 -3.437807e-01 3.691671e-03 -8.088199e-04 2.694237e-02
255.000 315.000 9.243567e+01 1.093799e+02 -8.395902e-02 1.415602e+01 9.327556e+01 1.079821e+02 -7.307341e-02 1.414861e+01 -2.501878e-01 3.796555e-03 -5.438888e-04 1.174262e-02
255.000 345.000 1.504796e+02 1.081355e+02 1.637342e-01 1.586448e+01 1.513203e+02 1.074747e+02 1.694222e-01 1.585455e+01 -8.955730e-02 3.847893e-03 -2.536046e-04 1.596594e-02
285.000 15.000 1.019674e+02 1.300886e+02 -1.211826e-01 1.512112e+01 1.039097e+02 1.284300e+02 -1.055366e-01 1.515757e+01 1.007337e-01 3.847893e-03 -7.307690e-04 -1.467592e-02
285.000 45.000 8.541510e+01 9.688936e+01 -6.294008e-02 1.347525e+01 8.662353e+01 9.543083e+01 -4.837736e-02 1.347695e+01 2.801019e-01 3.796556e-03 -7.641233e-04 -2.545719e-02
285.000 75.000 8.892475e+01 1.317604e+02 -1.941030e-01 1.457294e+01 9.083143e+01 1.299607e+02 -1.772221e-01 1.462387e+01 3.844169e-01 3.691671e-03 -8.176651e-04 -3.969823e-02
285.000 105.000 7.702437e+01 1.576020e+02 -3.434296e-01 1.438588e+01 7.786217e+01 1.559427e+02 -3.339560e-01 1.441282e+01 3.857278e-01 3.638059e-03 -4.652156e-04 -5.068562e-02
285.000 135.000 1.082111e+02 7.392253e+01 1.882603e-01 1.325437e+01 1.075507e+02 7.384535e+01 1.858108e-01 1.323379e+01 2.836832e-01 3.691601e-03 1.307817e-04 -7.199351e-03
285.000 165.000 9.757416e+01 1.290010e+02 -1.387038e-01 1.490692e+01 9.710283e+01 1.309816e+02 -1.485361e-01 1.493493e+01 1.056259e-01 3.796488e-03 4.659543e-04 -1.639036e-02
285.000 195.000 6.703730e+01 1.563195e+02 -3.997291e-01 1.369920e+01 6.620765e+01 1.586656e+02 -4.111557e-01 1.366962e+01 -1.007337e-01 3.847893e-03 5.904422e-04 -2.182575e-02
285.000 225.000 6.661993e+01 6.870382e+01 -1.539923e-02 1.163149e+01 6.566390e+01 7.016581e+01 -3.314377e-02 1.164820e+01 -2.801019e-01 3.796556e-03 1.077959e-03 2.275740e-02
285.000 255.000 9.419582e+01 1.203375e+02 -1.218537e-01 1.453781e+01 9.304870e+01 1.213066e+02 -1.318275e-01 1.451310e+01 -3.844169e-01 3.691671e-03 4.855301e-04 1.806072e-02
285.000 285.000 8.271660e+01 5.896042e+01 1.676785e-01 1.173429e+01 8.200722e+01 5.978457e+01 1.567273e-01 1.176048e+01 -3.857278e-01 3.638059e-03 6.591765e-04 4.716145e-02
285.000 315.000 1.060387e+02 7.070208e+01 1.999349e-01 1.302597e+01 1.062528e+02 6.957401e+01 2.086077e-01 1.296824e+01 -2.836832e-01 3.691601e-03 -4.718398e-04 3.712724e-02
285.000 345.000 1.231675e+02 1.261638e+02 -1.201718e-02 1.578909e+01 1.246150e+02 1.249456e+02 -1.324822e-03 1.579747e+01 -1.056260e-01 3.796488e-03 -4.787249e-04 5.928701e-03
315.000 15.000 2.480092e+01 5.232894e+01 -3.569049e-01 8.203961e+00 2.496933e+01 5.146753e+01 -3.466679e-01 8.200657e+00 1.214441e-01 3.579745e-03 -8.825135e-04 -5.830707e-02
315.000 45.000 7.887109e+00 4.101251e+01 -6.774163e-01 5.143922e+00 7.949325e+00 4.056938e+01 -6.723192e-01 5.156318e+00 3.180723e-01 3.393552e-03 -6.998347e-04 -1.935271e-01
315.000 75.000 4.612112e+01 9.888978e+00 6.468859e-01 5.707192e+00 4.657454e+01 9.722357e+00 6.546042e-01 5.672152e+00 4.294734e-01 3.566860e-03 -9.592170e-04 3.809448e-02
315.000 105.000 2.055010e+01 8.484175e+01 -6.100249e-01 8.134638e+00 2.105014e+01 8.369056e+01 -5.980524e-01 8.202344e+00 4.257974e-01 3.902201e-03 -1.036391e-03 -1.273348e-01
315.000 135.000 2.207987e+01 2.022357e+01 4.388059e-02 6.497845e+00 2.236135e+01 2.009273e+01 5.343686e-02 6.506370e+00 3.080293e-01 4.065164e-03 -1.039248e-03 -4.065174e-02
315.000 165.000 6.300836e+01 2.621643e+01 4.123509e-01 8.605441e+00 6.180330e+01 2.617078e+01 4.050343e-01 8.575645e+00 1.077250e-01 3.913983e-03 6.022485e-04 3.539922e-02
315.000 195.000 4.911236e+01 5.427817e+01 -4.996402e-02 1.015541e+01 4.870484e+01 5.508888e+01 -6.150701e-02 1.016863e+01 -1.214441e-01 3.579745e-03 8.031988e-04 7.038614e-03
315.000 225.000 0.000000e+00 4.320871e+01 -1.000000e+00 2.000000e+00 0.000000e+00 4.394182e+01 -1.000000e+00 2.000000e+00 -3.180723e-01 3.393552e-03 0.000000e+00 -3.409633e-01
315.000 255.000 0.000000e+00 1.191475e+01 -1.000000e+00 2.000000e+00 0.000000e+00 1.222587e+01 -1.000000e+00 2.000000e+00 -4.294734e-01 3.566860e-03 0.000000e+00 -2.852629e-01
315.000 285.000 9.766294e+01 2.670158e+01 5.705917e-01 9.158305e+00 9.674683e+01 2.720339e+01 5.610595e-01 9.215867e+00 -4.257974e-01 3.902201e-03 7.336637e-04 1.087962e-01
315.000 315.000 5.978452e+01 2.805133e+01 3.612784e-01 8.739069e+00 5.934931e+01 2.831348e+01 3.540366e-01 8.756424e+00 -3.080293e-01 4.065164e-03 5.853778e-04 7.658798e-02
315.000 345.000 2.793918e+01 1.728145e+01 2.356829e-01 6.535196e+00 2.807282e+01 1.724594e+01 2.389050e-01 6.536985e+00 -1.077251e-01 3.913983e-03 -3.485890e-04 5.254745e-02
345.000 15.000 3.258491e+01 3.222666e+01 5.527678e-03 8.050440e+00 3.261537e+01 3.210529e+01 7.881266e-03 8.044665e+00 1.305429e-01 2.965740e-03 -2.068005e-04 -1.552899e-02
345.000 45.000 8.824113e+00 6.991746e+01 -7.758716e-01 5.598302e+00 8.852342e+00 6.979517e+01 -7.748856e-01 5.605692e+00 3.442754e-01 4.397584e-03 -1.244477e-04 -2.000869e-01
345.000 75.000 1.344415e+01 7.215142e+01 -6.858681e-01 6.732765e+00 1.352494e+01 7.168537e+01 -6.825516e-01 6.746318e+00 4.657596e-01 4.956209e-03 -3.479650e-04 -1.710482e-01
345.000 105.000 1.527433e+01 1.029714e+01 1.946383e-01 4.960113e+00 1.541661e+01 1.026426e+01 2.006300e-01 4.964590e+00 4.624439e-01 4.387042e-03 -8.537851e-04 -5.399181e-02
345.000 135.000 3.632615e+01 1.227745e+01 4.947925e-01 6.058422e+00 3.658030e+01 1.225235e+01 4.981902e-01 6.059101e+00 3.352167e-01 2.950087e-03 -3.965397e-04 2.633950e-02
345.000 165.000 1.601186e+01 4.670208e+01 -4.893684e-01 6.906165e+00 1.607555e+01 4.662208e+01 -4.872040e-01 6.914856e+00 1.181685e-01 1.864872e-03 -2.214725e-04 -8.797022e-02
345.000 195.000 2.053843e+01 2.861453e+01 -1.643054e-01 6.915636e+00 2.054462e+01 2.865040e+01 -1.647683e-01 6.918052e+00 -1.305429e-01 2.965740e-03 4.732223e-05 -4.882066e-03
345.000 225.000 4.296348e+01 2.635220e+01 2.396469e-01 8.082997e+00 4.264212e+01 2.665237e+01 2.307507e-01 8.099682e+00 -3.442754e-01 4.397584e-03 7.774368e-04 7.224080e-02
345.000 255.000 2.240034e+01 2.804272e+01 -1.118565e-01 7.057756e+00 2.229678e+01 2.838641e+01 -1.201509e-01 7.067639e+00 -4.657596e-01 4.956209e-03 8.304240e-04 5.014384e-02
345.000 285.000 9.751893e+00 8.193527e+00 8.683917e-02 4.220201e+00 9.716701e+00 8.330662e+00 7.680011e-02 4.235672e+00 -4.624439e-01 4.387042e-03 1.678994e-03 1.301556e-01
345.000 315.000 9.074976e+01 2.245685e+01 6.032590e-01 8.485771e+00 9.037314e+01 2.263874e+01 5.993565e-01 8.509690e+00 -3.352168e-01 2.950087e-03 3.247318e-04 1.105940e-01
345.000 345.000 3.683540e+01 9.641513e+00 5.851052e-01 5.528619e+00 3.678386e+01 9.660013e+00 5.840134e-01 5.532014e+00 -1.181685e-01 1.864872e-03 1.395980e-04 1.272060e-01
