  #t  #Q2   A1M1_AVG      A_1M1     dA_1M1   A0P1_AVG      A_0P1     dA_0P1   A2M1_AVG      A_2M1     dA_2M1   A3M1_AVG      A_3M1     dA_3M1   A1P1_AVG      A_1P1     dA_1P1       Asym      Astat          t         tp         xb         Q2          W     Dilute
   1    0 -2.587e-02 -6.956e-02 3.6986e-03  3.955e-01  3.697e-01 3.6278e-03 -2.049e-03 -1.571e-02 3.6476e-03  6.796e-04 -1.902e-02 3.5953e-03  1.069e-02  9.122e-03 3.5807e-03 -7.8424e-03 1.1556e-03 3.1428e-01 1.1350e-02 4.3090e-01 5.2902e+00 2.8102e+00 7.7470e-01
   Phi   PhiS      N_U_avg      N_D_avg     Asym_avg    dAsym_avg      N_U_fit      N_D_fit     Asym_fit    dAsym_fit     Asym_cal    dAsym_cal     GOOD_fit     GOOD_cal
15.000 15.000 5.145077e+03 5.219852e+03 -7.214268e-03 1.018056e+02 5.213464e+03 5.165644e+03 4.607377e-03 1.018768e+02 8.667035e-02 2.865271e-03 -8.208035e-05 -9.221946e-04
15.000 45.000 4.843043e+03 6.652166e+03 -1.573806e-01 1.058796e+02 4.848477e+03 6.654795e+03 -1.570265e-01 1.059228e+02 3.081633e-01 4.528543e-03 -2.364446e-06 -4.396918e-03
15.000 75.000 4.833090e+03 7.282542e+03 -2.021729e-01 1.077980e+02 4.742485e+03 7.372519e+03 -2.170890e-01 1.074433e+02 4.470841e-01 6.726403e-03 9.800424e-05 -6.022902e-03
15.000 105.000 5.028649e+03 6.905563e+03 -1.572717e-01 1.078843e+02 4.892725e+03 7.017880e+03 -1.784255e-01 1.073845e+02 4.662092e-01 7.594957e-03 1.389695e-04 -5.779162e-03
15.000 135.000 4.715170e+03 5.675146e+03 -9.239142e-02 1.014969e+02 4.587091e+03 5.778181e+03 -1.149116e-01 1.011356e+02 3.604138e-01 6.736873e-03 1.571730e-04 -4.461271e-03
15.000 165.000 5.235204e+03 6.560642e+03 -1.123648e-01 1.079209e+02 5.133177e+03 6.681100e+03 -1.310214e-01 1.077565e+02 1.580459e-01 4.544079e-03 1.223326e-04 -2.505639e-03
15.000 195.000 4.955894e+03 5.229969e+03 -2.690747e-02 1.008885e+02 4.903103e+03 5.280456e+03 -3.705504e-02 1.008443e+02 -8.667033e-02 2.865271e-03 7.113780e-05 5.923654e-04
15.000 225.000 5.482601e+03 5.241338e+03 2.249760e-02 1.035302e+02 5.463548e+03 5.235264e+03 2.133739e-02 1.034115e+02 -3.081633e-01 4.528543e-03 7.928723e-06 3.193858e-03
15.000 255.000 6.680377e+03 4.152685e+03 2.333313e-01 1.012091e+02 6.732541e+03 4.108953e+03 2.419950e-01 1.010277e+02 -4.470841e-01 6.726403e-03 -6.058403e-05 6.722872e-03
15.000 285.000 6.896089e+03 4.558467e+03 2.040780e-01 1.047736e+02 7.012069e+03 4.444719e+03 2.240899e-01 1.043143e+02 -4.662092e-01 7.594957e-03 -1.353545e-04 6.397484e-03
15.000 315.000 5.585719e+03 4.604508e+03 9.628943e-02 1.004776e+02 5.698852e+03 4.480862e+03 1.196487e-01 1.001698e+02 -3.604138e-01 6.736873e-03 -1.646422e-04 4.545324e-03
15.000 345.000 5.829880e+03 5.380243e+03 4.010991e-02 1.057927e+02 5.942614e+03 5.274185e+03 5.959178e-02 1.057212e+02 -1.580459e-01 4.544080e-03 -1.302587e-04 1.873058e-03
45.000 15.000 5.332496e+03 6.117083e+03 -6.852532e-02 1.067512e+02 5.483568e+03 5.954752e+03 -4.119347e-02 1.068593e+02 3.715879e-02 6.002161e-03 -1.809511e-04 -9.900040e-04
45.000 45.000 5.267365e+03 7.010762e+03 -1.419921e-01 1.096840e+02 5.415500e+03 6.878108e+03 -1.189730e-01 1.100890e+02 2.404107e-01 6.243441e-03 -1.481249e-04 -3.486405e-03
45.000 75.000 5.820282e+03 7.002266e+03 -9.218013e-02 1.127546e+02 5.912239e+03 6.915074e+03 -7.817972e-02 1.129111e+02 3.792448e-01 5.991760e-03 -8.773854e-05 -4.180983e-03
45.000 105.000 4.691716e+03 8.081472e+03 -2.653805e-01 1.089661e+02 4.701853e+03 8.085652e+03 -2.646176e-01 1.090509e+02 4.164606e-01 5.465090e-03 -4.948633e-06 -6.257368e-03
45.000 135.000 4.851768e+03 6.377613e+03 -1.358797e-01 1.049859e+02 4.773553e+03 6.457148e+03 -1.499100e-01 1.047774e+02 3.420860e-01 5.187736e-03 9.459168e-05 -4.552664e-03
45.000 165.000 5.856171e+03 7.408577e+03 -1.170325e-01 1.143812e+02 5.705174e+03 7.579576e+03 -1.410943e-01 1.141065e+02 1.760498e-01 5.476492e-03 1.489290e-04 -2.562329e-03
45.000 195.000 6.292871e+03 5.803423e+03 4.046263e-02 1.098931e+02 6.125472e+03 5.976547e+03 1.230586e-02 1.100008e+02 -3.715876e-02 6.002161e-03 1.810859e-04 7.063355e-04
45.000 225.000 6.927939e+03 6.138228e+03 6.043937e-02 1.140984e+02 6.785240e+03 6.294577e+03 3.751296e-02 1.142865e+02 -2.404107e-01 6.243441e-03 1.419657e-04 2.636761e-03
45.000 255.000 7.098222e+03 4.949355e+03 1.783651e-01 1.080014e+02 7.016261e+03 5.037551e+03 1.641563e-01 1.083005e+02 -3.792448e-01 5.991760e-03 9.289890e-05 5.162990e-03
45.000 285.000 7.376135e+03 4.576043e+03 2.342746e-01 1.062835e+02 7.379138e+03 4.568746e+03 2.352209e-01 1.062395e+02 -4.164606e-01 5.465090e-03 -6.296972e-06 6.122635e-03
45.000 315.000 7.363217e+03 5.783672e+03 1.201459e-01 1.138293e+02 7.451625e+03 5.686042e+03 1.343909e-01 1.135799e+02 -3.420860e-01 5.187736e-03 -8.858660e-05 4.060746e-03
45.000 345.000 7.399842e+03 5.614445e+03 1.371875e-01 1.130016e+02 7.582788e+03 5.470305e+03 1.618378e-01 1.127440e+02 -1.760499e-01 5.476492e-03 -1.544251e-04 2.771973e-03
75.000 15.000 6.385106e+03 6.415980e+03 -2.411794e-03 1.131416e+02 6.505155e+03 6.281200e+03 1.751515e-02 1.130594e+02 4.296802e-02 5.817800e-03 -1.245837e-04 -4.010889e-04
75.000 45.000 6.552944e+03 7.524489e+03 -6.901434e-02 1.183655e+02 6.717073e+03 7.362014e+03 -4.580840e-02 1.185308e+02 2.193626e-01 5.659519e-03 -1.385338e-04 -2.436326e-03
75.000 75.000 5.034784e+03 8.323020e+03 -2.461659e-01 1.120194e+02 5.163569e+03 8.178671e+03 -2.259818e-01 1.125206e+02 3.369791e-01 5.579421e-03 -1.271246e-04 -5.205748e-03
75.000 105.000 5.836026e+03 7.837731e+03 -1.463903e-01 1.156751e+02 5.928684e+03 7.756880e+03 -1.335858e-01 1.159368e+02 3.643023e-01 5.660950e-03 -7.818415e-05 -4.414889e-03
75.000 135.000 5.896203e+03 7.697186e+03 -1.324896e-01 1.155629e+02 5.902955e+03 7.690563e+03 -1.315044e-01 1.155787e+02 2.940111e-01 5.819192e-03 -6.027622e-06 -3.690637e-03
75.000 165.000 6.448977e+03 7.284840e+03 -6.086167e-02 1.169741e+02 6.359201e+03 7.368617e+03 -7.353072e-02 1.168486e+02 1.449398e-01 5.896034e-03 7.662534e-05 -1.759376e-03
75.000 195.000 7.894831e+03 6.359740e+03 1.076911e-01 1.186982e+02 7.735187e+03 6.493072e+03 8.729921e-02 1.188269e+02 -4.296800e-02 5.817800e-03 1.214124e-04 1.269262e-03
75.000 225.000 6.927341e+03 5.892182e+03 8.074867e-02 1.128536e+02 6.768209e+03 6.057186e+03 5.543875e-02 1.130751e+02 -2.193625e-01 5.659519e-03 1.584288e-04 2.659297e-03
75.000 255.000 7.722027e+03 5.462024e+03 1.714195e-01 1.131222e+02 7.590398e+03 5.594209e+03 1.514030e-01 1.135006e+02 -3.369791e-01 5.579421e-03 1.249104e-04 4.494241e-03
75.000 285.000 6.925038e+03 4.930784e+03 1.682088e-01 1.073330e+02 6.836982e+03 5.006268e+03 1.545787e-01 1.075187e+02 -3.643023e-01 5.660950e-03 8.971679e-05 4.961300e-03
75.000 315.000 6.758656e+03 5.613983e+03 9.251645e-02 1.107553e+02 6.756753e+03 5.620339e+03 9.181590e-02 1.107824e+02 -2.940111e-01 5.819192e-03 4.472082e-06 3.489923e-03
75.000 345.000 8.269288e+03 6.593178e+03 1.127747e-01 1.211340e+02 8.368275e+03 6.519155e+03 1.242068e-01 1.210692e+02 -1.449398e-01 5.896034e-03 -6.675132e-05 2.127516e-03
105.000 15.000 5.991277e+03 5.776262e+03 1.827189e-02 1.084602e+02 6.080839e+03 5.696695e+03 3.261666e-02 1.084666e+02 5.456313e-02 5.896034e-03 -9.351810e-05 -3.346043e-04
105.000 45.000 4.868125e+03 7.339597e+03 -2.024515e-01 1.082006e+02 4.955815e+03 7.236080e+03 -1.870312e-01 1.084685e+02 2.206916e-01 5.819192e-03 -1.006492e-04 -3.910728e-03
105.000 75.000 5.324691e+03 6.589467e+03 -1.061574e-01 1.085352e+02 5.436354e+03 6.485514e+03 -8.800302e-02 1.087637e+02 3.276859e-01 5.660950e-03 -1.181515e-04 -3.997259e-03
105.000 105.000 4.686446e+03 7.274828e+03 -2.163969e-01 1.067762e+02 4.759662e+03 7.210220e+03 -2.047270e-01 1.070896e+02 3.468771e-01 5.579421e-03 -7.716838e-05 -5.275277e-03
105.000 135.000 5.657580e+03 7.493481e+03 -1.396010e-01 1.135551e+02 5.668495e+03 7.492494e+03 -1.385913e-01 1.136143e+02 2.731228e-01 5.659519e-03 -6.285362e-06 -3.634568e-03
105.000 165.000 5.629366e+03 6.813528e+03 -9.516769e-02 1.110414e+02 5.586576e+03 6.858077e+03 -1.021725e-01 1.109718e+02 1.261855e-01 5.817800e-03 4.462028e-05 -1.993429e-03
105.000 195.000 6.727173e+03 5.920433e+03 6.378604e-02 1.122326e+02 6.635363e+03 6.012295e+03 4.926354e-02 1.123253e+02 -5.456312e-02 5.896034e-03 9.145932e-05 1.054499e-03
105.000 225.000 6.614259e+03 5.821809e+03 6.372186e-02 1.112905e+02 6.510617e+03 5.913671e+03 4.804666e-02 1.113356e+02 -2.206916e-01 5.819192e-03 9.957543e-05 2.555595e-03
105.000 255.000 7.083029e+03 4.884975e+03 1.836609e-01 1.075375e+02 6.993303e+03 4.958014e+03 1.702983e-01 1.077252e+02 -3.276859e-01 5.660950e-03 8.778872e-05 4.755058e-03
105.000 285.000 7.550598e+03 5.798235e+03 1.312746e-01 1.145373e+02 7.489770e+03 5.868797e+03 1.213433e-01 1.147252e+02 -3.468771e-01 5.579421e-03 6.126130e-05 4.174637e-03
105.000 315.000 6.997575e+03 5.736872e+03 9.899945e-02 1.122926e+02 6.992499e+03 5.747312e+03 9.773982e-02 1.123303e+02 -2.731228e-01 5.659519e-03 7.930567e-06 3.313862e-03
105.000 345.000 6.580399e+03 5.132035e+03 1.236604e-01 1.073933e+02 6.615882e+03 5.099768e+03 1.294093e-01 1.073287e+02 -1.261855e-01 5.817800e-03 -3.786414e-05 2.326456e-03
135.000 15.000 4.303646e+03 4.769730e+03 -5.136831e-02 9.512851e+01 4.378641e+03 4.696769e+03 -3.505388e-02 9.520640e+01 4.567037e-02 5.476492e-03 -1.212184e-04 -1.020080e-03
135.000 45.000 4.274438e+03 4.409121e+03 -1.551018e-02 9.317441e+01 4.374441e+03 4.334907e+03 4.539216e-03 9.332293e+01 2.029660e-01 5.187736e-03 -1.520350e-04 -2.344809e-03
135.000 75.000 4.002069e+03 6.458969e+03 -2.348619e-01 9.941834e+01 4.095435e+03 6.369402e+03 -2.172960e-01 9.985346e+01 3.058771e-01 5.465090e-03 -1.246636e-04 -5.439027e-03
135.000 105.000 4.416817e+03 6.719076e+03 -2.067422e-01 1.032469e+02 4.475944e+03 6.675612e+03 -1.972521e-01 1.035262e+02 3.268287e-01 5.991760e-03 -6.490677e-05 -5.167912e-03
135.000 135.000 4.207339e+03 4.898895e+03 -7.594308e-02 9.515101e+01 4.209218e+03 4.892658e+03 -7.508772e-02 9.513442e+01 2.602067e-01 6.243441e-03 -6.357127e-06 -3.532803e-03
135.000 165.000 3.797288e+03 5.270337e+03 -1.624515e-01 9.395917e+01 3.761944e+03 5.321506e+03 -1.716927e-01 9.389188e+01 1.238626e-01 6.002162e-03 6.957146e-05 -3.047219e-03
135.000 195.000 5.150365e+03 4.008065e+03 1.247266e-01 9.495238e+01 5.065156e+03 4.077700e+03 1.080030e-01 9.505897e+01 -4.567035e-02 5.476492e-03 1.244706e-04 1.794552e-03
135.000 225.000 5.221664e+03 3.799581e+03 1.576372e-01 9.379271e+01 5.142822e+03 3.884010e+03 1.394523e-01 9.408128e+01 -2.029660e-01 5.187736e-03 1.368861e-04 3.844683e-03
135.000 255.000 5.839328e+03 4.081733e+03 1.771579e-01 9.802902e+01 5.771554e+03 4.156396e+03 1.626881e-01 9.831166e+01 -3.058771e-01 5.465090e-03 1.042244e-04 4.927470e-03
135.000 285.000 4.948349e+03 3.391870e+03 1.866232e-01 8.972037e+01 4.906712e+03 3.446761e+03 1.747718e-01 8.999064e+01 -3.268287e-01 5.991760e-03 9.326357e-05 5.722802e-03
135.000 315.000 5.080797e+03 3.917115e+03 1.293281e-01 9.406070e+01 5.077260e+03 3.927099e+03 1.277338e-01 9.411400e+01 -2.602068e-01 6.243441e-03 1.198153e-05 4.141313e-03
135.000 345.000 4.159611e+03 4.803043e+03 -7.179030e-02 9.442702e+01 4.196267e+03 4.754551e+03 -6.237239e-02 9.442455e+01 -1.238627e-01 6.002162e-03 -7.052597e-05 5.514561e-04
165.000 15.000 1.916838e+03 1.614376e+03 8.565359e-02 5.920564e+01 1.941832e+03 1.594451e+03 9.823357e-02 5.917904e+01 5.554224e-02 4.544080e-03 -1.502794e-04 5.085892e-04
165.000 45.000 1.775676e+03 2.046774e+03 -7.092249e-02 6.167028e+01 1.829270e+03 2.013596e+03 -4.796562e-02 6.191950e+01 1.927703e-01 6.736873e-03 -2.626904e-04 -4.275849e-03
165.000 75.000 1.680453e+03 2.849807e+03 -2.581207e-01 6.502635e+01 1.733338e+03 2.789209e+03 -2.334683e-01 6.539140e+01 2.783458e-01 7.594957e-03 -2.673235e-04 -8.249987e-03
165.000 105.000 1.743380e+03 1.875181e+03 -3.642364e-02 6.011456e+01 1.784948e+03 1.836203e+03 -1.415433e-02 6.016997e+01 2.893387e-01 6.726403e-03 -2.618255e-04 -5.419026e-03
165.000 135.000 1.768355e+03 2.178178e+03 -1.038437e-01 6.248180e+01 1.790653e+03 2.161016e+03 -9.372313e-02 6.258560e+01 2.228036e-01 4.528543e-03 -1.144394e-04 -5.227878e-03
165.000 165.000 1.652130e+03 2.486546e+03 -2.016144e-01 6.301147e+01 1.648734e+03 2.493944e+03 -2.040252e-01 6.300979e+01 9.656837e-02 2.865272e-03 2.705317e-05 -4.732199e-03
165.000 195.000 2.421064e+03 2.007682e+03 9.334078e-02 6.625829e+01 2.381920e+03 2.035862e+03 7.833293e-02 6.626216e+01 -5.554223e-02 4.544079e-03 1.601587e-04 2.247010e-03
165.000 225.000 2.488179e+03 2.426122e+03 1.262797e-02 7.009649e+01 2.445123e+03 2.486233e+03 -8.336355e-03 7.022117e+01 -1.927703e-01 6.736873e-03 2.112921e-04 2.930222e-03
165.000 255.000 1.677429e+03 2.006249e+03 -8.926401e-02 6.045103e+01 1.639528e+03 2.064425e+03 -1.147146e-01 6.045834e+01 -2.783458e-01 7.594957e-03 2.976818e-04 3.127850e-03
165.000 285.000 2.294299e+03 1.359170e+03 2.559566e-01 5.843044e+01 2.260259e+03 1.384518e+03 2.402728e-01 5.860342e+01 -2.893387e-01 6.726403e-03 1.895191e-04 9.332383e-03
165.000 315.000 1.833574e+03 1.707122e+03 3.571401e-02 5.946579e+01 1.815170e+03 1.733931e+03 2.288988e-02 5.955872e+01 -2.228036e-01 4.528543e-03 1.523725e-04 4.347333e-03
165.000 345.000 1.861160e+03 1.947523e+03 -2.267510e-02 6.169866e+01 1.863380e+03 1.947338e+03 -2.203208e-02 6.171603e+01 -9.656839e-02 2.865272e-03 -7.368403e-06 1.197648e-03
195.000 15.000 1.625701e+03 2.340463e+03 -1.802148e-01 6.194638e+01 1.619366e+03 2.345388e+03 -1.831190e-01 6.190158e+01 9.656835e-02 2.865271e-03 3.316219e-05 -4.468109e-03
195.000 45.000 1.933393e+03 2.389433e+03 -1.054958e-01 6.538131e+01 1.957931e+03 2.369678e+03 -9.514434e-02 6.548613e+01 2.228035e-01 4.528543e-03 -1.118622e-04 -5.021302e-03
195.000 75.000 1.838121e+03 2.469778e+03 -1.466278e-01 6.492519e+01 1.887237e+03 2.430710e+03 -1.258638e-01 6.518852e+01 2.893387e-01 6.726403e-03 -2.256855e-04 -6.714906e-03
195.000 105.000 1.667059e+03 1.873037e+03 -5.818427e-02 5.939791e+01 1.725599e+03 1.818457e+03 -2.620103e-02 5.951153e+01 2.783458e-01 7.594958e-03 -3.803829e-04 -5.665688e-03
195.000 135.000 1.947829e+03 2.386924e+03 -1.012962e-01 6.550019e+01 1.998795e+03 2.336837e+03 -7.796827e-02 6.564507e+01 1.927704e-01 6.736873e-03 -2.515587e-04 -4.489554e-03
195.000 165.000 1.659889e+03 2.448577e+03 -1.919666e-01 6.290519e+01 1.684095e+03 2.411319e+03 -1.775704e-01 6.297841e+01 5.554226e-02 4.544079e-03 -1.617316e-04 -3.934633e-03
195.000 195.000 2.424921e+03 2.023482e+03 9.024340e-02 6.642421e+01 2.435801e+03 2.019501e+03 9.343916e-02 6.645602e+01 -9.656833e-02 2.865271e-03 -3.401180e-05 2.812404e-03
195.000 225.000 2.388308e+03 1.831665e+03 1.319067e-01 6.439369e+01 2.358239e+03 1.851861e+03 1.202769e-01 6.441424e+01 -2.228035e-01 4.528543e-03 1.276863e-04 5.508462e-03
195.000 255.000 2.182641e+03 2.222158e+03 -8.971209e-03 6.636599e+01 2.142644e+03 2.269342e+03 -2.871672e-02 6.639539e+01 -2.893387e-01 6.726403e-03 2.103350e-04 4.224566e-03
195.000 285.000 2.608625e+03 1.313020e+03 3.303726e-01 5.910679e+01 2.564198e+03 1.363704e+03 3.056324e-01 5.967405e+01 -2.783458e-01 7.594958e-03 2.945552e-04 1.029862e-02
195.000 315.000 1.694790e+03 2.182668e+03 -1.258243e-01 6.177436e+01 1.665539e+03 2.238829e+03 -1.468329e-01 6.180769e+01 -1.927704e-01 6.736873e-03 2.404121e-04 1.083719e-03
195.000 345.000 1.889517e+03 1.871653e+03 4.749636e-03 6.132769e+01 1.861126e+03 1.892101e+03 -8.252750e-03 6.126150e+01 -5.554228e-02 4.544079e-03 1.499981e-04 9.831108e-04
225.000 15.000 3.653242e+03 3.617034e+03 4.980383e-03 8.526486e+01 3.616180e+03 3.645465e+03 -4.032769e-03 8.521459e+01 1.238626e-01 6.002161e-03 7.476867e-05 -1.394270e-03
225.000 45.000 5.135678e+03 5.220164e+03 -8.158272e-03 1.017603e+02 5.124290e+03 5.209141e+03 -8.211326e-03 1.016501e+02 2.602067e-01 6.243441e-03 3.688603e-07 -2.637228e-03
225.000 75.000 4.214086e+03 5.018796e+03 -8.715700e-02 9.572223e+01 4.263836e+03 4.962525e+03 -7.572744e-02 9.577814e+01 3.268286e-01 5.991760e-03 -8.440630e-05 -4.324864e-03
225.000 105.000 4.035941e+03 6.412024e+03 -2.274207e-01 9.953690e+01 4.116491e+03 6.324196e+03 -2.114521e-01 9.986923e+01 3.058771e-01 5.465090e-03 -1.132515e-04 -5.357790e-03
225.000 135.000 4.442612e+03 5.075489e+03 -6.649192e-02 9.734485e+01 4.558014e+03 4.968017e+03 -4.304028e-02 9.751094e+01 2.029660e-01 5.187736e-03 -1.702060e-04 -2.768076e-03
225.000 165.000 5.314518e+03 5.913904e+03 -5.338110e-02 1.058132e+02 5.408615e+03 5.818301e+03 -3.649140e-02 1.058866e+02 4.567038e-02 5.476492e-03 -1.128279e-04 -9.360979e-04
225.000 195.000 4.715173e+03 3.912776e+03 9.299978e-02 9.248419e+01 4.753244e+03 3.876463e+03 1.016003e-01 9.241551e+01 -1.238626e-01 6.002161e-03 -6.578151e-05 2.344859e-03
225.000 225.000 5.876390e+03 5.210367e+03 6.007378e-02 1.051035e+02 5.874560e+03 5.208767e+03 6.007157e-02 1.050873e+02 -2.602067e-01 6.243441e-03 1.484074e-08 3.047286e-03
225.000 255.000 4.097876e+03 3.820428e+03 3.503886e-02 8.893021e+01 4.043489e+03 3.872865e+03 2.155341e-02 8.895323e+01 -3.268286e-01 5.991760e-03 1.072124e-04 4.069118e-03
225.000 285.000 4.972860e+03 4.286086e+03 7.417412e-02 9.595835e+01 4.885673e+03 4.376686e+03 5.495228e-02 9.609573e+01 -3.058771e-01 5.465090e-03 1.415423e-04 3.960585e-03
225.000 315.000 5.354816e+03 4.181252e+03 1.230659e-01 9.691049e+01 5.245467e+03 4.272379e+03 1.022383e-01 9.704823e+01 -2.029660e-01 5.187736e-03 1.518607e-04 3.364259e-03
225.000 345.000 4.878931e+03 4.730392e+03 1.545780e-02 9.801544e+01 4.804587e+03 4.812753e+03 -8.491031e-04 9.806800e+01 -4.567040e-02 5.476492e-03 1.176103e-04 6.236588e-04
255.000 15.000 5.445883e+03 7.047166e+03 -1.281739e-01 1.108504e+02 5.406460e+03 7.089422e+03 -1.346814e-01 1.107665e+02 1.261855e-01 5.817800e-03 4.152647e-05 -2.294619e-03
255.000 45.000 4.873456e+03 7.814725e+03 -2.318117e-01 1.095735e+02 4.890907e+03 7.802515e+03 -2.293792e-01 1.096611e+02 2.731228e-01 5.659519e-03 -1.569120e-05 -4.608180e-03
255.000 75.000 5.643422e+03 7.591016e+03 -1.471611e-01 1.137885e+02 5.725012e+03 7.528303e+03 -1.360634e-01 1.140524e+02 3.468771e-01 5.579421e-03 -6.888363e-05 -4.341722e-03
255.000 105.000 5.027660e+03 7.404070e+03 -1.911568e-01 1.094416e+02 5.130246e+03 7.306130e+03 -1.749612e-01 1.097984e+02 3.276859e-01 5.660950e-03 -1.044699e-04 -4.740819e-03
255.000 135.000 4.894955e+03 5.636275e+03 -7.039252e-02 1.023672e+02 5.003198e+03 5.546978e+03 -5.154226e-02 1.025775e+02 2.206916e-01 5.819192e-03 -1.300754e-04 -2.843529e-03
255.000 165.000 6.613055e+03 6.108718e+03 3.964359e-02 1.127022e+02 6.695480e+03 6.023158e+03 5.286119e-02 1.126193e+02 5.456315e-02 5.896034e-03 -8.295935e-05 -1.323805e-04
255.000 195.000 6.309860e+03 5.323608e+03 8.477712e-02 1.074703e+02 6.353317e+03 5.284651e+03 9.182577e-02 1.074236e+02 -1.261855e-01 5.817800e-03 -4.638707e-05 1.962986e-03
255.000 225.000 6.551281e+03 5.900382e+03 5.227402e-02 1.114345e+02 6.547875e+03 5.914873e+03 5.079149e-02 1.114926e+02 -2.731228e-01 5.659519e-03 9.404877e-06 2.920074e-03
255.000 255.000 6.815349e+03 5.221697e+03 1.323956e-01 1.087477e+02 6.750394e+03 5.285976e+03 1.216661e-01 1.088954e+02 -3.468771e-01 5.579421e-03 6.971875e-05 4.407200e-03
255.000 285.000 7.334598e+03 5.300709e+03 1.609687e-01 1.109410e+02 7.237742e+03 5.398898e+03 1.455168e-01 1.112163e+02 -3.276859e-01 5.660950e-03 9.836425e-05 4.404634e-03
255.000 315.000 6.567175e+03 5.842575e+03 5.838957e-02 1.112090e+02 6.471681e+03 5.958484e+03 4.128638e-02 1.113956e+02 -2.206916e-01 5.819192e-03 1.086570e-04 2.509520e-03
255.000 345.000 6.824239e+03 5.462728e+03 1.108094e-01 1.101640e+02 6.731275e+03 5.541411e+03 9.695220e-02 1.102603e+02 -5.456317e-02 5.896034e-03 8.890571e-05 1.501149e-03
285.000 15.000 5.881275e+03 6.752326e+03 -6.894714e-02 1.121318e+02 5.819320e+03 6.830179e+03 -7.991297e-02 1.121103e+02 1.449398e-01 5.896034e-03 6.915753e-05 -1.907459e-03
285.000 45.000 5.972291e+03 7.534450e+03 -1.156578e-01 1.154386e+02 5.982466e+03 7.538212e+03 -1.150642e-01 1.155061e+02 2.940110e-01 5.819192e-03 -3.634857e-06 -3.548803e-03
285.000 75.000 4.943539e+03 7.470149e+03 -2.035341e-01 1.090845e+02 5.019304e+03 7.389393e+03 -1.910023e-01 1.093435e+02 3.643023e-01 5.660950e-03 -8.113767e-05 -5.205471e-03
285.000 105.000 6.210895e+03 7.443977e+03 -9.030344e-02 1.163766e+02 6.362864e+03 7.297194e+03 -6.839871e-02 1.166025e+02 3.369791e-01 5.579421e-03 -1.329645e-04 -3.671549e-03
285.000 135.000 5.642109e+03 7.413094e+03 -1.356535e-01 1.132032e+02 5.811913e+03 7.246517e+03 -1.098604e-01 1.135818e+02 2.193626e-01 5.659519e-03 -1.608438e-04 -3.136096e-03
285.000 165.000 5.731519e+03 6.128221e+03 -3.344949e-02 1.088415e+02 5.854336e+03 6.000450e+03 -1.232533e-02 1.088714e+02 4.296805e-02 5.817800e-03 -1.372177e-04 -7.020993e-04
285.000 195.000 6.259768e+03 5.611384e+03 5.461845e-02 1.087922e+02 6.323436e+03 5.534575e+03 6.652561e-02 1.086533e+02 -1.449397e-01 5.896034e-03 -7.744133e-05 1.834306e-03
285.000 225.000 7.679146e+03 5.803860e+03 1.390852e-01 1.149877e+02 7.670441e+03 5.808264e+03 1.381569e-01 1.149845e+02 -2.940110e-01 5.819192e-03 5.708368e-06 3.766456e-03
285.000 255.000 7.457364e+03 5.711834e+03 1.325465e-01 1.137446e+02 7.382326e+03 5.805071e+03 1.196032e-01 1.140121e+02 -3.643023e-01 5.660950e-03 8.036888e-05 4.368109e-03
285.000 285.000 7.375892e+03 5.837562e+03 1.164215e-01 1.141681e+02 7.237069e+03 5.975467e+03 9.548518e-02 1.144206e+02 -3.369791e-01 5.579421e-03 1.295267e-04 3.971341e-03
285.000 315.000 6.578993e+03 5.788914e+03 6.388134e-02 1.109839e+02 6.434019e+03 5.950988e+03 3.900123e-02 1.112033e+02 -2.193626e-01 5.659519e-03 1.583609e-04 2.552116e-03
285.000 345.000 6.362902e+03 5.642093e+03 6.004248e-02 1.093696e+02 6.233775e+03 5.779249e+03 3.783607e-02 1.095255e+02 -4.296807e-02 5.817800e-03 1.434687e-04 9.418570e-04
315.000 15.000 5.451867e+03 6.338081e+03 -7.516688e-02 1.082743e+02 5.310395e+03 6.489480e+03 -9.992354e-02 1.080836e+02 1.760498e-01 5.476492e-03 1.618207e-04 -2.320187e-03
315.000 45.000 5.072340e+03 7.915754e+03 -2.189246e-01 1.112007e+02 4.997755e+03 8.015289e+03 -2.318853e-01 1.109654e+02 3.420860e-01 5.187735e-03 8.250220e-05 -5.045027e-03
315.000 75.000 4.535738e+03 6.671188e+03 -1.905474e-01 1.039232e+02 4.547379e+03 6.662483e+03 -1.886824e-01 1.039749e+02 4.164605e-01 5.465090e-03 -1.268615e-05 -5.840931e-03
315.000 105.000 5.283287e+03 6.869505e+03 -1.305230e-01 1.092966e+02 5.375365e+03 6.795988e+03 -1.167185e-01 1.095698e+02 3.792448e-01 5.991760e-03 -8.919776e-05 -4.664076e-03
315.000 135.000 5.140444e+03 7.724218e+03 -2.008428e-01 1.111113e+02 5.285601e+03 7.570837e+03 -1.777503e-01 1.115806e+02 2.404107e-01 6.243441e-03 -1.466494e-04 -3.971274e-03
315.000 165.000 5.832687e+03 5.675320e+03 1.367455e-02 1.072653e+02 6.003797e+03 5.520280e+03 4.195712e-02 1.072557e+02 3.715880e-02 6.002162e-03 -1.864507e-04 -2.189361e-04
315.000 195.000 8.192798e+03 6.077253e+03 1.482507e-01 1.181373e+02 8.391163e+03 5.915664e+03 1.730292e-01 1.178070e+02 -1.760498e-01 5.476492e-03 -1.485185e-04 2.745115e-03
315.000 225.000 7.014855e+03 5.534784e+03 1.179373e-01 1.112434e+02 7.096727e+03 5.443169e+03 1.318638e-01 1.110038e+02 -3.420860e-01 5.187735e-03 -8.861731e-05 4.135288e-03
315.000 255.000 7.453347e+03 5.139667e+03 1.837273e-01 1.103083e+02 7.454700e+03 5.124597e+03 1.852331e-01 1.102165e+02 -4.164605e-01 5.465090e-03 -9.656979e-06 5.441002e-03
315.000 285.000 1.008728e+04 5.216630e+03 3.182619e-01 1.172765e+02 9.992002e+03 5.294714e+03 3.072790e-01 1.176577e+02 -3.792448e-01 5.991760e-03 6.611274e-05 5.947542e-03
315.000 315.000 7.634891e+03 5.565685e+03 1.567512e-01 1.134735e+02 7.460178e+03 5.716364e+03 1.323423e-01 1.137794e+02 -2.404108e-01 6.243441e-03 1.518982e-04 3.500042e-03
315.000 345.000 6.065830e+03 5.248458e+03 7.224239e-02 1.060907e+02 5.898450e+03 5.408164e+03 4.336273e-02 1.062325e+02 -3.715883e-02 6.002162e-03 1.923576e-04 1.031204e-03
345.000 15.000 4.924169e+03 4.896970e+03 2.769428e-03 9.910128e+01 4.826693e+03 4.989720e+03 -1.660762e-02 9.906415e+01 1.580459e-01 4.544080e-03 1.382849e-04 -1.566846e-03
345.000 45.000 4.690768e+03 5.819529e+03 -1.073957e-01 1.019268e+02 4.568081e+03 5.931103e+03 -1.298217e-01 1.015984e+02 3.604138e-01 6.736873e-03 1.558285e-04 -4.589662e-03
345.000 75.000 4.353150e+03 7.095082e+03 -2.395070e-01 1.038822e+02 4.228017e+03 7.216689e+03 -2.611401e-01 1.032678e+02 4.662092e-01 7.594957e-03 1.476884e-04 -6.793424e-03
345.000 105.000 3.612718e+03 6.454464e+03 -2.822782e-01 9.625496e+01 3.583205e+03 6.524181e+03 -2.909730e-01 9.618546e+01 4.470841e-01 6.726403e-03 6.389625e-05 -7.577400e-03
345.000 135.000 4.518144e+03 5.832503e+03 -1.269833e-01 1.009145e+02 4.505734e+03 5.834134e+03 -1.284735e-01 1.008425e+02 3.081633e-01 4.528543e-03 1.044609e-05 -4.312030e-03
345.000 165.000 6.183745e+03 5.841599e+03 2.845208e-02 1.096157e+02 6.262439e+03 5.782679e+03 3.983028e-02 1.096632e+02 8.667036e-02 2.865272e-03 -7.338234e-05 -5.311124e-04
345.000 195.000 6.849061e+03 5.085834e+03 1.477371e-01 1.080481e+02 6.979301e+03 4.983251e+03 1.668582e-01 1.078401e+02 -1.580458e-01 4.544080e-03 -1.252560e-04 2.830062e-03
345.000 225.000 7.417953e+03 4.459267e+03 2.491060e-01 1.055471e+02 7.575528e+03 4.345829e+03 2.709170e-01 1.051017e+02 -3.604138e-01 6.736873e-03 -1.464305e-04 5.774860e-03
345.000 255.000 6.949090e+03 4.371802e+03 2.276577e-01 1.036058e+02 7.068666e+03 4.263835e+03 2.475033e-01 1.031421e+02 -4.662091e-01 7.594957e-03 -1.357489e-04 6.697185e-03
345.000 285.000 5.835745e+03 4.589024e+03 1.195921e-01 1.013690e+02 5.881346e+03 4.532223e+03 1.295543e-01 1.011869e+02 -4.470842e-01 6.726403e-03 -6.955419e-05 5.590233e-03
345.000 315.000 5.641653e+03 5.294394e+03 3.175366e-02 1.045228e+02 5.640064e+03 5.286442e+03 3.236367e-02 1.044752e+02 -3.081633e-01 4.528543e-03 -4.127711e-06 3.252084e-03
345.000 345.000 5.452336e+03 5.479680e+03 -2.501330e-03 1.045560e+02 5.401262e+03 5.549822e+03 -1.356575e-02 1.046378e+02 -8.667039e-02 2.865272e-03 7.479885e-05 8.050145e-04
