  #t  #Q2   A1M1_AVG      A_1M1     dA_1M1   A0P1_AVG      A_0P1     dA_0P1   A2M1_AVG      A_2M1     dA_2M1   A3M1_AVG      A_3M1     dA_3M1   A1P1_AVG      A_1P1     dA_1P1       Asym      Astat          t         tp         xb         Q2          W     Dilute
   5    0 -5.819e-02 -7.234e-02 2.5882e-03  4.153e-01  3.664e-01 2.5371e-03 -1.040e-02 -1.836e-02 2.5513e-03 -1.160e-03 -7.662e-03 2.5142e-03  2.984e-02  2.276e-02 2.5095e-03 1.0540e-03 2.0110e-03 5.8615e-01 6.6044e-02 5.1560e-01 6.3483e+00 2.5956e+00 6.6897e-01
   Phi   PhiS      N_U_avg      N_D_avg     Asym_avg    dAsym_avg      N_U_fit      N_D_fit     Asym_fit    dAsym_fit     Asym_cal    dAsym_cal     GOOD_fit     GOOD_cal
15.000 15.000 7.890824e+02 8.980585e+02 -6.459219e-02 4.098905e+01 7.995759e+02 8.880322e+02 -5.241518e-02 4.102404e+01 9.762838e-02 2.005472e-03 -2.099773e-04 -3.957657e-03
15.000 45.000 8.205074e+02 1.134873e+03 -1.607697e-01 4.364448e+01 8.278362e+02 1.126215e+03 -1.526976e-01 4.368626e+01 3.197166e-01 3.170545e-03 -1.307178e-04 -1.100910e-02
15.000 75.000 8.110659e+02 1.301118e+03 -2.320122e-01 4.470443e+01 8.148872e+02 1.297914e+03 -2.286190e-01 4.474787e+01 4.561370e-01 4.707678e-03 -5.364504e-05 -1.539331e-02
15.000 105.000 1.049573e+03 8.349755e+02 1.138722e-01 4.312902e+01 1.046902e+03 8.370688e+02 1.113779e-01 4.313467e+01 4.703358e-01 5.314289e-03 4.089042e-05 -8.265055e-03
15.000 135.000 7.037372e+02 1.049085e+03 -1.970237e-01 4.104607e+01 6.975948e+02 1.056860e+03 -2.047732e-01 4.099862e+01 3.585086e-01 4.712879e-03 1.335792e-04 -1.353436e-02
15.000 165.000 8.254523e+02 9.344440e+02 -6.193074e-02 4.187059e+01 8.159308e+02 9.429802e+02 -7.223183e-02 4.182982e+01 1.506193e-01 3.178262e-03 1.740486e-04 -5.076356e-03
15.000 195.000 1.071781e+03 9.471353e+02 6.173902e-02 4.484664e+01 1.060004e+03 9.571188e+02 5.100606e-02 4.485393e+01 -9.762835e-02 2.005472e-03 1.692152e-04 3.553608e-03
15.000 225.000 1.089931e+03 9.897358e+02 4.817857e-02 4.555041e+01 1.083672e+03 9.985813e+02 4.086494e-02 4.559360e+01 -3.197166e-01 3.170545e-03 1.134801e-04 8.076659e-03
15.000 255.000 1.124365e+03 6.559550e+02 2.631045e-01 4.070724e+01 1.121013e+03 6.589143e+02 2.596166e-01 4.074259e+01 -4.561370e-01 4.707677e-03 6.056025e-05 1.766864e-02
15.000 285.000 1.598855e+03 9.002609e+02 2.795365e-01 4.799826e+01 1.602306e+03 8.954292e+02 2.830072e-01 4.793417e+01 -4.703359e-01 5.314289e-03 -5.116502e-05 1.562291e-02
15.000 315.000 7.429995e+02 7.085702e+02 2.371869e-02 3.808875e+01 7.476030e+02 7.029028e+02 3.081703e-02 3.806742e+01 -3.585086e-01 4.712879e-03 -1.318157e-04 1.003518e-02
15.000 345.000 1.098751e+03 1.035683e+03 2.954805e-02 4.617976e+01 1.110875e+03 1.024832e+03 4.028760e-02 4.617619e+01 -1.506193e-01 3.178263e-03 -1.644509e-04 3.901436e-03
45.000 15.000 9.661814e+02 1.104913e+03 -6.698464e-02 4.540706e+01 9.914692e+02 1.078944e+03 -4.224992e-02 4.546116e+01 5.400215e-02 4.200367e-03 -3.849550e-04 -2.664493e-03
45.000 45.000 1.065573e+03 1.758622e+03 -2.453973e-01 5.151817e+01 1.100824e+03 1.715210e+03 -2.181742e-01 5.178794e+01 2.611994e-01 4.369416e-03 -3.726698e-04 -9.833359e-03
45.000 75.000 1.089311e+03 1.847461e+03 -2.581577e-01 5.235503e+01 1.122377e+03 1.808751e+03 -2.341674e-01 5.263460e+01 3.984086e-01 4.192911e-03 -3.231498e-04 -1.254065e-02
45.000 105.000 1.489486e+03 1.966346e+03 -1.379870e-01 5.822398e+01 1.512561e+03 1.947672e+03 -1.257461e-01 5.835682e+01 4.288644e-01 3.823676e-03 -1.484907e-04 -9.735703e-03
45.000 135.000 1.319168e+03 1.258131e+03 2.368262e-02 5.075287e+01 1.318233e+03 1.257994e+03 2.338243e-02 5.074267e+01 3.444064e-01 3.629295e-03 4.182724e-06 -6.319323e-03
45.000 165.000 1.460249e+03 1.588553e+03 -4.208320e-02 5.516704e+01 1.436745e+03 1.609432e+03 -5.668997e-02 5.510342e+01 1.676650e-01 3.831850e-03 1.873312e-04 -3.802056e-03
45.000 195.000 1.373822e+03 1.341125e+03 1.204321e-02 5.210138e+01 1.342047e+03 1.376068e+03 -1.251658e-02 5.213146e+01 -5.400213e-02 4.200367e-03 3.332230e-04 1.267631e-03
45.000 225.000 1.423104e+03 1.251641e+03 6.410455e-02 5.161157e+01 1.388469e+03 1.291375e+03 3.623137e-02 5.173322e+01 -2.611994e-01 4.369416e-03 3.814282e-04 6.302928e-03
45.000 255.000 1.932306e+03 1.196557e+03 2.351489e-01 5.436775e+01 1.894799e+03 1.232614e+03 2.117356e-01 5.465533e+01 -3.984085e-01 4.192911e-03 3.037089e-04 1.165318e-02
45.000 285.000 1.503756e+03 9.689877e+02 2.162653e-01 4.854989e+01 1.486159e+03 9.863212e+02 2.021605e-01 4.869736e+01 -4.288644e-01 3.823676e-03 2.051182e-04 1.328797e-02
45.000 315.000 1.374470e+03 1.150118e+03 8.886680e-02 5.004648e+01 1.375966e+03 1.149329e+03 8.974680e-02 5.004953e+01 -3.444064e-01 3.629295e-03 -1.243309e-05 8.657417e-03
45.000 345.000 1.809321e+03 1.220621e+03 1.942941e-01 5.399594e+01 1.832563e+03 1.202040e+03 2.077779e-01 5.388501e+01 -1.676650e-01 3.831850e-03 -1.767594e-04 6.703451e-03
75.000 15.000 2.186851e+03 2.303003e+03 -2.586991e-02 6.698395e+01 2.229769e+03 2.263468e+03 -7.499951e-03 6.702973e+01 4.579154e-02 4.072804e-03 -1.938536e-04 -1.069830e-03
75.000 45.000 1.778002e+03 2.552191e+03 -1.787885e-01 6.474393e+01 1.838654e+03 2.488014e+03 -1.500832e-01 6.503238e+01 2.248903e-01 3.960988e-03 -3.128100e-04 -6.235005e-03
75.000 75.000 1.886744e+03 2.921118e+03 -2.151423e-01 6.771502e+01 1.960469e+03 2.843842e+03 -1.838709e-01 6.813137e+01 3.437298e-01 3.903010e-03 -3.255466e-04 -8.253296e-03
75.000 105.000 2.032862e+03 2.803367e+03 -1.593194e-01 6.865474e+01 2.100378e+03 2.740667e+03 -1.322626e-01 6.896636e+01 3.704673e-01 3.959274e-03 -2.780380e-04 -7.716680e-03
75.000 135.000 1.814426e+03 2.728171e+03 -2.011504e-01 6.602119e+01 1.841916e+03 2.695624e+03 -1.881433e-01 6.615830e+01 2.979383e-01 4.071136e-03 -1.391651e-04 -7.559524e-03
75.000 165.000 2.280170e+03 2.508274e+03 -4.763622e-02 6.912003e+01 2.272429e+03 2.513896e+03 -5.044941e-02 6.909517e+01 1.455770e-01 4.126753e-03 2.878449e-05 -2.795329e-03
75.000 195.000 2.756058e+03 2.069586e+03 1.422549e-01 6.876038e+01 2.704119e+03 2.109510e+03 1.235260e-01 6.884896e+01 -4.579152e-02 4.072804e-03 1.924769e-04 2.734808e-03
75.000 225.000 2.404132e+03 2.266854e+03 2.938955e-02 6.831509e+01 2.339697e+03 2.342697e+03 -6.407546e-04 6.842800e+01 -2.248902e-01 3.960988e-03 3.105769e-04 3.722161e-03
75.000 255.000 2.448933e+03 1.781935e+03 1.576505e-01 6.423173e+01 2.380859e+03 1.855468e+03 1.240204e-01 6.458459e+01 -3.437298e-01 3.903010e-03 3.692085e-04 7.805805e-03
75.000 285.000 2.869279e+03 1.532998e+03 3.035431e-01 6.321913e+01 2.806347e+03 1.584027e+03 2.784090e-01 6.364015e+01 -3.704673e-01 3.959274e-03 2.801900e-04 1.066149e-02
75.000 315.000 2.512587e+03 1.752389e+03 1.782420e-01 6.426100e+01 2.481808e+03 1.779655e+03 1.647681e-01 6.438766e+01 -2.979383e-01 4.071136e-03 1.481169e-04 7.410098e-03
75.000 345.000 2.484096e+03 1.993844e+03 1.094815e-01 6.651516e+01 2.491559e+03 1.988111e+03 1.123851e-01 6.650631e+01 -1.455770e-01 4.126753e-03 -3.086966e-05 3.834592e-03
105.000 15.000 2.404430e+03 2.879668e+03 -8.993734e-02 7.239721e+01 2.423440e+03 2.855431e+03 -8.183397e-02 7.241215e+01 5.358944e-02 4.126753e-03 -7.913785e-05 -1.982491e-03
105.000 45.000 2.740637e+03 2.893919e+03 -2.720385e-02 7.503590e+01 2.786745e+03 2.847554e+03 -1.079265e-02 7.505759e+01 2.107257e-01 4.071136e-03 -1.546299e-04 -3.170877e-03
105.000 75.000 2.480934e+03 3.292000e+03 -1.404946e-01 7.522621e+01 2.535033e+03 3.234258e+03 -1.211977e-01 7.539594e+01 3.113982e-01 3.959274e-03 -1.811811e-04 -6.007120e-03
105.000 105.000 2.222926e+03 2.986447e+03 -1.465669e-01 7.139654e+01 2.265952e+03 2.943358e+03 -1.300376e-01 7.156271e+01 3.286318e-01 3.903010e-03 -1.635144e-04 -6.655767e-03
105.000 135.000 2.396051e+03 2.910373e+03 -9.692455e-02 7.250223e+01 2.425561e+03 2.882323e+03 -8.605355e-02 7.258497e+01 2.578088e-01 3.960988e-03 -1.059633e-04 -4.892723e-03
105.000 165.000 2.351583e+03 2.958951e+03 -1.143704e-01 7.239523e+01 2.354842e+03 2.955734e+03 -1.131501e-01 7.240570e+01 1.179061e-01 4.072804e-03 -1.191805e-05 -3.208450e-03
105.000 195.000 3.662698e+03 2.331970e+03 2.219852e-01 7.549348e+01 3.630512e+03 2.353949e+03 2.133129e-01 7.557879e+01 -5.358942e-02 4.126753e-03 8.118362e-05 3.650311e-03
105.000 225.000 3.199315e+03 2.543990e+03 1.141023e-01 7.528965e+01 3.151133e+03 2.593098e+03 9.714701e-02 7.543221e+01 -2.107257e-01 4.071136e-03 1.590907e-04 4.314379e-03
105.000 255.000 3.148374e+03 2.261145e+03 1.640124e-01 7.255344e+01 3.092073e+03 2.312975e+03 1.441426e-01 7.275127e+01 -3.113982e-01 3.959274e-03 1.933880e-04 6.552558e-03
105.000 285.000 3.514254e+03 2.582594e+03 1.528102e-01 7.716528e+01 3.464929e+03 2.630917e+03 1.368165e-01 7.734171e+01 -3.286318e-01 3.903010e-03 1.463915e-04 6.239102e-03
105.000 315.000 2.939066e+03 2.259730e+03 1.306718e-01 7.148445e+01 2.910761e+03 2.289730e+03 1.194178e-01 7.159838e+01 -2.578088e-01 3.960988e-03 1.112329e-04 5.434477e-03
105.000 345.000 2.990945e+03 2.392757e+03 1.111109e-01 7.291939e+01 2.987108e+03 2.396512e+03 1.097025e-01 7.293031e+01 -1.179061e-01 4.072804e-03 1.365598e-05 3.140688e-03
135.000 15.000 1.849280e+03 2.145188e+03 -7.407962e-02 6.302814e+01 1.861867e+03 2.131670e+03 -6.755982e-02 6.305006e+01 5.746642e-02 3.831850e-03 -7.313231e-05 -2.087100e-03
135.000 45.000 1.703793e+03 2.217138e+03 -1.309244e-01 6.207835e+01 1.721912e+03 2.199745e+03 -1.218448e-01 6.215654e+01 1.997264e-01 3.629295e-03 -1.033567e-04 -5.326347e-03
135.000 75.000 1.773290e+03 2.557735e+03 -1.811224e-01 6.472205e+01 1.794666e+03 2.530703e+03 -1.701673e-01 6.480833e+01 2.884699e-01 3.823676e-03 -1.196081e-04 -7.255522e-03
135.000 105.000 1.563889e+03 2.489855e+03 -2.284223e-01 6.198575e+01 1.579219e+03 2.473054e+03 -2.205763e-01 6.208956e+01 2.999181e-01 4.192911e-03 -8.942928e-05 -8.523578e-03
135.000 135.000 1.877970e+03 2.264983e+03 -9.341468e-02 6.408432e+01 1.880952e+03 2.257496e+03 -9.098697e-02 6.406393e+01 2.310035e-01 4.369416e-03 -2.679167e-05 -5.062363e-03
135.000 165.000 1.781415e+03 1.893978e+03 -3.062607e-02 6.059658e+01 1.775276e+03 1.897858e+03 -3.337251e-02 6.057263e+01 1.001917e-01 4.200367e-03 3.205470e-05 -2.158830e-03
135.000 195.000 1.934049e+03 1.775996e+03 4.260124e-02 6.085484e+01 1.921213e+03 1.787563e+03 3.603618e-02 6.086017e+01 -5.746640e-02 3.831850e-03 7.627978e-05 1.644366e-03
135.000 225.000 2.256810e+03 1.749979e+03 1.264929e-01 6.279075e+01 2.242446e+03 1.767014e+03 1.185777e-01 6.287356e+01 -1.997264e-01 3.629295e-03 8.907683e-05 5.195340e-03
135.000 255.000 1.925820e+03 1.781314e+03 3.898045e-02 6.083996e+01 1.912356e+03 1.805263e+03 2.880682e-02 6.094698e+01 -2.884699e-01 3.823676e-03 1.181381e-04 5.382158e-03
135.000 285.000 2.228073e+03 1.864893e+03 8.873263e-02 6.372394e+01 2.206465e+03 1.878941e+03 8.016945e-02 6.371145e+01 -2.999181e-01 4.192911e-03 9.502986e-05 6.098975e-03
135.000 315.000 2.262120e+03 1.735645e+03 1.316924e-01 6.267721e+01 2.257023e+03 1.741325e+03 1.289778e-01 6.270434e+01 -2.310035e-01 4.369416e-03 3.061818e-05 5.786727e-03
135.000 345.000 2.090586e+03 1.859464e+03 5.851120e-02 6.274174e+01 2.095117e+03 1.855027e+03 6.077990e-02 6.273398e+01 -1.001917e-01 4.200367e-03 -2.557003e-05 2.529462e-03
165.000 15.000 8.435211e+02 1.021709e+03 -9.553137e-02 4.299079e+01 8.457831e+02 1.018987e+03 -9.288199e-02 4.299630e+01 6.500829e-02 3.178262e-03 -4.357374e-05 -3.734281e-03
165.000 45.000 8.046973e+02 1.009399e+03 -1.128393e-01 4.232018e+01 8.051769e+02 1.011251e+03 -1.134502e-01 4.234441e+01 1.951280e-01 4.712879e-03 1.020342e-05 -7.277081e-03
165.000 75.000 8.681910e+02 1.046605e+03 -9.317634e-02 4.356801e+01 8.665093e+02 1.043206e+03 -9.252534e-02 4.351283e+01 2.729634e-01 5.314288e-03 -1.057253e-05 -8.403866e-03
165.000 105.000 7.956125e+02 1.016215e+03 -1.217568e-01 4.224888e+01 7.924882e+02 1.018205e+03 -1.246577e-01 4.222033e+01 2.776584e-01 4.707677e-03 4.856881e-05 -9.453866e-03
165.000 135.000 7.901405e+02 1.048751e+03 -1.406338e-01 4.245612e+01 7.846147e+02 1.052315e+03 -1.457325e-01 4.240185e+01 2.079551e-01 3.170545e-03 8.497189e-05 -8.210570e-03
165.000 165.000 9.287412e+02 9.647502e+02 -1.901726e-02 4.350640e+01 9.258625e+02 9.674488e+02 -2.196486e-02 4.350170e+01 8.253040e-02 2.005472e-03 4.790973e-05 -2.334086e-03
165.000 195.000 1.142157e+03 9.534841e+02 9.003117e-02 4.559227e+01 1.137143e+03 9.570009e+02 8.602190e-02 4.559219e+01 -6.500827e-02 3.178262e-03 6.218119e-05 3.400565e-03
165.000 225.000 1.114911e+03 9.074853e+02 1.025645e-01 4.473390e+01 1.112110e+03 9.111964e+02 9.929971e-02 4.475886e+01 -1.951280e-01 4.712878e-03 5.159137e-05 6.654740e-03
165.000 255.000 9.494960e+02 9.102105e+02 2.112458e-02 4.311469e+01 9.527779e+02 9.094482e+02 2.326767e-02 4.314183e+01 -2.729634e-01 5.314288e-03 -3.513697e-05 6.821062e-03
165.000 285.000 8.806224e+02 7.453567e+02 8.319028e-02 4.018366e+01 8.864548e+02 7.428892e+02 8.811252e-02 4.020813e+01 -2.776584e-01 4.707678e-03 -8.658980e-05 8.979987e-03
165.000 315.000 9.107860e+02 9.286440e+02 -9.708445e-03 4.288655e+01 9.144563e+02 9.284495e+02 -7.593014e-03 4.292784e+01 -2.079551e-01 3.170545e-03 -3.486211e-05 4.622584e-03
165.000 345.000 8.598637e+02 8.684635e+02 -4.975816e-03 4.157264e+01 8.630173e+02 8.664533e+02 -1.986744e-03 4.158682e+01 -8.253041e-02 2.005472e-03 -5.083231e-05 1.865520e-03
195.000 15.000 8.911463e+02 1.014817e+03 -6.488627e-02 4.356534e+01 8.872364e+02 1.018747e+03 -6.899863e-02 4.355352e+01 8.253038e-02 2.005471e-03 6.675656e-05 -3.383806e-03
195.000 45.000 7.847335e+02 9.123966e+02 -7.522295e-02 4.107952e+01 7.831797e+02 9.182967e+02 -7.941163e-02 4.111869e+01 2.079551e-01 3.170545e-03 7.206585e-05 -6.893412e-03
195.000 75.000 7.818467e+02 1.151843e+03 -1.913419e-01 4.316125e+01 7.816748e+02 1.154898e+03 -1.927237e-01 4.318152e+01 2.776584e-01 4.707678e-03 2.263102e-05 -1.086624e-02
195.000 105.000 7.177000e+02 1.087608e+03 -2.049004e-01 4.158743e+01 7.209351e+02 1.089869e+03 -2.037401e-01 4.166098e+01 2.729634e-01 5.314289e-03 -1.971055e-05 -1.149058e-02
195.000 135.000 8.402732e+02 1.039816e+03 -1.061347e-01 4.311509e+01 8.402752e+02 1.040048e+03 -1.062438e-01 4.311726e+01 1.951281e-01 4.712879e-03 1.789403e-06 -6.987409e-03
195.000 165.000 9.179489e+02 8.939002e+02 1.327299e-02 4.256207e+01 9.197115e+02 8.906446e+02 1.605590e-02 4.254280e+01 6.500831e-02 3.178262e-03 -4.624438e-05 -1.215526e-03
195.000 195.000 9.341538e+02 7.440510e+02 1.132775e-01 4.070222e+01 9.389721e+02 7.402567e+02 1.183373e-01 4.069046e+01 -8.253036e-02 2.005471e-03 -8.791519e-05 4.810742e-03
195.000 225.000 9.785020e+02 9.268467e+02 2.711064e-02 4.363426e+01 9.808527e+02 9.177414e+02 3.324110e-02 4.354878e+01 -2.079551e-01 3.170545e-03 -9.944336e-05 5.387183e-03
195.000 255.000 9.915646e+02 8.856191e+02 5.643854e-02 4.325742e+01 9.981354e+02 8.833803e+02 6.099079e-02 4.329569e+01 -2.776584e-01 4.707678e-03 -7.438034e-05 7.723460e-03
195.000 285.000 9.824584e+02 8.583059e+02 6.744619e-02 4.280643e+01 9.854092e+02 8.617611e+02 6.693915e-02 4.288232e+01 -2.729634e-01 5.314289e-03 8.368366e-06 7.952300e-03
195.000 315.000 1.020974e+03 1.143290e+03 -5.651645e-02 4.644729e+01 1.021475e+03 1.152212e+03 -6.014554e-02 4.653841e+01 -1.951281e-01 4.712879e-03 5.519457e-05 2.984278e-03
195.000 345.000 1.061179e+03 8.713561e+02 9.822502e-02 4.374803e+01 1.056903e+03 8.730333e+02 9.527231e-02 4.373121e+01 -6.500832e-02 3.178262e-03 4.773423e-05 3.731216e-03
225.000 15.000 1.774666e+03 2.137071e+03 -9.264541e-02 6.227489e+01 1.770614e+03 2.140258e+03 -9.451682e-02 6.225700e+01 1.001916e-01 4.200367e-03 2.125220e-05 -3.096546e-03
225.000 45.000 1.822244e+03 1.921842e+03 -2.660155e-02 6.116728e+01 1.821234e+03 1.918335e+03 -2.596583e-02 6.113140e+01 2.310034e-01 4.369416e-03 -7.351279e-06 -4.211483e-03
225.000 75.000 1.736494e+03 2.480807e+03 -1.764902e-01 6.392134e+01 1.750960e+03 2.462597e+03 -1.688923e-01 6.397943e+01 2.999180e-01 4.192911e-03 -8.401128e-05 -7.453039e-03
225.000 105.000 1.805386e+03 2.644356e+03 -1.885435e-01 6.551000e+01 1.823631e+03 2.624920e+03 -1.801238e-01 6.560655e+01 2.884699e-01 3.823676e-03 -9.081487e-05 -7.281536e-03
225.000 135.000 1.735335e+03 2.495172e+03 -1.796091e-01 6.398463e+01 1.754116e+03 2.472010e+03 -1.698703e-01 6.406385e+01 1.997264e-01 3.629295e-03 -1.075594e-04 -5.928541e-03
225.000 165.000 2.021744e+03 1.806015e+03 5.635919e-02 6.177055e+01 2.036916e+03 1.793617e+03 6.351588e-02 6.176633e+01 5.746643e-02 3.831850e-03 -8.192766e-05 -1.792517e-05
225.000 195.000 2.040125e+03 1.975086e+03 1.619828e-02 6.335738e+01 2.046389e+03 1.969111e+03 1.924494e-02 6.335624e+01 -1.001916e-01 4.200367e-03 -3.400287e-05 1.837038e-03
225.000 225.000 2.140174e+03 1.921478e+03 5.384396e-02 6.363864e+01 2.136362e+03 1.928465e+03 5.114540e-02 6.367256e+01 -2.310034e-01 4.369416e-03 2.997647e-05 4.476013e-03
225.000 255.000 1.950499e+03 1.857991e+03 2.428990e-02 6.169476e+01 1.948707e+03 1.877162e+03 1.870020e-02 6.184280e+01 -2.999180e-01 4.192911e-03 6.398883e-05 5.255032e-03
225.000 285.000 2.337518e+03 1.564745e+03 1.980322e-01 6.123095e+01 2.322792e+03 1.580013e+03 1.903191e-01 6.133058e+01 -2.884699e-01 3.823676e-03 8.900067e-05 7.945363e-03
225.000 315.000 2.017614e+03 1.858107e+03 4.115545e-02 6.220254e+01 1.996536e+03 1.876315e+03 3.104208e-02 6.220224e+01 -1.997264e-01 3.629295e-03 1.149672e-04 3.872541e-03
225.000 345.000 2.049647e+03 1.783340e+03 6.947757e-02 6.176151e+01 2.038142e+03 1.797155e+03 6.283411e-02 6.180740e+01 -5.746645e-02 3.831850e-03 7.603263e-05 2.055390e-03
255.000 15.000 2.203122e+03 2.793299e+03 -1.181199e-01 7.019053e+01 2.204623e+03 2.790926e+03 -1.173652e-01 7.019072e+01 1.179061e-01 4.072804e-03 -7.603308e-06 -3.362648e-03
255.000 45.000 2.535056e+03 3.331363e+03 -1.357398e-01 7.588365e+01 2.567871e+03 3.297397e+03 -1.243806e-01 7.599033e+01 2.578088e-01 3.960988e-03 -1.057740e-04 -5.186210e-03
255.000 75.000 2.114782e+03 3.367051e+03 -2.284399e-01 7.208165e+01 2.155353e+03 3.309470e+03 -2.111901e-01 7.225708e+01 3.286318e-01 3.903010e-03 -1.690110e-04 -7.728343e-03
255.000 105.000 2.722508e+03 3.128438e+03 -6.937853e-02 7.630717e+01 2.782645e+03 3.073037e+03 -4.959154e-02 7.642827e+01 3.113982e-01 3.959274e-03 -1.832124e-04 -4.990052e-03
255.000 135.000 2.520041e+03 2.938674e+03 -7.669068e-02 7.366553e+01 2.569319e+03 2.897207e+03 -5.998108e-02 7.380284e+01 2.107257e-01 4.071136e-03 -1.602442e-04 -3.901641e-03
255.000 165.000 2.732645e+03 2.904045e+03 -3.040803e-02 7.504318e+01 2.759603e+03 2.877152e+03 -2.085407e-02 7.506200e+01 5.358946e-02 4.126753e-03 -9.001249e-05 -1.119322e-03
255.000 195.000 2.933329e+03 2.552261e+03 6.946711e-02 7.388585e+01 2.929628e+03 2.554472e+03 6.840800e-02 7.388123e+01 -1.179061e-01 4.072804e-03 1.013631e-05 2.535982e-03
255.000 225.000 3.168256e+03 2.511426e+03 1.156455e-01 7.485802e+01 3.138655e+03 2.544812e+03 1.044861e-01 7.497612e+01 -2.578088e-01 3.960988e-03 1.053282e-04 4.988834e-03
255.000 255.000 2.939782e+03 2.293631e+03 1.234665e-01 7.178882e+01 2.894406e+03 2.341776e+03 1.055406e-01 7.195733e+01 -3.286318e-01 3.903010e-03 1.763591e-04 6.297614e-03
255.000 285.000 3.003423e+03 2.090345e+03 1.792539e-01 7.021464e+01 2.945640e+03 2.136036e+03 1.593183e-01 7.037535e+01 -3.113982e-01 3.959274e-03 2.005347e-04 6.987889e-03
255.000 315.000 2.798990e+03 2.400265e+03 7.668902e-02 7.189351e+01 2.749995e+03 2.443382e+03 5.903926e-02 7.193938e+01 -2.107258e-01 4.071136e-03 1.735384e-04 3.997785e-03
255.000 345.000 3.131519e+03 2.742419e+03 6.624181e-02 7.647329e+01 3.101643e+03 2.769437e+03 5.658353e-02 7.650022e+01 -5.358948e-02 4.126753e-03 8.928917e-05 1.566969e-03
285.000 15.000 1.730330e+03 2.006434e+03 -7.388858e-02 6.096198e+01 1.725747e+03 2.013345e+03 -7.691657e-02 6.096696e+01 1.455770e-01 4.126753e-03 3.512065e-05 -3.600040e-03
285.000 45.000 1.832230e+03 2.472946e+03 -1.488245e-01 6.488314e+01 1.861110e+03 2.443638e+03 -1.353221e-01 6.500707e+01 2.979383e-01 4.071136e-03 -1.470105e-04 -6.885653e-03
285.000 75.000 1.694019e+03 2.673051e+03 -2.241850e-01 6.440175e+01 1.751303e+03 2.611664e+03 -1.971962e-01 6.475575e+01 3.704672e-01 3.959274e-03 -2.955137e-04 -9.233479e-03
285.000 105.000 1.785650e+03 3.024657e+03 -2.575732e-01 6.701621e+01 1.858759e+03 2.942680e+03 -2.257493e-01 6.750366e+01 3.437298e-01 3.903010e-03 -3.345645e-04 -8.972501e-03
285.000 135.000 2.038120e+03 2.838784e+03 -1.641745e-01 6.888726e+01 2.106121e+03 2.762558e+03 -1.348286e-01 6.913879e+01 2.248903e-01 3.960988e-03 -3.006782e-04 -5.647848e-03
285.000 165.000 2.491840e+03 2.387666e+03 2.134945e-02 6.983754e+01 2.540915e+03 2.345400e+03 4.001278e-02 6.984620e+01 4.579156e-02 4.072804e-03 -1.889549e-04 -3.499852e-04
285.000 195.000 2.263892e+03 2.059663e+03 4.723651e-02 6.568034e+01 2.269557e+03 2.053320e+03 5.002149e-02 6.566628e+01 -1.455770e-01 4.126753e-03 -2.998601e-05 2.935634e-03
285.000 225.000 2.764906e+03 2.039717e+03 1.509356e-01 6.852128e+01 2.732435e+03 2.072753e+03 1.372854e-01 6.866312e+01 -2.979383e-01 4.071136e-03 1.407180e-04 6.550868e-03
285.000 255.000 2.809643e+03 2.191908e+03 1.235088e-01 7.018017e+01 2.746436e+03 2.264935e+03 9.608162e-02 7.046352e+01 -3.704672e-01 3.959274e-03 2.757877e-04 7.038684e-03
285.000 285.000 2.932046e+03 2.165488e+03 1.503783e-01 7.058513e+01 2.852699e+03 2.252448e+03 1.175775e-01 7.095471e+01 -3.437298e-01 3.903010e-03 3.277319e-04 7.000173e-03
285.000 315.000 2.431506e+03 1.809097e+03 1.467737e-01 6.441467e+01 2.370628e+03 1.873324e+03 1.171795e-01 6.469682e+01 -2.248903e-01 3.960988e-03 3.241575e-04 5.769866e-03
285.000 345.000 2.423447e+03 1.788785e+03 1.506712e-01 6.416079e+01 2.378796e+03 1.828060e+03 1.309139e-01 6.430207e+01 -4.579158e-02 4.072804e-03 2.175024e-04 3.062038e-03
315.000 15.000 1.187602e+03 1.143867e+03 1.875881e-02 4.827679e+01 1.170730e+03 1.158900e+03 5.077874e-03 4.826562e+01 1.676650e-01 3.831850e-03 2.004070e-04 -3.084425e-03
315.000 45.000 1.136457e+03 1.819842e+03 -2.311624e-01 5.289921e+01 1.135424e+03 1.817993e+03 -2.311116e-01 5.287407e+01 3.444064e-01 3.629295e-03 -6.784945e-07 -1.088048e-02
315.000 75.000 1.244918e+03 1.793023e+03 -1.804197e-01 5.421303e+01 1.263696e+03 1.770682e+03 -1.670807e-01 5.431087e+01 4.288644e-01 3.823676e-03 -1.738253e-04 -1.123870e-02
315.000 105.000 1.117649e+03 1.439910e+03 -1.260034e-01 5.016925e+01 1.153903e+03 1.411592e+03 -1.004440e-01 5.039457e+01 3.984086e-01 4.192911e-03 -3.594371e-04 -1.045286e-02
315.000 135.000 1.157619e+03 1.656615e+03 -1.773116e-01 5.220878e+01 1.195974e+03 1.616388e+03 -1.494881e-01 5.243582e+01 2.611994e-01 4.369416e-03 -3.760186e-04 -8.399183e-03
315.000 165.000 1.460138e+03 1.431062e+03 1.005680e-02 5.376716e+01 1.498256e+03 1.397240e+03 3.488750e-02 5.377706e+01 5.400217e-02 4.200367e-03 -3.265253e-04 -8.173273e-04
315.000 195.000 1.395528e+03 1.270538e+03 4.688193e-02 5.157719e+01 1.411778e+03 1.252312e+03 5.985741e-02 5.152228e+01 -1.676649e-01 3.831850e-03 -1.779843e-04 4.159724e-03
315.000 225.000 1.831351e+03 1.008292e+03 2.898459e-01 5.100081e+01 1.832196e+03 1.007443e+03 2.904429e-01 5.099112e+01 -3.444064e-01 3.629295e-03 -8.277518e-06 1.243612e-02
315.000 255.000 1.973663e+03 1.147070e+03 2.648714e-01 5.386829e+01 1.950553e+03 1.167997e+03 2.509358e-01 5.405718e+01 -4.288644e-01 3.823676e-03 1.826055e-04 1.287837e-02
315.000 285.000 1.471100e+03 1.052294e+03 1.659691e-01 4.953670e+01 1.442090e+03 1.083625e+03 1.419261e-01 4.974775e+01 -3.984086e-01 4.192911e-03 3.424686e-04 1.139312e-02
315.000 315.000 1.817765e+03 1.057767e+03 2.642982e-01 5.171717e+01 1.772444e+03 1.092885e+03 2.371660e-01 5.200155e+01 -2.611995e-01 4.369416e-03 3.699482e-04 1.016099e-02
315.000 345.000 9.470456e+02 1.194202e+03 -1.154265e-01 4.596433e+01 9.235608e+02 1.226416e+03 -1.408643e-01 4.590550e+01 -5.400219e-02 4.200367e-03 3.915818e-04 -1.336347e-03
345.000 15.000 8.073033e+02 9.372650e+02 -7.449509e-02 4.165197e+01 7.998322e+02 9.441201e+02 -8.273618e-02 4.161748e+01 1.506193e-01 3.178263e-03 1.399632e-04 -5.404651e-03
345.000 45.000 7.362413e+02 1.180550e+03 -2.317980e-01 4.258874e+01 7.299004e+02 1.188623e+03 -2.391019e-01 4.253048e+01 3.585086e-01 4.712879e-03 1.213499e-04 -1.386062e-02
345.000 75.000 6.625493e+02 1.054786e+03 -2.283982e-01 4.034537e+01 6.609423e+02 1.057943e+03 -2.309638e-01 4.033847e+01 4.703358e-01 5.314288e-03 4.496892e-05 -1.731882e-02
345.000 105.000 7.179792e+02 1.081087e+03 -2.018313e-01 4.154251e+01 7.233888e+02 1.078100e+03 -1.968989e-01 4.161306e+01 4.561370e-01 4.707677e-03 -8.388474e-05 -1.583843e-02
345.000 135.000 8.819571e+02 9.092443e+02 -1.523402e-02 4.231768e+01 8.887144e+02 9.035797e+02 -8.294020e-03 4.233404e+01 3.197166e-01 3.170545e-03 -1.159414e-04 -7.915146e-03
345.000 165.000 1.172989e+03 1.053060e+03 5.387558e-02 4.711250e+01 1.184868e+03 1.041860e+03 6.422362e-02 4.709080e+01 9.762839e-02 2.005472e-03 -1.553485e-04 -9.286880e-04
345.000 195.000 1.234142e+03 9.293525e+02 1.408784e-01 4.604950e+01 1.247124e+03 9.190211e+02 1.514687e-01 4.600487e+01 -1.506192e-01 3.178263e-03 -1.626963e-04 6.330094e-03
345.000 225.000 1.358472e+03 8.866299e+02 2.101650e-01 4.632426e+01 1.367891e+03 8.789868e+02 2.175926e-01 4.626549e+01 -3.585086e-01 4.712878e-03 -1.134484e-04 1.227594e-02
345.000 255.000 1.174170e+03 8.090694e+02 1.840930e-01 4.377245e+01 1.175571e+03 8.057365e+02 1.866618e-01 4.372955e+01 -4.703358e-01 5.314288e-03 -4.151613e-05 1.495070e-02
345.000 285.000 1.283104e+03 7.051856e+02 2.906611e-01 4.266511e+01 1.280533e+03 7.080614e+02 2.878776e-01 4.270589e+01 -4.561370e-01 4.707677e-03 4.611026e-05 1.750372e-02
345.000 315.000 1.076062e+03 7.947756e+02 1.503532e-01 4.276149e+01 1.069972e+03 8.026766e+02 1.427365e-01 4.283101e+01 -3.197166e-01 3.170545e-03 1.258465e-04 1.099283e-02
345.000 345.000 1.036649e+03 9.977920e+02 1.909975e-02 4.509655e+01 1.025748e+03 1.008266e+03 8.594672e-03 4.509837e+01 -9.762842e-02 2.005472e-03 1.647146e-04 2.588405e-03
