  #t  #Q2   A1M1_AVG      A_1M1     dA_1M1   A0P1_AVG      A_0P1     dA_0P1   A2M1_AVG      A_2M1     dA_2M1   A3M1_AVG      A_3M1     dA_3M1   A1P1_AVG      A_1P1     dA_1P1       Asym      Astat          t         tp         xb         Q2          W     Dilute
   8    0 -1.007e-01 -5.833e-02 2.4261e-03  3.511e-01  3.732e-01 2.3630e-03 -3.277e-02  5.393e-03 2.3855e-03 -5.061e-03 -1.018e-02 2.3410e-03  5.768e-02  5.048e-02 2.3278e-03 1.4661e-02 1.1652e-02 8.6024e-01 2.8540e-01 4.6236e-01 6.1332e+00 2.8279e+00 3.6720e-01
   Phi   PhiS      N_U_avg      N_D_avg     Asym_avg    dAsym_avg      N_U_fit      N_D_fit     Asym_fit    dAsym_fit     Asym_cal    dAsym_cal     GOOD_fit     GOOD_cal
15.000 15.000 0.000000e+00 2.845014e+01 -1.000000e+00 2.000000e+00 0.000000e+00 2.820937e+01 -1.000000e+00 2.000000e+00 1.181371e-01 1.865469e-03 0.000000e+00 -5.590683e-01
15.000 45.000 0.000000e+00 4.956544e+01 -1.000000e+00 2.000000e+00 0.000000e+00 4.909708e+01 -1.000000e+00 2.000000e+00 3.353784e-01 2.951027e-03 0.000000e+00 -6.676885e-01
15.000 75.000 0.000000e+00 0.000000e+00         -nan         -nan 0.000000e+00 0.000000e+00         -nan         -nan 4.627554e-01 4.388420e-03         -nan         -nan
15.000 105.000 0.000000e+00 0.000000e+00         -nan         -nan 0.000000e+00 0.000000e+00         -nan         -nan 4.661374e-01 4.957752e-03         -nan         -nan
15.000 135.000 8.637226e+00 0.000000e+00 1.000000e+00 2.000000e+00 8.964199e+00 0.000000e+00 1.000000e+00 2.000000e+00 3.446183e-01 4.398944e-03 0.000000e+00 3.276901e-01
15.000 165.000 0.000000e+00 0.000000e+00         -nan         -nan 0.000000e+00 0.000000e+00         -nan         -nan 1.307590e-01 2.966656e-03         -nan         -nan
15.000 195.000 0.000000e+00 0.000000e+00         -nan         -nan 0.000000e+00 0.000000e+00         -nan         -nan -1.181371e-01 1.865469e-03         -nan         -nan
15.000 225.000 2.757120e+01 0.000000e+00 1.000000e+00 2.000000e+00 2.739918e+01 0.000000e+00 1.000000e+00 2.000000e+00 -3.353784e-01 2.951027e-03 0.000000e+00 6.676885e-01
15.000 255.000 0.000000e+00 0.000000e+00         -nan         -nan 0.000000e+00 0.000000e+00         -nan         -nan -4.627553e-01 4.388419e-03         -nan         -nan
15.000 285.000 4.581870e+01 0.000000e+00 1.000000e+00 2.000000e+00 4.477647e+01 0.000000e+00 1.000000e+00 2.000000e+00 -4.661374e-01 4.957752e-03 0.000000e+00 7.330664e-01
15.000 315.000 1.119051e+01 0.000000e+00 1.000000e+00 2.000000e+00 1.092101e+01 0.000000e+00 1.000000e+00 2.000000e+00 -3.446183e-01 4.398945e-03 0.000000e+00 6.723075e-01
15.000 345.000 0.000000e+00 0.000000e+00         -nan         -nan 0.000000e+00 0.000000e+00         -nan         -nan -1.307590e-01 2.966656e-03         -nan         -nan
45.000 15.000 0.000000e+00 0.000000e+00         -nan         -nan 0.000000e+00 0.000000e+00         -nan         -nan 1.075363e-01 3.915245e-03         -nan         -nan
45.000 45.000 9.677628e+00 7.969912e+01 -7.834419e-01 5.875285e+00 9.094264e+00 8.182601e+01 -7.999508e-01 5.721753e+00 3.080057e-01 4.066463e-03 2.013015e-03 -1.857693e-01
45.000 75.000 1.472215e+01 0.000000e+00 1.000000e+00 2.000000e+00 1.501356e+01 0.000000e+00 1.000000e+00 2.000000e+00 4.259452e-01 3.903411e-03 0.000000e+00 2.870269e-01
45.000 105.000 1.353897e+01 0.000000e+00 1.000000e+00 2.000000e+00 1.374516e+01 0.000000e+00 1.000000e+00 2.000000e+00 4.297530e-01 3.567931e-03 0.000000e+00 2.851231e-01
45.000 135.000 0.000000e+00 0.000000e+00         -nan         -nan 0.000000e+00 0.000000e+00         -nan         -nan 3.184088e-01 3.394577e-03         -nan         -nan
45.000 165.000 4.608549e+01 0.000000e+00 1.000000e+00 2.000000e+00 4.767988e+01 0.000000e+00 1.000000e+00 2.000000e+00 1.217473e-01 3.580874e-03 0.000000e+00 4.391256e-01
45.000 195.000 8.013273e+01 0.000000e+00 1.000000e+00 2.000000e+00 8.274380e+01 0.000000e+00 1.000000e+00 2.000000e+00 -1.075363e-01 3.915245e-03 0.000000e+00 5.537671e-01
45.000 225.000 1.884591e+01 3.363988e+01 -2.818662e-01 6.950961e+00 1.936319e+01 3.213393e+01 -2.479894e-01 6.951986e+00 -3.080057e-01 4.066463e-03 -3.445965e-03 3.760552e-03
45.000 255.000 0.000000e+00 0.000000e+00         -nan         -nan 0.000000e+00 0.000000e+00         -nan         -nan -4.259451e-01 3.903411e-03         -nan         -nan
45.000 285.000 0.000000e+00 6.842949e+01 -1.000000e+00 2.000000e+00 0.000000e+00 6.946638e+01 -1.000000e+00 2.000000e+00 -4.297530e-01 3.567931e-03 0.000000e+00 -2.851231e-01
45.000 315.000 0.000000e+00 0.000000e+00         -nan         -nan 0.000000e+00 0.000000e+00         -nan         -nan -3.184089e-01 3.394577e-03         -nan         -nan
45.000 345.000 4.412309e+01 2.425498e+01 2.905625e-01 7.912341e+00 4.259230e+01 2.504135e+01 2.595003e-01 7.942240e+00 -1.217473e-01 3.580874e-03 2.770722e-03 5.210972e-02
75.000 15.000 0.000000e+00 0.000000e+00         -nan         -nan 0.000000e+00 0.000000e+00         -nan         -nan 1.054594e-01 3.797702e-03         -nan         -nan
75.000 45.000 1.631998e+01 9.542202e+01 -7.078989e-01 7.466307e+00 1.569329e+01 1.007962e+02 -7.305630e-01 7.369970e+00 2.836534e-01 3.692801e-03 2.160325e-03 -1.328036e-01
75.000 75.000 1.444876e+01 2.963172e+01 -3.444372e-01 6.233050e+00 1.393444e+01 3.069590e+01 -3.755619e-01 6.191557e+00 3.858428e-01 3.639213e-03 3.542710e-03 -1.171625e-01
75.000 105.000 1.557296e+01 3.365260e+01 -3.672815e-01 6.525737e+00 1.525237e+01 3.538454e+01 -3.975791e-01 6.529378e+00 3.846458e-01 3.692795e-03 3.282026e-03 -1.152249e-01
75.000 135.000 0.000000e+00 0.000000e+00         -nan         -nan 0.000000e+00 0.000000e+00         -nan         -nan 2.803833e-01 3.797696e-03         -nan         -nan
75.000 165.000 1.273116e+01 3.734468e+01 -4.915247e-01 6.162604e+00 1.336981e+01 3.624431e+01 -4.610481e-01 6.250430e+00 1.009924e-01 3.849078e-03 -3.472100e-03 -9.614717e-02
75.000 195.000 0.000000e+00 5.198253e+01 -1.000000e+00 2.000000e+00 0.000000e+00 4.974810e+01 -1.000000e+00 2.000000e+00 -1.054594e-01 3.797702e-03 0.000000e+00 -4.472695e-01
75.000 225.000 0.000000e+00 0.000000e+00         -nan         -nan 0.000000e+00 0.000000e+00         -nan         -nan -2.836534e-01 3.692801e-03         -nan         -nan
75.000 255.000 0.000000e+00 0.000000e+00         -nan         -nan 0.000000e+00 0.000000e+00         -nan         -nan -3.858428e-01 3.639213e-03         -nan         -nan
75.000 285.000 1.769908e+01 0.000000e+00 1.000000e+00 2.000000e+00 1.819414e+01 0.000000e+00 1.000000e+00 2.000000e+00 -3.846458e-01 3.692795e-03 0.000000e+00 6.923217e-01
75.000 315.000 0.000000e+00 0.000000e+00         -nan         -nan 0.000000e+00 0.000000e+00         -nan         -nan -2.803834e-01 3.797696e-03         -nan         -nan
75.000 345.000 0.000000e+00 2.238737e+01 -1.000000e+00 2.000000e+00 0.000000e+00 2.289581e+01 -1.000000e+00 2.000000e+00 -1.009924e-01 3.849078e-03 0.000000e+00 -4.495030e-01
105.000 15.000 5.996114e+01 5.466404e+01 4.621240e-02 1.069488e+01 5.946323e+01 5.497883e+01 3.918496e-02 1.068954e+01 8.939856e-02 3.849078e-03 4.647451e-04 -4.038023e-03
105.000 45.000 5.727395e+01 4.596428e+01 1.095492e-01 1.009947e+01 5.636896e+01 4.653561e+01 9.555798e-02 1.009777e+01 2.501928e-01 3.797696e-03 9.796704e-04 -1.392584e-02
105.000 75.000 4.435210e+01 1.095305e+02 -4.235594e-01 1.123725e+01 4.340116e+01 1.126842e+02 -4.438791e-01 1.119518e+01 3.439481e-01 3.692795e-03 1.281020e-03 -6.830031e-02
105.000 105.000 8.320715e+01 9.186570e+01 -4.945684e-02 1.321532e+01 8.063875e+01 9.419107e+01 -7.751719e-02 1.318254e+01 3.455428e-01 3.639213e-03 1.503277e-03 -2.988953e-02
105.000 135.000 5.611714e+01 5.734729e+01 -1.084171e-02 1.065134e+01 5.497396e+01 5.823277e+01 -2.878642e-02 1.063546e+01 2.545495e-01 3.692801e-03 1.192178e-03 -2.491622e-02
105.000 165.000 5.100213e+01 1.036597e+02 -3.404689e-01 1.169331e+01 5.106736e+01 1.041942e+02 -3.421763e-01 1.170824e+01 9.534997e-02 3.797702e-03 1.031821e-04 -3.727078e-02
105.000 195.000 8.516331e+01 6.246539e+01 1.537501e-01 1.200579e+01 8.589950e+01 6.205092e+01 1.611931e-01 1.200442e+01 -8.939854e-02 3.849078e-03 -4.383993e-04 2.025262e-02
105.000 225.000 6.812197e+01 3.420454e+01 3.314628e-01 9.543801e+00 6.969265e+01 3.373393e+01 3.476739e-01 9.535442e+00 -2.501928e-01 3.797696e-03 -1.201621e-03 6.094589e-02
105.000 255.000 3.200636e+01 6.275082e+01 -3.244552e-01 9.207713e+00 3.258565e+01 6.132098e+01 -3.059989e-01 9.225706e+00 -3.439481e-01 3.692795e-03 -1.415966e-03 2.117017e-03
105.000 285.000 5.823803e+01 4.776617e+01 9.878726e-02 1.024547e+01 5.933805e+01 4.676307e+01 1.185188e-01 1.022794e+01 -3.455428e-01 3.639213e-03 -1.362968e-03 4.336842e-02
105.000 315.000 4.535149e+01 2.486806e+01 2.917054e-01 8.015262e+00 4.584470e+01 2.459101e+01 3.017460e-01 8.001405e+00 -2.545496e-01 3.692801e-03 -8.865486e-04 6.815185e-02
105.000 345.000 8.003027e+01 4.039624e+01 3.291139e-01 1.036255e+01 7.988310e+01 4.022898e+01 3.301426e-01 1.034507e+01 -9.534999e-02 3.797702e-03 -7.025824e-05 4.096134e-02
135.000 15.000 1.218438e+02 1.175890e+02 1.777063e-02 1.547117e+01 1.219855e+02 1.174670e+02 1.887041e-02 1.547150e+01 6.101677e-02 3.580874e-03 -5.026461e-05 -2.795272e-03
135.000 45.000 1.253981e+02 1.303926e+02 -1.952585e-02 1.599041e+01 1.236982e+02 1.322974e+02 -3.359118e-02 1.599083e+01 2.017488e-01 3.394577e-03 6.219703e-04 -1.383796e-02
135.000 75.000 1.242710e+02 1.316631e+02 -2.888249e-02 1.599127e+01 1.212825e+02 1.340392e+02 -4.996305e-02 1.595883e+01 2.884224e-01 3.567931e-03 9.330924e-04 -1.984239e-02
135.000 105.000 9.715256e+01 1.911410e+02 -3.260164e-01 1.605154e+01 9.442564e+01 1.959018e+02 -3.495231e-01 1.596431e+01 2.978135e-01 3.903411e-03 1.038339e-03 -3.886419e-02
135.000 135.000 1.093672e+02 1.550760e+02 -1.728493e-01 1.601694e+01 1.066844e+02 1.586949e+02 -1.959856e-01 1.597454e+01 2.274057e-01 4.066463e-03 1.022760e-03 -2.498948e-02
135.000 165.000 8.248827e+01 1.315431e+02 -2.291946e-01 1.424038e+01 8.142638e+01 1.331770e+02 -2.411456e-01 1.421703e+01 9.606470e-02 3.915245e-03 5.939130e-04 -2.284064e-02
135.000 195.000 1.591402e+02 9.417023e+01 2.564837e-01 1.538333e+01 1.590642e+02 9.425333e+01 2.558483e-01 1.538622e+01 -6.101675e-02 3.580874e-03 2.920412e-05 2.063926e-02
135.000 225.000 1.354429e+02 1.025898e+02 1.380192e-01 1.528065e+01 1.374446e+02 1.013420e+02 1.511920e-01 1.527508e+01 -2.017488e-01 3.394577e-03 -6.096760e-04 2.223518e-02
135.000 255.000 1.070923e+02 1.051580e+02 9.113060e-03 1.456821e+01 1.091383e+02 1.027782e+02 3.001192e-02 1.455079e+01 -2.884224e-01 3.567931e-03 -1.014988e-03 2.042362e-02
135.000 285.000 1.550911e+02 1.075358e+02 1.810754e-01 1.593788e+01 1.587879e+02 1.045745e+02 2.058509e-01 1.588089e+01 -2.978135e-01 3.903411e-03 -1.101171e-03 3.004722e-02
135.000 315.000 1.611098e+02 1.075772e+02 1.992379e-01 1.606304e+01 1.651022e+02 1.050175e+02 2.224374e-01 1.602357e+01 -2.274057e-01 4.066463e-03 -1.022515e-03 2.656057e-02
135.000 345.000 1.073068e+02 1.181813e+02 -4.822637e-02 1.499879e+01 1.084867e+02 1.167132e+02 -3.652987e-02 1.499665e+01 -9.606471e-02 3.915245e-03 -5.514621e-04 3.189481e-03
165.000 15.000 5.024607e+01 8.890329e+01 -2.778110e-01 1.133181e+01 5.034509e+01 8.865075e+01 -2.755886e-01 1.133310e+01 5.479670e-02 2.966656e-03 -1.386735e-04 -2.935168e-02
165.000 45.000 7.465537e+01 9.034350e+01 -9.508020e-02 1.278699e+01 7.400178e+01 9.106914e+01 -1.033941e-01 1.277913e+01 1.727477e-01 4.398944e-03 4.598904e-04 -2.094534e-02
165.000 75.000 6.870185e+01 8.288588e+01 -9.356978e-02 1.225808e+01 6.748807e+01 8.413426e+01 -1.097872e-01 1.223907e+01 2.444112e-01 4.957751e-03 9.362265e-04 -2.757209e-02
165.000 105.000 5.018270e+01 8.203237e+01 -2.408929e-01 1.115987e+01 4.915475e+01 8.353748e+01 -2.591164e-01 1.112579e+01 2.505848e-01 4.388419e-03 1.156435e-03 -4.403973e-02
165.000 135.000 8.775539e+01 9.161694e+01 -2.152814e-02 1.338989e+01 8.621170e+01 9.315299e+01 -3.869930e-02 1.338268e+01 1.896145e-01 2.951028e-03 9.070358e-04 -1.576881e-02
165.000 165.000 8.366066e+01 7.924049e+01 2.713408e-02 1.275857e+01 8.278873e+01 8.001863e+01 1.701460e-02 1.275775e+01 7.783709e-02 1.865469e-03 5.608605e-04 -3.974035e-03
165.000 195.000 6.992729e+01 7.651679e+01 -4.499671e-02 1.208915e+01 6.987794e+01 7.666310e+01 -4.630209e-02 1.209243e+01 -5.479669e-02 2.966656e-03 7.634305e-05 8.106426e-04
165.000 225.000 9.710271e+01 9.021324e+01 3.677995e-02 1.367708e+01 9.784099e+01 8.935027e+01 4.535850e-02 1.366770e+01 -1.727477e-01 4.398944e-03 -4.436639e-04 1.531962e-02
165.000 255.000 1.013571e+02 8.721904e+01 7.497245e-02 1.369365e+01 1.028604e+02 8.566609e+01 9.120377e-02 1.367327e+01 -2.444112e-01 4.957751e-03 -8.387696e-04 2.332348e-02
165.000 285.000 7.518561e+01 9.206441e+01 -1.009196e-01 1.286649e+01 7.650421e+01 9.006505e+01 -8.141266e-02 1.286333e+01 -2.505848e-01 4.388420e-03 -1.072178e-03 1.163217e-02
165.000 315.000 7.790581e+01 8.160453e+01 -2.318796e-02 1.262634e+01 7.915023e+01 8.014287e+01 -6.231529e-03 1.262089e+01 -1.896145e-01 2.951028e-03 -9.498076e-04 1.318090e-02
165.000 345.000 7.643036e+01 6.259504e+01 9.951650e-02 1.173237e+01 7.727673e+01 6.183875e+01 1.109724e-01 1.172187e+01 -7.783711e-02 1.865469e-03 -6.907533e-04 1.511660e-02
195.000 15.000 5.955833e+01 8.217942e+01 -1.595982e-01 1.175276e+01 5.892466e+01 8.281293e+01 -1.685387e-01 1.173505e+01 7.783707e-02 1.865468e-03 5.383098e-04 -2.020251e-02
195.000 45.000 8.658563e+01 8.602562e+01 3.244357e-03 1.313809e+01 8.495892e+01 8.748608e+01 -1.465483e-02 1.313042e+01 1.896145e-01 2.951027e-03 9.636353e-04 -1.418548e-02
195.000 75.000 7.428617e+01 9.780735e+01 -1.366768e-01 1.299533e+01 7.275269e+01 9.960490e+01 -1.557936e-01 1.296820e+01 2.505848e-01 4.388420e-03 1.041279e-03 -2.980005e-02
195.000 105.000 8.015944e+01 1.107487e+02 -1.602303e-01 1.363843e+01 7.879811e+01 1.123402e+02 -1.754858e-01 1.361074e+01 2.444112e-01 4.957752e-03 7.917516e-04 -2.966921e-02
195.000 135.000 8.342522e+01 8.886197e+01 -3.155631e-02 1.311928e+01 8.265327e+01 8.959213e+01 -4.028471e-02 1.311358e+01 1.727478e-01 4.398944e-03 4.705482e-04 -1.557280e-02
195.000 165.000 6.780164e+01 8.110557e+01 -8.934372e-02 1.215395e+01 6.777578e+01 8.109476e+01 -8.946683e-02 1.215232e+01 5.479672e-02 2.966656e-03 7.162926e-06 -1.185955e-02
195.000 195.000 9.844577e+01 9.162111e+01 3.590661e-02 1.377758e+01 9.941009e+01 9.059566e+01 4.639034e-02 1.376942e+01 -7.783706e-02 1.865468e-03 -5.382157e-04 8.255705e-03
195.000 225.000 1.013711e+02 8.537328e+01 8.566695e-02 1.361521e+01 1.029811e+02 8.383483e+01 1.024874e-01 1.359609e+01 -1.896145e-01 2.951027e-03 -8.741850e-04 2.021867e-02
195.000 255.000 1.110799e+02 6.797497e+01 2.407357e-01 1.298761e+01 1.130680e+02 6.617988e+01 2.615824e-01 1.292218e+01 -2.505848e-01 4.388420e-03 -1.137854e-03 3.782995e-02
195.000 285.000 1.001459e+02 7.669592e+01 1.326043e-01 1.318075e+01 1.015191e+02 7.543057e+01 1.474346e-01 1.315687e+01 -2.444112e-01 4.957752e-03 -7.963209e-04 2.860348e-02
195.000 315.000 1.027032e+02 8.651135e+01 8.557392e-02 1.370507e+01 1.034707e+02 8.565605e+01 9.419407e-02 1.369119e+01 -1.727478e-01 4.398944e-03 -4.449778e-04 1.884862e-02
195.000 345.000 8.542229e+01 8.832501e+01 -1.670661e-02 1.317948e+01 8.528400e+01 8.844697e+01 -1.820615e-02 1.317852e+01 -5.479673e-02 2.966656e-03 8.045681e-05 2.890107e-03
225.000 15.000 1.477294e+02 9.600477e+01 2.122172e-01 1.525638e+01 1.457865e+02 9.718817e+01 2.000139e-01 1.527267e+01 9.606468e-02 3.915245e-03 5.653020e-04 7.613373e-03
225.000 45.000 1.019029e+02 1.029508e+02 -5.115342e-03 1.431253e+01 9.960808e+01 1.049814e+02 -2.626382e-02 1.429854e+01 2.274057e-01 4.066463e-03 1.045346e-03 -1.624598e-02
225.000 75.000 9.011799e+01 1.044287e+02 -7.355927e-02 1.391021e+01 8.771464e+01 1.067740e+02 -9.799724e-02 1.387879e+01 2.978135e-01 3.903411e-03 1.243675e-03 -2.669785e-02
225.000 105.000 1.154672e+02 1.128288e+02 1.155689e-02 1.510846e+01 1.127115e+02 1.146879e+02 -8.691295e-03 1.507920e+01 2.884224e-01 3.567931e-03 9.485744e-04 -1.832520e-02
225.000 135.000 8.007739e+01 1.530651e+02 -3.130607e-01 1.450148e+01 7.900403e+01 1.547526e+02 -3.240489e-01 1.446411e+01 2.017488e-01 3.394577e-03 5.364873e-04 -3.550048e-02
225.000 165.000 1.410216e+02 1.496173e+02 -2.957490e-02 1.704068e+01 1.412233e+02 1.495530e+02 -2.864629e-02 1.704517e+01 6.101678e-02 3.580874e-03 -3.852764e-05 -5.316202e-03
225.000 195.000 1.363751e+02 1.185046e+02 7.011324e-02 1.592566e+01 1.380433e+02 1.170834e+02 8.215471e-02 1.591869e+01 -9.606466e-02 3.915245e-03 -5.347636e-04 1.043460e-02
225.000 225.000 1.418096e+02 1.170662e+02 9.558051e-02 1.601595e+01 1.445455e+02 1.141598e+02 1.174531e-01 1.597299e+01 -2.274057e-01 4.066463e-03 -9.669750e-04 2.016653e-02
225.000 255.000 1.514721e+02 1.342103e+02 6.042286e-02 1.687126e+01 1.547218e+02 1.305849e+02 8.459969e-02 1.683047e+01 -2.978135e-01 3.903411e-03 -1.014523e-03 2.123353e-02
225.000 285.000 2.016855e+02 1.102293e+02 2.932089e-01 1.688488e+01 2.058965e+02 1.077335e+02 3.129899e-01 1.681981e+01 -2.884224e-01 3.567931e-03 -8.299898e-04 3.444688e-02
225.000 315.000 1.353432e+02 1.267033e+02 3.297067e-02 1.617905e+01 1.368401e+02 1.250502e+02 4.501843e-02 1.616662e+01 -2.017488e-01 3.394577e-03 -5.267505e-04 1.450762e-02
225.000 345.000 1.123170e+02 1.044951e+02 3.607656e-02 1.471495e+01 1.120778e+02 1.045683e+02 3.466249e-02 1.471006e+01 -6.101680e-02 3.580874e-03 6.796229e-05 6.598277e-03
255.000 15.000 6.409321e+01 5.485998e+01 7.762078e-02 1.087366e+01 6.379119e+01 5.515086e+01 7.264317e-02 1.087724e+01 9.534996e-02 3.797702e-03 3.236369e-04 -1.630470e-03
255.000 45.000 4.811238e+01 5.457237e+01 -6.291090e-02 1.011328e+01 4.737355e+01 5.507481e+01 -7.517206e-02 1.009304e+01 2.545495e-01 3.692801e-03 8.581424e-04 -3.139046e-02
255.000 75.000 4.646045e+01 4.144045e+01 5.710976e-02 9.360246e+00 4.551580e+01 4.201506e+01 3.999438e-02 9.348307e+00 3.455427e-01 3.639213e-03 1.293783e-03 -3.081468e-02
255.000 105.000 5.743027e+01 3.292272e+01 2.712423e-01 9.149071e+00 5.591234e+01 3.339095e+01 2.521899e-01 9.144596e+00 3.439481e-01 3.692795e-03 1.472866e-03 -7.946792e-03
255.000 135.000 6.571037e+01 2.846067e+01 3.955536e-01 8.912732e+00 6.377141e+01 2.885544e+01 3.769530e-01 8.914324e+00 2.501928e-01 3.797696e-03 1.475582e-03 1.630934e-02
255.000 165.000 7.013436e+01 4.622077e+01 2.055225e-01 1.055653e+01 6.919185e+01 4.647486e+01 1.964004e-01 1.054538e+01 8.939857e-02 3.849078e-03 6.113463e-04 1.100019e-02
255.000 195.000 7.149684e+01 6.087895e+01 8.021026e-02 1.146840e+01 7.222308e+01 6.058656e+01 8.761799e-02 1.147999e+01 -9.534994e-02 3.797702e-03 -4.565079e-04 1.530817e-02
255.000 225.000 5.208673e+01 4.429443e+01 8.084885e-02 9.785252e+00 5.262163e+01 4.361723e+01 9.356309e-02 9.767107e+00 -2.545495e-01 3.692801e-03 -9.196152e-04 3.427590e-02
255.000 255.000 8.135394e+01 4.471337e+01 2.906429e-01 1.074328e+01 8.393511e+01 4.355330e+01 3.167489e-01 1.070969e+01 -3.455427e-01 3.639213e-03 -1.720944e-03 5.921709e-02
255.000 285.000 1.113623e+02 4.579794e+01 4.171817e-01 1.139333e+01 1.153839e+02 4.484956e+01 4.401975e-01 1.136593e+01 -3.439481e-01 3.692795e-03 -1.430153e-03 6.680484e-02
255.000 315.000 3.973190e+01 6.853763e+01 -2.660557e-01 1.003023e+01 4.021824e+01 6.675276e+01 -2.480534e-01 1.001943e+01 -2.501928e-01 3.797696e-03 -1.269801e-03 -1.581510e-03
255.000 345.000 8.841217e+01 4.889300e+01 2.878200e-01 1.122189e+01 8.958944e+01 4.832044e+01 2.992461e-01 1.120537e+01 -8.939859e-02 3.849078e-03 -7.205063e-04 3.361454e-02
285.000 15.000 4.275924e+01 3.226318e+01 1.399056e-01 8.576361e+00 4.366081e+01 3.142082e+01 1.630225e-01 8.549049e+00 1.009924e-01 3.849078e-03 -1.908988e-03 4.537271e-03
285.000 45.000 0.000000e+00 0.000000e+00         -nan         -nan 0.000000e+00 0.000000e+00         -nan         -nan 2.803833e-01 3.797696e-03         -nan         -nan
285.000 75.000 1.282870e+01 0.000000e+00 1.000000e+00 2.000000e+00 1.241171e+01 0.000000e+00 1.000000e+00 2.000000e+00 3.846458e-01 3.692795e-03 0.000000e+00 3.076766e-01
285.000 105.000 1.527418e+01 3.529411e+01 -3.958989e-01 6.530116e+00 1.415125e+01 3.676355e+01 -4.441205e-01 6.393138e+00 3.858428e-01 3.639213e-03 5.276674e-03 -1.197133e-01
285.000 135.000 0.000000e+00 0.000000e+00         -nan         -nan 0.000000e+00 0.000000e+00         -nan         -nan 2.836535e-01 3.692801e-03         -nan         -nan
285.000 165.000 1.471170e+01 5.758315e+01 -5.930084e-01 6.846292e+00 1.377845e+01 5.954196e+01 -6.241578e-01 6.690049e+00 1.054595e-01 3.797702e-03 3.254123e-03 -1.020213e-01
285.000 195.000 1.249122e+01 4.858648e+01 -5.909728e-01 6.304473e+00 1.245362e+01 4.997428e+01 -6.010240e-01 6.314830e+00 -1.009923e-01 3.849078e-03 1.126416e-03 -7.771947e-02
285.000 225.000 0.000000e+00 0.000000e+00         -nan         -nan 0.000000e+00 0.000000e+00         -nan         -nan -2.803833e-01 3.797697e-03         -nan         -nan
285.000 255.000 0.000000e+00 4.951582e+01 -1.000000e+00 2.000000e+00 0.000000e+00 4.723146e+01 -1.000000e+00 2.000000e+00 -3.846458e-01 3.692795e-03 0.000000e+00 -3.076766e-01
285.000 285.000 5.729866e+01 0.000000e+00 1.000000e+00 2.000000e+00 5.951795e+01 0.000000e+00 1.000000e+00 2.000000e+00 -3.858428e-01 3.639213e-03 0.000000e+00 6.929202e-01
285.000 315.000 2.332662e+01 0.000000e+00 1.000000e+00 2.000000e+00 2.477955e+01 0.000000e+00 1.000000e+00 2.000000e+00 -2.836535e-01 3.692800e-03 0.000000e+00 6.418256e-01
285.000 345.000 1.465463e+01 3.435580e+01 -4.019792e-01 6.410223e+00 1.502672e+01 3.289408e+01 -3.728519e-01 6.423310e+00 -1.054595e-01 3.797702e-03 -3.209734e-03 -4.625731e-02
315.000 15.000 3.174650e+01 2.594931e+01 1.004785e-01 7.557335e+00 3.291846e+01 2.532425e+01 1.303891e-01 7.566538e+00 1.217473e-01 3.580874e-03 -2.796897e-03 -2.814318e-03
315.000 45.000 4.812344e+01 6.887092e+01 -1.773375e-01 1.064495e+01 4.950950e+01 6.744075e+01 -1.533238e-01 1.068648e+01 3.184088e-01 3.394577e-03 -1.592034e-03 -4.657101e-02
315.000 75.000 0.000000e+00 0.000000e+00         -nan         -nan 0.000000e+00 0.000000e+00         -nan         -nan 4.297530e-01 3.567931e-03         -nan         -nan
315.000 105.000 6.628827e+00 3.848337e+01 -7.061182e-01 4.755957e+00 6.710596e+00 3.847993e+01 -7.030087e-01 4.780837e+00 4.259451e-01 3.903411e-03 -4.611117e-04 -2.380306e-01
315.000 135.000 0.000000e+00 0.000000e+00         -nan         -nan 0.000000e+00 0.000000e+00         -nan         -nan 3.080057e-01 4.066463e-03         -nan         -nan
315.000 165.000 0.000000e+00 0.000000e+00         -nan         -nan 0.000000e+00 0.000000e+00         -nan         -nan 1.075363e-01 3.915245e-03         -nan         -nan
315.000 195.000 5.088421e+01 1.602444e+01 5.210053e-01 6.981872e+00 4.943454e+01 1.655132e+01 4.983373e-01 7.042651e+00 -1.217473e-01 3.580874e-03 2.285793e-03 9.206020e-02
315.000 225.000 2.295411e+01 0.000000e+00 1.000000e+00 2.000000e+00 2.240631e+01 0.000000e+00 1.000000e+00 2.000000e+00 -3.184088e-01 3.394577e-03 0.000000e+00 6.592034e-01
315.000 255.000 0.000000e+00 1.831324e+01 -1.000000e+00 2.000000e+00 0.000000e+00 1.839866e+01 -1.000000e+00 2.000000e+00 -4.297530e-01 3.567931e-03 0.000000e+00 -2.851231e-01
315.000 285.000 1.919076e+01 8.455881e+00 3.882888e-01 4.845452e+00 1.935637e+01 8.405187e+00 3.944730e-01 4.841654e+00 -4.259452e-01 3.903411e-03 -9.028288e-04 1.680408e-01
315.000 315.000 0.000000e+00 4.797365e+01 -1.000000e+00 2.000000e+00 0.000000e+00 4.677117e+01 -1.000000e+00 2.000000e+00 -3.080057e-01 4.066463e-03 0.000000e+00 -3.459964e-01
315.000 345.000 0.000000e+00 0.000000e+00         -nan         -nan 0.000000e+00 0.000000e+00         -nan         -nan -1.075364e-01 3.915245e-03         -nan         -nan
345.000 15.000 0.000000e+00 0.000000e+00         -nan         -nan 0.000000e+00 0.000000e+00         -nan         -nan 1.307590e-01 2.966657e-03         -nan         -nan
345.000 45.000 0.000000e+00 0.000000e+00         -nan         -nan 0.000000e+00 0.000000e+00         -nan         -nan 3.446183e-01 4.398944e-03         -nan         -nan
345.000 75.000 3.244030e+01 0.000000e+00 1.000000e+00 2.000000e+00 3.328893e+01 0.000000e+00 1.000000e+00 2.000000e+00 4.661374e-01 4.957751e-03 0.000000e+00 2.669305e-01
345.000 105.000 0.000000e+00 0.000000e+00         -nan         -nan 0.000000e+00 0.000000e+00         -nan         -nan 4.627554e-01 4.388419e-03         -nan         -nan
345.000 135.000 0.000000e+00 0.000000e+00         -nan         -nan 0.000000e+00 0.000000e+00         -nan         -nan 3.353784e-01 2.951027e-03         -nan         -nan
345.000 165.000 2.424307e+01 0.000000e+00 1.000000e+00 2.000000e+00 2.380433e+01 0.000000e+00 1.000000e+00 2.000000e+00 1.181371e-01 1.865469e-03 0.000000e+00 4.409313e-01
345.000 195.000 4.285878e+01 0.000000e+00 1.000000e+00 2.000000e+00 4.253203e+01 0.000000e+00 1.000000e+00 2.000000e+00 -1.307590e-01 2.966656e-03 0.000000e+00 5.653789e-01
345.000 225.000 0.000000e+00 0.000000e+00         -nan         -nan 0.000000e+00 0.000000e+00         -nan         -nan -3.446183e-01 4.398944e-03         -nan         -nan
345.000 255.000 0.000000e+00 0.000000e+00         -nan         -nan 0.000000e+00 0.000000e+00         -nan         -nan -4.661374e-01 4.957751e-03         -nan         -nan
345.000 285.000 0.000000e+00 0.000000e+00         -nan         -nan 0.000000e+00 0.000000e+00         -nan         -nan -4.627554e-01 4.388419e-03         -nan         -nan
345.000 315.000 2.340565e+01 0.000000e+00 1.000000e+00 2.000000e+00 2.326817e+01 0.000000e+00 1.000000e+00 2.000000e+00 -3.353784e-01 2.951028e-03 0.000000e+00 6.676885e-01
345.000 345.000 0.000000e+00 0.000000e+00         -nan         -nan 0.000000e+00 0.000000e+00         -nan         -nan -1.181371e-01 1.865469e-03         -nan         -nan
