  #t  #Q2   A1M1_AVG      A_1M1     dA_1M1   A0P1_AVG      A_0P1     dA_0P1   A2M1_AVG      A_2M1     dA_2M1   A3M1_AVG      A_3M1     dA_3M1   A1P1_AVG      A_1P1     dA_1P1       Asym      Astat          t         tp         xb         Q2          W     Dilute
   2    0 -5.737e-02 -2.145e-02 3.8514e-03  3.725e-01  3.399e-01 3.8031e-03 -9.067e-03  6.781e-04 3.8273e-03 -1.768e-04  5.885e-03 3.7384e-03  1.896e-02  7.690e-03 3.7134e-03 4.8891e-03 1.5330e-03 2.5045e-01 2.8691e-02 3.8866e-01 4.8439e+00 2.9248e+00 7.6661e-01
   Phi   PhiS      N_U_avg      N_D_avg     Asym_avg    dAsym_avg      N_U_fit      N_D_fit     Asym_fit    dAsym_fit     Asym_cal    dAsym_cal     GOOD_fit     GOOD_cal
15.000 15.000 1.907455e+03 1.813722e+03 2.518897e-02 6.098210e+01 1.916828e+03 1.804285e+03 3.024447e-02 6.097302e+01 9.493560e-02 2.981839e-03 -5.862448e-05 -1.143723e-03
15.000 45.000 1.017157e+03 1.471397e+03 -1.825319e-01 4.904733e+01 1.041003e+03 1.443636e+03 -1.620486e-01 4.918732e+01 2.575548e-01 4.718406e-03 -2.948833e-04 -8.972694e-03
15.000 75.000 1.018623e+03 1.672287e+03 -2.429155e-01 5.032023e+01 1.055578e+03 1.635511e+03 -2.155012e-01 5.065681e+01 3.511624e-01 7.016197e-03 -3.839438e-04 -1.180595e-02
15.000 105.000 1.310044e+03 1.866194e+03 -1.750970e-01 5.548746e+01 1.353932e+03 1.818940e+03 -1.465577e-01 5.572003e+01 3.506764e-01 7.925824e-03 -3.629306e-04 -9.475536e-03
15.000 135.000 1.292356e+03 1.059838e+03 9.885161e-02 4.826189e+01 1.324076e+03 1.041033e+03 1.196742e-01 4.828288e+01 2.562269e-01 7.031835e-03 -3.050148e-04 -3.260860e-03
15.000 165.000 1.472645e+03 1.279772e+03 7.007394e-02 5.233452e+01 1.487987e+03 1.267600e+03 7.997814e-02 5.232553e+01 9.312156e-02 4.741628e-03 -1.338299e-04 -4.403904e-04
15.000 195.000 8.468521e+02 1.648685e+03 -3.213067e-01 4.730648e+01 8.403135e+02 1.656396e+03 -3.268633e-01 4.722248e+01 -9.493558e-02 2.981839e-03 8.313023e-05 -4.785204e-03
15.000 225.000 1.512767e+03 1.096926e+03 1.593448e-01 5.043244e+01 1.486643e+03 1.125899e+03 1.380815e-01 5.062341e+01 -2.575548e-01 4.718406e-03 2.975662e-04 8.266497e-03
15.000 255.000 1.769193e+03 1.428143e+03 1.066669e-01 5.622239e+01 1.730207e+03 1.481946e+03 7.728795e-02 5.650634e+01 -3.511624e-01 7.016196e-03 3.685664e-04 8.143186e-03
15.000 285.000 1.462300e+03 1.006351e+03 1.846958e-01 4.883072e+01 1.425649e+03 1.045015e+03 1.540613e-01 4.911236e+01 -3.506764e-01 7.925824e-03 4.423345e-04 1.096384e-02
15.000 315.000 1.574629e+03 1.522633e+03 1.678786e-02 5.564520e+01 1.542318e+03 1.558545e+03 -5.232907e-03 5.568463e+01 -2.562269e-01 7.031835e-03 2.797280e-04 4.906348e-03
15.000 345.000 7.781121e+02 1.406301e+03 -2.875778e-01 4.476337e+01 7.707473e+02 1.418656e+03 -2.959294e-01 4.469528e+01 -9.312158e-02 4.741628e-03 1.320269e-04 -4.344091e-03
45.000 15.000 1.278697e+03 1.873558e+03 -1.887097e-01 5.513619e+01 1.279476e+03 1.875431e+03 -1.888978e-01 5.515735e+01 8.965888e-02 6.258427e-03 2.411490e-06 -5.048746e-03
45.000 45.000 1.811170e+03 2.232400e+03 -1.041729e-01 6.324310e+01 1.845247e+03 2.200096e+03 -8.771784e-02 6.335784e+01 2.544001e-01 6.505449e-03 -1.838130e-04 -5.669756e-03
45.000 75.000 1.515065e+03 1.898071e+03 -1.122152e-01 5.805305e+01 1.565281e+03 1.858900e+03 -8.574861e-02 5.830097e+01 3.509750e-01 6.245638e-03 -3.216846e-04 -7.978739e-03
45.000 105.000 1.282757e+03 2.768847e+03 -3.667906e-01 5.921588e+01 1.320668e+03 2.712040e+03 -3.450218e-01 5.960414e+01 3.535064e-01 5.704572e-03 -2.590936e-04 -1.216392e-02
45.000 135.000 1.812570e+03 2.084231e+03 -6.971373e-02 6.227249e+01 1.853863e+03 2.047326e+03 -4.959070e-02 6.238265e+01 2.613161e-01 5.421179e-03 -2.282959e-04 -5.315828e-03
45.000 165.000 1.342745e+03 1.314330e+03 1.069413e-02 5.154387e+01 1.359108e+03 1.300628e+03 2.198702e-02 5.156017e+01 9.910636e-02 5.718572e-03 -1.548975e-04 -1.715281e-03
45.000 195.000 1.436923e+03 1.796808e+03 -1.112912e-01 5.651265e+01 1.434373e+03 1.795303e+03 -1.117544e-01 5.647425e+01 -8.965886e-02 6.258427e-03 5.798553e-06 -3.827871e-04
45.000 225.000 2.092520e+03 1.349810e+03 2.157578e-01 5.728948e+01 2.063929e+03 1.373334e+03 2.009143e-01 5.743268e+01 -2.544001e-01 6.505449e-03 1.829805e-04 8.206705e-03
45.000 255.000 2.055115e+03 1.708085e+03 9.221672e-02 6.108353e+01 2.026817e+03 1.752481e+03 7.258907e-02 6.131382e+01 -3.509750e-01 6.245638e-03 2.267831e-04 7.255503e-03
45.000 285.000 1.980213e+03 1.632826e+03 9.614816e-02 5.983009e+01 1.936539e+03 1.682956e+03 7.006056e-02 6.001440e+01 -3.535064e-01 5.704572e-03 3.078439e-04 7.515527e-03
45.000 315.000 1.829567e+03 1.577572e+03 7.396073e-02 5.821084e+01 1.789420e+03 1.618363e+03 5.019590e-02 5.830263e+01 -2.613161e-01 5.421179e-03 2.884520e-04 5.759698e-03
45.000 345.000 1.400479e+03 1.256358e+03 5.424546e-02 5.146862e+01 1.382679e+03 1.273246e+03 4.120334e-02 5.149190e+01 -9.910638e-02 5.718571e-03 1.791400e-04 2.979521e-03
75.000 15.000 2.820369e+03 2.795967e+03 4.344830e-03 7.494151e+01 2.809131e+03 2.785072e+03 4.300788e-03 7.479371e+01 7.462334e-02 6.058151e-03 4.159673e-07 -9.377781e-04
75.000 45.000 2.622003e+03 2.859035e+03 -4.324576e-02 7.396477e+01 2.644140e+03 2.832516e+03 -3.439618e-02 7.396065e+01 2.369353e-01 5.911776e-03 -8.460476e-05 -3.788034e-03
75.000 75.000 2.438854e+03 2.403668e+03 7.266075e-03 6.958639e+01 2.484425e+03 2.373058e+03 2.292694e-02 6.967732e+01 3.357607e-01 5.839770e-03 -1.590350e-04 -4.720673e-03
75.000 105.000 2.344572e+03 2.654728e+03 -6.203986e-02 7.056953e+01 2.398366e+03 2.608814e+03 -4.202922e-02 7.069891e+01 3.446192e-01 5.916828e-03 -2.003229e-04 -5.762531e-03
75.000 135.000 1.965442e+03 2.063657e+03 -2.437625e-02 6.345632e+01 2.003631e+03 2.030789e+03 -6.731402e-03 6.351565e+01 2.611374e-01 6.063082e-03 -1.965282e-04 -4.499372e-03
75.000 165.000 2.284887e+03 3.023320e+03 -1.391116e-01 7.214903e+01 2.309022e+03 2.998582e+03 -1.299193e-01 7.223584e+01 1.076839e-01 6.132465e-03 -9.003589e-05 -3.420635e-03
75.000 195.000 3.076011e+03 2.392817e+03 1.249250e-01 7.337220e+01 3.083132e+03 2.398706e+03 1.248534e-01 7.346009e+01 -7.462332e-02 6.058151e-03 6.901225e-07 2.719673e-03
75.000 225.000 2.955666e+03 2.706812e+03 4.394786e-02 7.517674e+01 2.930243e+03 2.730826e+03 3.522608e-02 7.519338e+01 -2.369353e-01 5.911776e-03 8.202733e-05 3.736304e-03
75.000 255.000 2.522327e+03 2.095472e+03 9.243706e-02 6.766345e+01 2.486658e+03 2.141449e+03 7.458965e-02 6.784068e+01 -3.357607e-01 5.839770e-03 1.862676e-04 6.328347e-03
75.000 285.000 3.326033e+03 2.419757e+03 1.577287e-01 7.485215e+01 3.280132e+03 2.470329e+03 1.408239e-01 7.507611e+01 -3.446192e-01 5.916828e-03 1.594567e-04 6.711203e-03
75.000 315.000 2.705468e+03 2.661294e+03 8.231037e-03 7.325570e+01 2.662492e+03 2.714965e+03 -9.757951e-03 7.332766e+01 -2.611374e-01 6.063082e-03 1.735549e-04 3.677098e-03
75.000 345.000 2.940729e+03 3.272111e+03 -5.333828e-02 7.870937e+01 2.912638e+03 3.303052e+03 -6.281105e-02 7.868397e+01 -1.076839e-01 6.132465e-03 8.511493e-05 6.904600e-04
105.000 15.000 3.455700e+03 4.081247e+03 -8.299732e-02 8.651606e+01 3.440713e+03 4.093633e+03 -8.665910e-02 8.647407e+01 6.791026e-02 6.132466e-03 2.993547e-05 -1.744273e-03
105.000 45.000 3.445521e+03 4.609309e+03 -1.444833e-01 8.880699e+01 3.437035e+03 4.601859e+03 -1.448986e-01 8.871365e+01 2.199049e-01 6.063082e-03 3.308141e-06 -4.103147e-03
105.000 75.000 4.145467e+03 3.910149e+03 2.921165e-02 8.971478e+01 4.187979e+03 3.877774e+03 3.845948e-02 8.974309e+01 3.129761e-01 5.916828e-03 -7.287736e-05 -3.162962e-03
105.000 105.000 2.932341e+03 4.779616e+03 -2.395340e-01 8.526120e+01 2.970646e+03 4.740101e+03 -2.294791e-01 8.546750e+01 3.221857e-01 5.839770e-03 -8.328836e-05 -6.588222e-03
105.000 135.000 2.765379e+03 4.176825e+03 -2.033139e-01 8.157963e+01 2.805178e+03 4.141194e+03 -1.923329e-01 8.178882e+01 2.450659e-01 5.911776e-03 -9.505777e-05 -5.496221e-03
105.000 165.000 3.757436e+03 3.929899e+03 -2.243466e-02 8.765538e+01 3.790384e+03 3.899738e+03 -1.421995e-02 8.768447e+01 1.022808e-01 6.058151e-03 -6.625618e-05 -1.422793e-03
105.000 195.000 4.147323e+03 3.353822e+03 1.057841e-01 8.612320e+01 4.170090e+03 3.345785e+03 1.096752e-01 8.617116e+01 -6.791025e-02 6.132466e-03 -3.193903e-05 2.016812e-03
105.000 225.000 3.562915e+03 4.072855e+03 -6.678306e-02 8.718782e+01 3.556713e+03 4.090138e+03 -6.975743e-02 8.723325e+01 -2.199048e-01 6.063082e-03 2.411630e-05 1.756229e-03
105.000 255.000 3.990730e+03 2.799072e+03 1.755070e-01 8.112126e+01 3.967976e+03 2.821154e+03 1.689204e-01 8.121212e+01 -3.129761e-01 5.916828e-03 5.738115e-05 6.021641e-03
105.000 285.000 3.516960e+03 3.743152e+03 -3.115545e-02 8.516493e+01 3.498867e+03 3.792703e+03 -4.029802e-02 8.532133e+01 -3.221857e-01 5.839770e-03 7.583921e-05 3.417254e-03
105.000 315.000 4.212168e+03 2.982610e+03 1.708959e-01 8.357423e+01 4.175887e+03 3.019714e+03 1.606777e-01 8.372472e+01 -2.450659e-01 5.911775e-03 8.637604e-05 4.977153e-03
105.000 345.000 4.469166e+03 3.115539e+03 1.784680e-01 8.569204e+01 4.431587e+03 3.147912e+03 1.693615e-01 8.580265e+01 -1.022809e-01 6.058151e-03 7.509572e-05 3.276253e-03
135.000 15.000 4.461661e+03 4.818350e+03 -3.843618e-02 9.626163e+01 4.433096e+03 4.856235e+03 -4.555107e-02 9.628114e+01 7.552885e-02 5.718571e-03 5.225836e-05 -1.183909e-03
135.000 45.000 4.912484e+03 5.237899e+03 -3.205944e-02 1.006973e+02 4.852538e+03 5.308667e+03 -4.488927e-02 1.007012e+02 2.184161e-01 5.421179e-03 9.009064e-05 -2.487410e-03
135.000 75.000 3.931884e+03 5.567309e+03 -1.721647e-01 9.600849e+01 3.914041e+03 5.612585e+03 -1.782944e-01 9.604054e+01 3.027789e-01 5.704572e-03 4.513834e-05 -4.946891e-03
135.000 105.000 4.392756e+03 5.398555e+03 -1.027236e-01 9.842760e+01 4.368946e+03 5.410822e+03 -1.065338e-01 9.832992e+01 3.060124e-01 6.245638e-03 2.738589e-05 -4.152657e-03
135.000 135.000 3.820969e+03 5.199402e+03 -1.528134e-01 9.386015e+01 3.826602e+03 5.204365e+03 -1.525598e-01 9.391899e+01 2.272501e-01 6.505449e-03 -1.909825e-06 -4.049253e-03
135.000 165.000 4.338038e+03 4.567907e+03 -2.581070e-02 9.433988e+01 4.358619e+03 4.543457e+03 -2.076345e-02 9.433048e+01 8.759631e-02 6.258427e-03 -3.783259e-05 -1.202111e-03
135.000 195.000 4.445406e+03 3.593230e+03 1.060101e-01 8.915322e+01 4.483488e+03 3.557443e+03 1.151664e-01 8.907458e+01 -7.552884e-02 5.718572e-03 -7.265402e-05 2.036257e-03
135.000 225.000 4.720520e+03 3.995039e+03 8.323973e-02 9.303316e+01 4.776314e+03 3.946317e+03 9.515445e-02 9.297125e+01 -2.184161e-01 5.421179e-03 -9.058901e-05 3.242455e-03
135.000 255.000 6.514149e+03 4.059603e+03 2.321358e-01 1.000198e+02 6.561166e+03 4.032039e+03 2.387500e-01 9.994687e+01 -3.027789e-01 5.704572e-03 -4.677719e-05 5.348087e-03
135.000 285.000 6.266545e+03 4.132313e+03 2.052371e-01 9.980398e+01 6.297127e+03 4.098913e+03 2.114472e-01 9.965557e+01 -3.060124e-01 6.245638e-03 -4.403108e-05 5.122536e-03
135.000 315.000 5.057119e+03 4.236515e+03 8.829741e-02 9.602696e+01 5.067249e+03 4.235614e+03 8.939565e-02 9.606518e+01 -2.272501e-01 6.505449e-03 -8.085444e-06 3.286031e-03
135.000 345.000 4.823281e+03 4.324330e+03 5.454440e-02 9.550077e+01 4.800665e+03 4.347324e+03 4.955628e-02 9.552760e+01 -8.759632e-02 6.258427e-03 3.692788e-05 1.488373e-03
165.000 15.000 2.856728e+03 3.827158e+03 -1.451895e-01 8.088875e+01 2.831840e+03 3.862062e+03 -1.539045e-01 8.084149e+01 8.186466e-02 4.741628e-03 7.620657e-05 -2.806993e-03
165.000 45.000 3.087646e+03 3.287311e+03 -3.132018e-02 7.980416e+01 3.033477e+03 3.343806e+03 -4.866165e-02 7.976329e+01 2.231544e-01 7.031834e-03 1.536939e-04 -3.188738e-03
165.000 75.000 3.774175e+03 3.819940e+03 -6.026335e-03 8.714264e+01 3.668958e+03 3.903464e+03 -3.096841e-02 8.697793e+01 3.046500e-01 7.925824e-03 2.025803e-04 -3.565147e-03
165.000 105.000 4.255721e+03 4.412775e+03 -1.811786e-02 9.308947e+01 4.140087e+03 4.510222e+03 -4.278856e-02 9.292186e+01 3.045150e-01 7.016197e-03 1.875671e-04 -3.465836e-03
165.000 135.000 3.493893e+03 3.299356e+03 2.863691e-02 8.238736e+01 3.437922e+03 3.340830e+03 1.432297e-02 8.232473e+01 2.227854e-01 4.718406e-03 1.228991e-04 -2.356532e-03
165.000 165.000 3.416140e+03 4.040446e+03 -8.372536e-02 8.604833e+01 3.411947e+03 4.050328e+03 -8.554773e-02 8.606778e+01 8.136061e-02 2.981840e-03 1.497375e-05 -1.918526e-03
165.000 195.000 4.552080e+03 2.490401e+03 2.927489e-01 8.024292e+01 4.587670e+03 2.465941e+03 3.008004e-01 8.009615e+01 -8.186465e-02 4.741628e-03 -7.101531e-05 4.668493e-03
165.000 225.000 3.673249e+03 3.882484e+03 -2.769232e-02 8.689038e+01 3.736957e+03 3.814520e+03 -1.027123e-02 8.689465e+01 -2.231543e-01 7.031834e-03 -1.417679e-04 2.249524e-03
165.000 255.000 3.624780e+03 3.449347e+03 2.479915e-02 8.408196e+01 3.707250e+03 3.370183e+03 4.762557e-02 8.403202e+01 -3.046500e-01 7.925824e-03 -1.920210e-04 3.918191e-03
165.000 285.000 4.033403e+03 2.563515e+03 2.228143e-01 7.917958e+01 4.091664e+03 2.501881e+03 2.411120e-01 7.880501e+01 -3.045150e-01 7.016197e-03 -1.637927e-04 6.659915e-03
165.000 315.000 4.018721e+03 3.817378e+03 2.569425e-02 8.849252e+01 4.060585e+03 3.751997e+03 3.949886e-02 8.831983e+01 -2.227854e-01 4.718406e-03 -1.104146e-04 2.807917e-03
165.000 345.000 3.570342e+03 3.875995e+03 -4.104745e-02 8.621944e+01 3.576444e+03 3.867954e+03 -3.915828e-02 8.621475e+01 -8.136063e-02 2.981840e-03 -1.549398e-05 4.675649e-04
195.000 15.000 2.549017e+03 4.060773e+03 -2.287146e-01 7.914562e+01 2.541694e+03 4.067526e+03 -2.308642e-01 7.910095e+01 8.136060e-02 2.981838e-03 1.921066e-05 -3.917781e-03
195.000 45.000 3.176110e+03 4.355204e+03 -1.565590e-01 8.571299e+01 3.127595e+03 4.418115e+03 -1.710270e-01 8.558619e+01 2.227854e-01 4.718406e-03 1.194453e-04 -4.425751e-03
195.000 75.000 3.525139e+03 4.375151e+03 -1.075925e-01 8.836761e+01 3.450121e+03 4.469797e+03 -1.287483e-01 8.825325e+01 3.045150e-01 7.016197e-03 1.693963e-04 -4.663557e-03
195.000 105.000 3.531620e+03 4.450205e+03 -1.150845e-01 8.874745e+01 3.440690e+03 4.529858e+03 -1.366490e-01 8.844046e+01 3.046500e-01 7.925824e-03 1.721153e-04 -4.729539e-03
195.000 135.000 2.883018e+03 4.903650e+03 -2.594989e-01 8.521922e+01 2.827241e+03 4.972831e+03 -2.750731e-01 8.491100e+01 2.231544e-01 7.031835e-03 1.294615e-04 -5.663666e-03
195.000 165.000 2.785591e+03 2.876247e+03 -1.601168e-02 7.523554e+01 2.760244e+03 2.909277e+03 -2.628678e-02 7.527021e+01 8.186468e-02 4.741628e-03 9.654902e-05 -1.300932e-03
195.000 195.000 3.842558e+03 3.766829e+03 9.952024e-03 8.722749e+01 3.851854e+03 3.754551e+03 1.279228e-02 8.720757e+01 -8.136058e-02 2.981838e-03 -2.302705e-05 1.046833e-03
195.000 225.000 3.481513e+03 2.819237e+03 1.051108e-01 7.893755e+01 3.524649e+03 2.773740e+03 1.192223e-01 7.879634e+01 -2.227853e-01 4.718406e-03 -1.265218e-04 4.153867e-03
195.000 255.000 3.475743e+03 3.074508e+03 6.125486e-02 8.078164e+01 3.552984e+03 3.002389e+03 8.399141e-02 8.067916e+01 -3.045149e-01 7.016197e-03 -1.991464e-04 4.527883e-03
195.000 285.000 4.595627e+03 3.845188e+03 8.890596e-02 9.151009e+01 4.694901e+03 3.740991e+03 1.130775e-01 9.125802e+01 -3.046500e-01 7.925824e-03 -1.870334e-04 4.300684e-03
195.000 315.000 4.275889e+03 3.301478e+03 1.285949e-01 8.632533e+01 4.357347e+03 3.247888e+03 1.458809e-01 8.627506e+01 -2.231544e-01 7.031835e-03 -1.416340e-04 4.074693e-03
195.000 345.000 3.646345e+03 3.393185e+03 3.596260e-02 8.384763e+01 3.667405e+03 3.351308e+03 4.503629e-02 8.369276e+01 -8.186470e-02 4.741628e-03 -7.659127e-05 1.405255e-03
225.000 15.000 4.480171e+03 5.129558e+03 -6.757597e-02 9.780515e+01 4.502700e+03 5.102528e+03 -6.244805e-02 9.781498e+01 8.759629e-02 6.258427e-03 -3.707176e-05 -1.586545e-03
225.000 45.000 4.237671e+03 5.590567e+03 -1.376540e-01 9.819372e+01 4.237193e+03 5.583856e+03 -1.371201e-01 9.816514e+01 2.272501e-01 6.505449e-03 -3.845293e-06 -3.716165e-03
225.000 75.000 4.439919e+03 5.015078e+03 -6.083125e-02 9.705673e+01 4.422555e+03 5.039273e+03 -6.517958e-02 9.706508e+01 3.060124e-01 6.245638e-03 3.167845e-05 -3.779683e-03
225.000 105.000 3.946540e+03 5.463362e+03 -1.611943e-01 9.573609e+01 3.907788e+03 5.499164e+03 -1.691702e-01 9.559152e+01 3.027789e-01 5.704572e-03 5.895438e-05 -4.846378e-03
225.000 135.000 4.361154e+03 5.360631e+03 -1.028080e-01 9.807666e+01 4.317391e+03 5.388278e+03 -1.103363e-01 9.791584e+01 2.184161e-01 5.421179e-03 5.432134e-05 -3.275235e-03
225.000 165.000 2.936790e+03 4.744631e+03 -2.353525e-01 8.518181e+01 2.918884e+03 4.786191e+03 -2.423477e-01 8.516183e+01 7.552887e-02 5.718572e-03 5.807571e-05 -3.649621e-03
225.000 195.000 4.746292e+03 4.088695e+03 7.443106e-02 9.373389e+01 4.723519e+03 4.109341e+03 6.953338e-02 9.375582e+01 -8.759627e-02 6.258427e-03 3.694264e-05 1.728589e-03
225.000 225.000 5.246848e+03 3.818154e+03 1.576055e-01 9.402038e+01 5.235267e+03 3.811149e+03 1.574235e-01 9.392670e+01 -2.272501e-01 6.505449e-03 1.369875e-06 4.093321e-03
225.000 255.000 5.833436e+03 3.207488e+03 2.904513e-01 9.098469e+01 5.861643e+03 3.193882e+03 2.946004e-01 9.093735e+01 -3.060124e-01 6.245638e-03 -3.225383e-05 6.555650e-03
225.000 285.000 5.441937e+03 2.868566e+03 3.096529e-01 8.668132e+01 5.476636e+03 2.836937e+03 3.175169e-01 8.646053e+01 -3.027789e-01 5.704572e-03 -6.423231e-05 7.065327e-03
225.000 315.000 5.606777e+03 4.238081e+03 1.390265e-01 9.825769e+01 5.656310e+03 4.188312e+03 1.491168e-01 9.811075e+01 -2.184161e-01 5.421179e-03 -7.266875e-05 3.637808e-03
225.000 345.000 4.783498e+03 3.445506e+03 1.625947e-01 8.950673e+01 4.820006e+03 3.413467e+03 1.708319e-01 8.940465e+01 -7.552889e-02 5.718572e-03 -6.511117e-05 2.660399e-03
255.000 15.000 3.137423e+03 4.338106e+03 -1.606151e-01 8.533863e+01 3.164118e+03 4.303694e+03 -1.525984e-01 8.540442e+01 1.022808e-01 6.058151e-03 -6.639974e-05 -3.080621e-03
255.000 45.000 3.177642e+03 3.806529e+03 -9.004449e-02 8.323187e+01 3.211640e+03 3.774701e+03 -8.059449e-02 8.331243e+01 2.450658e-01 5.911776e-03 -8.024484e-05 -4.026226e-03
255.000 75.000 3.974800e+03 3.556138e+03 5.559225e-02 8.664678e+01 4.019087e+03 3.527649e+03 6.511923e-02 8.668756e+01 3.221857e-01 5.839771e-03 -7.772946e-05 -3.076784e-03
255.000 105.000 2.773430e+03 4.168937e+03 -2.010132e-01 8.162017e+01 2.796176e+03 4.133044e+03 -1.929321e-01 8.167800e+01 3.129761e-01 5.916828e-03 -6.998542e-05 -6.297333e-03
255.000 135.000 3.150516e+03 4.412376e+03 -1.668489e-01 8.574586e+01 3.165247e+03 4.389438e+03 -1.620439e-01 8.576895e+01 2.199049e-01 6.063082e-03 -3.961887e-05 -4.510465e-03
255.000 165.000 3.632304e+03 3.509692e+03 1.716769e-02 8.449787e+01 3.619016e+03 3.526260e+03 1.298145e-02 8.452262e+01 6.791028e-02 6.132465e-03 3.502673e-05 -6.005192e-04
255.000 195.000 4.402038e+03 3.805619e+03 7.266614e-02 9.035661e+01 4.368810e+03 3.836440e+03 6.488158e-02 9.039197e+01 -1.022808e-01 6.058151e-03 6.090794e-05 1.936183e-03
255.000 225.000 4.306291e+03 3.892305e+03 5.049473e-02 9.043059e+01 4.265423e+03 3.942119e+03 3.939107e-02 9.052517e+01 -2.450658e-01 5.911776e-03 8.677779e-05 3.268369e-03
255.000 255.000 4.950728e+03 3.532605e+03 1.671658e-01 9.080898e+01 4.914021e+03 3.584640e+03 1.564224e-01 9.105337e+01 -3.221857e-01 5.839771e-03 8.354414e-05 5.388801e-03
255.000 285.000 4.078198e+03 3.068768e+03 1.412390e-01 8.369226e+01 4.058713e+03 3.100582e+03 1.338303e-01 8.385146e+01 -3.129761e-01 5.916828e-03 6.253590e-05 5.427206e-03
255.000 315.000 4.443563e+03 3.224033e+03 1.590499e-01 8.645016e+01 4.427673e+03 3.240664e+03 1.547936e-01 8.651356e+01 -2.199049e-01 6.063082e-03 3.480100e-05 4.383505e-03
255.000 345.000 3.322975e+03 3.744586e+03 -5.965440e-02 8.391907e+01 3.333908e+03 3.723228e+03 -5.516687e-02 8.387883e+01 -6.791030e-02 6.132465e-03 -3.782124e-05 9.837924e-05
285.000 15.000 2.995257e+03 2.131042e+03 1.685846e-01 7.057340e+01 3.022654e+03 2.111482e+03 1.774734e-01 7.051544e+01 1.076839e-01 6.132466e-03 -8.909678e-05 8.629415e-04
285.000 45.000 2.401548e+03 3.209989e+03 -1.440677e-01 7.412872e+01 2.450660e+03 3.163784e+03 -1.270161e-01 7.432271e+01 2.611373e-01 6.063082e-03 -1.624408e-04 -5.466235e-03
285.000 75.000 1.907745e+03 3.239984e+03 -2.588014e-01 6.930327e+01 1.943584e+03 3.188235e+03 -2.425361e-01 6.949781e+01 3.446192e-01 5.916828e-03 -1.657233e-04 -8.706958e-03
285.000 105.000 2.314533e+03 3.148990e+03 -1.527323e-01 7.304844e+01 2.351918e+03 3.110795e+03 -1.389195e-01 7.319351e+01 3.357607e-01 5.839770e-03 -1.335754e-04 -6.687248e-03
285.000 135.000 2.338204e+03 2.447253e+03 -2.278763e-02 6.915903e+01 2.360888e+03 2.425627e+03 -1.352543e-02 6.917832e+01 2.369353e-01 5.911775e-03 -9.468684e-05 -3.755445e-03
285.000 165.000 2.270211e+03 3.113052e+03 -1.565669e-01 7.246587e+01 2.256288e+03 3.118949e+03 -1.604879e-01 7.236567e+01 7.462335e-02 6.058151e-03 3.828639e-05 -3.190333e-03
285.000 195.000 2.818186e+03 3.319937e+03 -8.174338e-02 7.808398e+01 2.793858e+03 3.351811e+03 -9.078798e-02 7.807057e+01 -1.076839e-01 6.132466e-03 8.191244e-05 3.322130e-04
285.000 225.000 2.431577e+03 2.698828e+03 -5.209162e-02 7.152959e+01 2.396444e+03 2.746378e+03 -6.804317e-02 7.154727e+01 -2.611373e-01 6.063082e-03 1.576698e-04 2.922507e-03
285.000 255.000 3.383522e+03 1.790860e+03 3.077974e-01 6.844096e+01 3.325341e+03 1.838983e+03 2.878127e-01 6.882246e+01 -3.446192e-01 5.916828e-03 2.059000e-04 9.532547e-03
285.000 285.000 2.456504e+03 2.257995e+03 4.210598e-02 6.860132e+01 2.426697e+03 2.299286e+03 2.695971e-02 6.872079e+01 -3.357607e-01 5.839770e-03 1.559840e-04 5.508155e-03
285.000 315.000 2.455207e+03 2.104469e+03 7.692164e-02 6.732531e+01 2.436425e+03 2.126233e+03 6.798505e-02 6.739117e+01 -2.369353e-01 5.911775e-03 9.381369e-05 4.661798e-03
285.000 345.000 2.696171e+03 2.218968e+03 9.708833e-02 6.977684e+01 2.700743e+03 2.214384e+03 9.895145e-02 6.976390e+01 -7.462337e-02 6.058151e-03 -1.888238e-05 2.460869e-03
315.000 15.000 1.458386e+03 1.649361e+03 -6.145125e-02 5.564182e+01 1.477667e+03 1.631824e+03 -4.957621e-02 5.569424e+01 9.910634e-02 5.718571e-03 -1.508393e-04 -2.885556e-03
315.000 45.000 1.402567e+03 2.225170e+03 -2.267538e-01 5.866181e+01 1.431640e+03 2.179596e+03 -2.071192e-01 5.879048e+01 2.613161e-01 5.421179e-03 -2.364151e-04 -8.320062e-03
315.000 75.000 1.019736e+03 1.762298e+03 -2.669136e-01 5.083142e+01 1.054633e+03 1.721426e+03 -2.401942e-01 5.114585e+01 3.535064e-01 5.704572e-03 -3.705409e-04 -1.220544e-02
315.000 105.000 1.794908e+03 2.402060e+03 -1.446644e-01 6.410253e+01 1.846634e+03 2.364573e+03 -1.229907e-01 6.440113e+01 3.509750e-01 6.245638e-03 -2.385236e-04 -7.731978e-03
315.000 135.000 1.753411e+03 2.390484e+03 -1.537376e-01 6.360781e+01 1.785461e+03 2.363017e+03 -1.392212e-01 6.378143e+01 2.544001e-01 6.505450e-03 -1.611544e-04 -6.416472e-03
315.000 165.000 1.515017e+03 1.797076e+03 -8.516054e-02 5.734172e+01 1.517711e+03 1.791878e+03 -8.284020e-02 5.733129e+01 8.965890e-02 6.258427e-03 -2.861575e-05 -3.048730e-03
315.000 195.000 1.507086e+03 1.343598e+03 5.735041e-02 5.330392e+01 1.490861e+03 1.356506e+03 4.718596e-02 5.330129e+01 -9.910633e-02 5.718571e-03 1.348405e-04 2.935183e-03
315.000 225.000 2.184716e+03 1.217695e+03 2.842164e-01 5.592466e+01 2.142906e+03 1.246365e+03 2.645230e-01 5.614370e+01 -2.613161e-01 5.421179e-03 2.485140e-04 9.754774e-03
315.000 255.000 2.190646e+03 1.474931e+03 1.952531e-01 5.937871e+01 2.133858e+03 1.513999e+03 1.699242e-01 5.951914e+01 -3.535064e-01 5.704572e-03 3.012709e-04 9.241689e-03
315.000 285.000 2.598806e+03 1.627314e+03 2.298780e-01 6.326765e+01 2.543912e+03 1.680957e+03 2.042561e-01 6.362865e+01 -3.509750e-01 6.245638e-03 2.855451e-04 9.180885e-03
315.000 315.000 1.893858e+03 1.607381e+03 8.182156e-02 5.897287e+01 1.870795e+03 1.627446e+03 6.956331e-02 5.900265e+01 -2.544001e-01 6.505450e-03 1.469438e-04 5.701294e-03
315.000 345.000 1.505326e+03 1.725369e+03 -6.811005e-02 5.670722e+01 1.501999e+03 1.723478e+03 -6.866551e-02 5.665924e+01 -8.965892e-02 6.258427e-03 6.929274e-06 3.800022e-04
345.000 15.000 1.321493e+03 1.159534e+03 6.527900e-02 4.970368e+01 1.331288e+03 1.145988e+03 7.479982e-02 4.963281e+01 9.312154e-02 4.741629e-03 -1.355440e-04 -5.601706e-04
345.000 45.000 1.464086e+03 1.162742e+03 1.147179e-01 5.091423e+01 1.499565e+03 1.135030e+03 1.383647e-01 5.083460e+01 2.562268e-01 7.031835e-03 -3.286688e-04 -2.779360e-03
345.000 75.000 1.231177e+03 1.257983e+03 -1.076900e-02 4.988859e+01 1.273454e+03 1.227872e+03 1.822308e-02 5.000495e+01 3.506764e-01 7.925824e-03 -4.104467e-04 -7.245051e-03
345.000 105.000 1.218607e+03 1.591166e+03 -1.325940e-01 5.253926e+01 1.267632e+03 1.553177e+03 -1.012282e-01 5.283847e+01 3.511624e-01 7.016196e-03 -4.209406e-04 -9.207523e-03
345.000 135.000 1.235551e+03 1.298072e+03 -2.467630e-02 5.031978e+01 1.263791e+03 1.278044e+03 -5.607662e-03 5.041582e+01 2.575548e-01 4.718406e-03 -2.677020e-04 -5.608752e-03
345.000 165.000 1.379095e+03 1.443199e+03 -2.271360e-02 5.311156e+01 1.388243e+03 1.436186e+03 -1.697437e-02 5.313770e+01 9.493562e-02 2.981840e-03 -7.639114e-05 -2.215134e-03
345.000 195.000 1.665983e+03 7.554855e+02 3.760106e-01 4.559728e+01 1.649253e+03 7.662207e+02 3.655731e-01 4.574561e+01 -9.312152e-02 4.741628e-03 1.615983e-04 1.028860e-02
345.000 225.000 1.926390e+03 1.128497e+03 2.611860e-01 5.335249e+01 1.897328e+03 1.160997e+03 2.407627e-01 5.367537e+01 -2.562268e-01 7.031834e-03 2.698621e-04 9.698008e-03
345.000 255.000 1.523256e+03 1.167023e+03 1.324149e-01 5.141118e+01 1.483937e+03 1.209729e+03 1.017974e-01 5.163092e+01 -3.506764e-01 7.925824e-03 4.202124e-04 9.396618e-03
345.000 285.000 1.156603e+03 1.257322e+03 -4.172444e-02 4.908892e+01 1.132707e+03 1.306409e+03 -7.121513e-02 4.926200e+01 -3.511625e-01 7.016196e-03 4.240537e-04 6.303622e-03
345.000 315.000 1.830986e+03 1.346551e+03 1.524561e-01 5.571070e+01 1.798022e+03 1.375262e+03 1.332248e-01 5.582975e+01 -2.575548e-01 4.718406e-03 2.438322e-04 7.359645e-03
345.000 345.000 1.790032e+03 1.229431e+03 1.856627e-01 5.399426e+01 1.778528e+03 1.239816e+03 1.784793e-01 5.405734e+01 -9.493563e-02 2.981840e-03 9.401880e-05 5.196817e-03
