  #t  #Q2   A1M1_AVG      A_1M1     dA_1M1   A0P1_AVG      A_0P1     dA_0P1   A2M1_AVG      A_2M1     dA_2M1   A3M1_AVG      A_3M1     dA_3M1   A1P1_AVG      A_1P1     dA_1P1       Asym      Astat          t         tp         xb         Q2          W     Dilute
   1    0 -5.491e-03  4.458e-02 8.0141e-03  3.947e-01  3.856e-01 7.8967e-03  1.115e-03  1.355e-02 7.9576e-03  1.139e-03 -1.027e-03 7.9203e-03  4.248e-03 -5.315e-03 7.9795e-03 1.6739e-02 2.6510e-03 2.7982e-01 2.0084e-03 4.2281e-01 5.1863e+00 2.8356e+00 7.8977e-01
   Phi   PhiS      N_U_avg      N_D_avg     Asym_avg    dAsym_avg      N_U_fit      N_D_fit     Asym_fit    dAsym_fit     Asym_cal    dAsym_cal     GOOD_fit     GOOD_cal
15.000 15.000 1.320626e+03 1.020177e+03 1.283527e-01 4.798166e+01 1.323006e+03 1.019384e+03 1.296206e-01 4.798993e+01 1.001366e-01 6.326132e-03 -1.868364e-05 5.880598e-04
15.000 45.000 7.252195e+02 9.173737e+02 -1.169822e-01 4.025065e+01 7.419517e+02 9.005890e+02 -9.658043e-02 4.033881e+01 2.422604e-01 9.961504e-03 -3.580182e-04 -8.925140e-03
15.000 75.000 8.058937e+02 2.401309e+03 -4.974476e-01 4.912807e+01 8.343871e+02 2.345813e+03 -4.752612e-01 4.961731e+01 3.194708e-01 1.474337e-02 -3.177448e-04 -1.662834e-02
15.000 105.000 8.737382e+02 1.184729e+03 -1.510789e-01 4.484956e+01 9.078859e+02 1.148912e+03 -1.171853e-01 4.503947e+01 3.110792e-01 1.662199e-02 -5.332427e-04 -1.030463e-02
15.000 135.000 9.656860e+02 1.131498e+03 -7.906394e-02 4.565166e+01 9.952220e+02 1.103766e+03 -5.171274e-02 4.575342e+01 2.193342e-01 1.473360e-02 -4.231758e-04 -6.536413e-03
15.000 165.000 7.488742e+02 9.351994e+02 -1.106396e-01 4.078552e+01 7.607108e+02 9.214771e+02 -9.556975e-02 4.082675e+01 6.881875e-02 9.947045e-03 -2.611364e-04 -4.400049e-03
15.000 195.000 1.087295e+03 9.571164e+02 6.367516e-02 4.512341e+01 1.085851e+03 9.620346e+02 6.046075e-02 4.517078e+01 -1.001366e-01 6.326132e-03 5.034490e-05 3.630306e-03
15.000 225.000 1.247749e+03 7.995381e+02 2.189290e-01 4.414930e+01 1.224694e+03 8.214850e+02 1.970548e-01 4.434777e+01 -2.422604e-01 9.961503e-03 3.495561e-04 1.044613e-02
15.000 255.000 1.255264e+03 7.877136e+02 2.288574e-01 4.399972e+01 1.222596e+03 8.182055e+02 1.981530e-01 4.427946e+01 -3.194708e-01 1.474337e-02 4.918757e-04 1.246208e-02
15.000 285.000 1.018476e+03 6.177284e+02 2.449252e-01 3.921800e+01 9.873273e+02 6.525438e+02 2.041523e-01 3.964246e+01 -3.110792e-01 1.662199e-02 7.311747e-04 1.417728e-02
15.000 315.000 1.323933e+03 9.854090e+02 1.465891e-01 4.753649e+01 1.291209e+03 1.015729e+03 1.194138e-01 4.768691e+01 -2.193342e-01 1.473360e-02 4.035934e-04 7.697733e-03
15.000 345.000 1.606005e+03 1.351282e+03 8.613426e-02 5.417884e+01 1.583785e+03 1.371480e+03 7.183937e-02 5.422189e+01 -6.881877e-02 9.947046e-03 1.864935e-04 2.860029e-03
45.000 15.000 1.091026e+03 1.002852e+03 4.211007e-02 4.571832e+01 1.077682e+03 1.012533e+03 3.116867e-02 4.569666e+01 1.296866e-01 1.319537e-02 1.692663e-04 -1.915567e-03
45.000 45.000 8.995146e+02 1.378901e+03 -2.104033e-01 4.666424e+01 9.055258e+02 1.378196e+03 -2.069737e-01 4.675352e+01 2.758997e-01 1.375661e-02 -5.191967e-05 -1.042132e-02
45.000 75.000 5.721252e+02 1.155372e+03 -3.376254e-01 3.912261e+01 5.870342e+02 1.138693e+03 -3.196675e-01 3.936216e+01 3.481857e-01 1.316365e-02 -3.235821e-04 -1.752979e-02
45.000 105.000 8.143038e+02 1.239460e+03 -2.070133e-01 4.433679e+01 8.432529e+02 1.209202e+03 -1.782984e-01 4.457810e+01 3.271756e-01 1.192446e-02 -4.567162e-04 -1.204843e-02
45.000 135.000 1.387636e+03 8.856534e+02 2.208177e-01 4.650207e+01 1.432052e+03 8.607440e+02 2.491753e-01 4.637284e+01 2.184991e-01 1.127237e-02 -4.318033e-04 4.985969e-05
45.000 165.000 9.845096e+02 8.375948e+02 8.062919e-02 4.254714e+01 1.009000e+03 8.178474e+02 1.046354e-01 4.250702e+01 5.127593e-02 1.195947e-02 -3.991561e-04 6.898997e-04
45.000 195.000 8.335526e+02 9.034607e+02 -4.024615e-02 4.164373e+01 8.439422e+02 8.928303e+02 -2.814880e-02 4.165809e+01 -1.296866e-01 1.319537e-02 -2.053765e-04 2.147752e-03
45.000 225.000 9.459257e+02 7.481335e+02 1.167563e-01 4.087745e+01 9.408922e+02 7.569863e+02 1.083151e-01 4.096289e+01 -2.758997e-01 1.375661e-02 1.458654e-04 9.605687e-03
45.000 255.000 1.388312e+03 1.263192e+03 4.718809e-02 5.143540e+01 1.362539e+03 1.288310e+03 2.800219e-02 5.146621e+01 -3.481857e-01 1.316365e-02 2.636786e-04 7.686802e-03
45.000 285.000 9.910203e+02 1.106229e+03 -5.493311e-02 4.572658e+01 9.617778e+02 1.144495e+03 -8.674888e-02 4.572113e+01 -3.271756e-01 1.192446e-02 4.920221e-04 5.953703e-03
45.000 315.000 1.099430e+03 1.003177e+03 4.577805e-02 4.580612e+01 1.071225e+03 1.041123e+03 1.425069e-02 4.595562e+01 -2.184991e-01 1.127237e-02 4.858926e-04 5.769472e-03
45.000 345.000 9.438623e+02 8.952002e+02 2.646029e-02 4.286928e+01 9.243014e+02 9.163287e+02 4.331505e-03 4.290216e+01 -5.127595e-02 1.195947e-02 3.648630e-04 1.813332e-03
75.000 15.000 1.643373e+03 9.396992e+02 2.724174e-01 4.890173e+01 1.607049e+03 9.549098e+02 2.545470e-01 4.894853e+01 1.431878e-01 1.278137e-02 2.582776e-04 2.642638e-03
75.000 45.000 1.247532e+03 9.789827e+02 1.206142e-01 4.684148e+01 1.232180e+03 9.845320e+02 1.117185e-01 4.678723e+01 3.034357e-01 1.241254e-02 1.343652e-04 -3.902984e-03
75.000 75.000 7.784833e+02 1.182943e+03 -2.062071e-01 4.333618e+01 7.749268e+02 1.180948e+03 -2.075907e-01 4.326186e+01 3.823783e-01 1.220095e-02 2.259527e-05 -1.358185e-02
75.000 105.000 6.047489e+02 1.594796e+03 -4.501146e-01 4.187971e+01 6.173123e+02 1.589850e+03 -4.406281e-01 4.217387e+01 3.588629e-01 1.236718e-02 -1.596110e-04 -1.931669e-02
75.000 135.000 1.053071e+03 6.724392e+02 2.205908e-01 4.051600e+01 1.076595e+03 6.571868e+02 2.419035e-01 4.040204e+01 2.391905e-01 1.273732e-02 -3.724838e-04 -4.590698e-04
75.000 165.000 1.123189e+03 7.293560e+02 2.125901e-01 4.205734e+01 1.148935e+03 7.128008e+02 2.342621e-01 4.194718e+01 5.542716e-02 1.294015e-02 -3.648480e-04 3.736872e-03
75.000 195.000 8.567682e+02 1.014397e+03 -8.424080e-02 4.310320e+01 8.752639e+02 9.939987e+02 -6.351964e-02 4.314766e+01 -1.431878e-01 1.278137e-02 -3.397547e-04 1.367578e-03
75.000 225.000 1.274418e+03 9.893518e+02 1.259253e-01 4.720034e+01 1.280134e+03 9.785665e+02 1.335138e-01 4.710029e+01 -3.034357e-01 1.241254e-02 -1.138043e-04 9.096565e-03
75.000 255.000 1.176210e+03 7.201138e+02 2.405159e-01 4.226849e+01 1.173171e+03 7.213176e+02 2.385093e-01 4.226958e+01 -3.823783e-01 1.220095e-02 3.356793e-05 1.473661e-02
75.000 285.000 1.130050e+03 8.884964e+02 1.196672e-01 4.460539e+01 1.120812e+03 9.046690e+02 1.067118e-01 4.474836e+01 -3.588629e-01 1.236718e-02 2.050463e-04 1.072808e-02
75.000 315.000 7.708309e+02 1.244227e+03 -2.349292e-01 4.363305e+01 7.525430e+02 1.263911e+03 -2.535977e-01 4.343699e+01 -2.391905e-01 1.273732e-02 3.032179e-04 9.766297e-05
75.000 345.000 7.747259e+02 9.323650e+02 -9.234374e-02 4.114042e+01 7.585060e+02 9.551827e+02 -1.147681e-01 4.112319e+01 -5.542718e-02 1.294015e-02 3.855019e-04 -8.973307e-04
105.000 15.000 1.049385e+03 1.008033e+03 2.009891e-02 4.534960e+01 1.031475e+03 1.022183e+03 4.524699e-03 4.531684e+01 1.371601e-01 1.294015e-02 2.429262e-04 -2.581306e-03
105.000 45.000 9.602737e+02 8.808580e+02 4.313415e-02 4.286847e+01 9.405266e+02 8.945432e+02 2.505814e-02 4.282426e+01 3.131443e-01 1.273732e-02 2.983139e-04 -6.298571e-03
105.000 75.000 7.076276e+02 1.182107e+03 -2.510825e-01 4.207851e+01 7.036734e+02 1.189573e+03 -2.566487e-01 4.205402e+01 4.052217e-01 1.236718e-02 9.356509e-05 -1.559713e-02
105.000 105.000 9.705003e+02 1.370971e+03 -1.710336e-01 4.767575e+01 9.602517e+02 1.381462e+03 -1.798726e-01 4.760199e+01 3.887203e-01 1.220095e-02 1.311974e-04 -1.174085e-02
105.000 135.000 8.985605e+02 6.749850e+02 1.420839e-01 3.926549e+01 9.040830e+02 6.691615e+02 1.493229e-01 3.921945e+01 2.680616e-01 1.241254e-02 -1.304395e-04 -3.208356e-03
105.000 165.000 7.514397e+02 1.063195e+03 -1.718007e-01 4.196517e+01 7.641680e+02 1.047793e+03 -1.565291e-01 4.204242e+01 7.557603e-02 1.278137e-02 -2.570876e-04 -5.894810e-03
105.000 195.000 1.047009e+03 1.167977e+03 -5.461350e-02 4.699340e+01 1.064188e+03 1.144090e+03 -3.618312e-02 4.696154e+01 -1.371601e-01 1.294015e-02 -2.774147e-04 1.756557e-03
105.000 225.000 1.397293e+03 7.822820e+02 2.821702e-01 4.478881e+01 1.422452e+03 7.671888e+02 2.992561e-01 4.464918e+01 -3.131443e-01 1.273732e-02 -2.701653e-04 1.329159e-02
105.000 255.000 1.864273e+03 1.060279e+03 2.749118e-01 5.199543e+01 1.897232e+03 1.048748e+03 2.880142e-01 5.197696e+01 -4.052217e-01 1.236718e-02 -1.782164e-04 1.308064e-02
105.000 285.000 9.037551e+02 1.244138e+03 -1.584729e-01 4.575972e+01 9.070117e+02 1.237774e+03 -1.542168e-01 4.575780e+01 -3.887203e-01 1.220095e-02 -6.576927e-05 5.031662e-03
105.000 315.000 9.810984e+02 1.039049e+03 -2.868627e-02 4.492755e+01 9.757090e+02 1.047562e+03 -3.551320e-02 4.495241e+01 -2.680616e-01 1.241254e-02 1.074181e-04 5.328030e-03
105.000 345.000 1.012961e+03 3.564428e+02 4.794190e-01 3.247548e+01 1.001071e+03 3.616521e+02 4.692213e-01 3.259899e+01 -7.557605e-02 1.278137e-02 2.216184e-04 1.708966e-02
135.000 15.000 1.041831e+03 1.289124e+03 -1.060909e-01 4.800749e+01 1.030926e+03 1.302465e+03 -1.163709e-01 4.797700e+01 1.221487e-01 1.195947e-02 1.514641e-04 -4.754250e-03
135.000 45.000 8.804534e+02 5.063122e+02 2.697940e-01 3.585840e+01 8.630689e+02 5.092903e+02 2.577886e-01 3.579328e+01 3.076591e-01 1.127237e-02 2.369553e-04 -1.055960e-03
135.000 75.000 9.585337e+02 1.020270e+03 -3.119872e-02 4.446209e+01 9.393335e+02 1.036997e+03 -4.941679e-02 4.440163e+01 4.107324e-01 1.192446e-02 2.899298e-04 -9.939504e-03
135.000 105.000 7.613177e+02 8.509364e+02 -5.558593e-02 4.009080e+01 7.489831e+02 8.572897e+02 -6.742722e-02 3.998712e+01 4.037503e-01 1.316365e-02 2.091226e-04 -1.145740e-02
135.000 135.000 7.140993e+02 1.172049e+03 -2.427964e-01 4.213027e+01 7.058279e+02 1.183688e+03 -2.529009e-01 4.205550e+01 2.885837e-01 1.375661e-02 1.697421e-04 -1.261278e-02
135.000 165.000 7.622959e+02 1.020445e+03 -1.448048e-01 4.177750e+01 7.654339e+02 1.018605e+03 -1.419089e-01 4.181042e+01 9.609127e-02 1.319537e-02 -4.899530e-05 -5.766166e-03
135.000 195.000 6.342225e+02 7.452433e+02 -8.048106e-02 3.702068e+01 6.410758e+02 7.404359e+02 -7.192125e-02 3.707244e+01 -1.221487e-01 1.195947e-02 -1.633809e-04 1.125524e-03
135.000 225.000 9.637941e+02 6.177405e+02 2.188087e-01 3.880483e+01 9.802013e+02 6.079743e+02 2.343739e-01 3.874191e+01 -3.076591e-01 1.127237e-02 -2.838611e-04 1.356707e-02
135.000 255.000 1.055150e+03 8.842872e+02 8.809911e-02 4.386780e+01 1.067014e+03 8.655895e+02 1.042243e-01 4.372196e+01 -4.107324e-01 1.192446e-02 -2.603550e-04 1.137124e-02
135.000 285.000 1.033613e+03 5.832766e+02 2.785203e-01 3.861945e+01 1.043499e+03 5.797906e+02 2.856595e-01 3.861122e+01 -4.037503e-01 1.316365e-02 -1.307296e-04 1.766650e-02
135.000 315.000 1.147447e+03 8.879302e+02 1.275030e-01 4.474693e+01 1.155588e+03 8.803887e+02 1.351683e-01 4.470770e+01 -2.885837e-01 1.375661e-02 -1.211832e-04 9.298664e-03
135.000 345.000 1.042127e+03 7.355082e+02 1.724867e-01 4.153008e+01 1.039363e+03 7.362409e+02 1.707151e-01 4.151935e+01 -9.609129e-02 1.319537e-02 3.016751e-05 6.467072e-03
165.000 15.000 5.557596e+02 8.739318e+02 -2.225461e-01 3.686304e+01 5.530642e+02 8.787775e+02 -2.274785e-01 3.684764e+01 1.116199e-01 9.947045e-03 9.463460e-05 -9.065069e-03
165.000 45.000 6.303991e+02 8.183267e+02 -1.297192e-01 3.774054e+01 6.225038e+02 8.247600e+02 -1.397508e-01 3.766959e+01 2.998100e-01 1.473360e-02 1.881283e-04 -1.138111e-02
165.000 75.000 5.590742e+02 8.385370e+02 -1.999574e-01 3.662964e+01 5.571262e+02 8.481202e+02 -2.070768e-01 3.667408e+01 4.076662e-01 1.662199e-02 1.373516e-04 -1.658830e-02
165.000 105.000 8.772795e+02 1.134123e+03 -1.276936e-01 4.448151e+01 8.601594e+02 1.149612e+03 -1.440227e-01 4.436309e+01 4.062886e-01 1.474337e-02 2.599231e-04 -1.200459e-02
165.000 135.000 6.639455e+02 9.152469e+02 -1.591329e-01 3.923267e+01 6.575158e+02 9.243439e+02 -1.686800e-01 3.920269e+01 2.960463e-01 9.961504e-03 1.721378e-04 -1.160205e-02
165.000 165.000 8.907683e+02 9.431163e+02 -2.854488e-02 4.280643e+01 8.897352e+02 9.473461e+02 -3.136004e-02 4.284011e+01 1.064786e-01 6.326133e-03 4.648450e-05 -3.154281e-03
165.000 195.000 8.596839e+02 7.073664e+02 9.720010e-02 3.939854e+01 8.634473e+02 7.058315e+02 1.004383e-01 3.941381e+01 -1.116199e-01 9.947045e-03 -5.810705e-05 5.300196e-03
165.000 225.000 1.342757e+03 8.515525e+02 2.238540e-01 4.565470e+01 1.358556e+03 8.422185e+02 2.346162e-01 4.560300e+01 -2.998100e-01 1.473360e-02 -1.667820e-04 1.147010e-02
165.000 255.000 1.135686e+03 6.434223e+02 2.766913e-01 4.053274e+01 1.154652e+03 6.343895e+02 2.908052e-01 4.046908e+01 -4.076662e-01 1.662199e-02 -2.464163e-04 1.688406e-02
165.000 285.000 1.439243e+03 9.628045e+02 1.983468e-01 4.803694e+01 1.457094e+03 9.395604e+02 2.159399e-01 4.780061e+01 -4.062886e-01 1.474337e-02 -2.596101e-04 1.258688e-02
165.000 315.000 1.205738e+03 7.427172e+02 2.376346e-01 4.287686e+01 1.216850e+03 7.323633e+02 2.485551e-01 4.276438e+01 -2.960463e-01 9.961505e-03 -1.803324e-04 1.244683e-02
165.000 345.000 1.204736e+03 5.694321e+02 3.580856e-01 3.932779e+01 1.208914e+03 5.698609e+02 3.592658e-01 3.935969e+01 -1.064787e-01 6.326133e-03 -2.121079e-05 1.181262e-02
195.000 15.000 5.282413e+02 9.433953e+02 -2.821036e-01 3.680381e+01 5.279474e+02 9.454091e+02 -2.833406e-01 3.681131e+01 1.064786e-01 6.326130e-03 2.376382e-05 -1.055821e-02
195.000 45.000 6.460296e+02 1.244077e+03 -3.164093e-01 4.124171e+01 6.401739e+02 1.252674e+03 -3.235864e-01 4.116614e+01 2.960463e-01 9.961504e-03 1.231662e-04 -1.485039e-02
195.000 75.000 8.996183e+02 8.126817e+02 5.077182e-02 4.132658e+01 8.816028e+02 8.211113e+02 3.552649e-02 4.123791e+01 4.062886e-01 1.474337e-02 2.611309e-04 -8.602618e-03
195.000 105.000 5.665593e+02 1.125845e+03 -3.304682e-01 3.882754e+01 5.598443e+02 1.136930e+03 -3.401076e-01 3.873633e+01 4.076662e-01 1.662199e-02 1.757556e-04 -1.901059e-02
195.000 135.000 1.002681e+03 1.534389e+03 -2.095758e-01 4.925075e+01 9.862177e+02 1.550642e+03 -2.224894e-01 4.910480e+01 2.998100e-01 1.473360e-02 1.856785e-04 -1.034270e-02
195.000 165.000 6.612388e+02 8.426192e+02 -1.206101e-01 3.849652e+01 6.600696e+02 8.484677e+02 -1.248880e-01 3.853581e+01 1.116199e-01 9.947044e-03 7.853623e-05 -6.032495e-03
195.000 195.000 6.962205e+02 8.355189e+02 -9.094130e-02 3.897527e+01 6.970162e+02 8.312825e+02 -8.785342e-02 3.894230e+01 -1.064786e-01 6.326130e-03 -5.604546e-05 3.986450e-04
195.000 225.000 1.177530e+03 5.207899e+02 3.866999e-01 3.800472e+01 1.191672e+03 5.189670e+02 3.932478e-01 3.802761e+01 -2.960463e-01 9.961504e-03 -1.217914e-04 1.796477e-02
195.000 255.000 8.305434e+02 1.181671e+03 -1.744982e-01 4.416948e+01 8.393348e+02 1.151448e+03 -1.567791e-01 4.406643e+01 -4.062886e-01 1.474337e-02 -2.839949e-04 5.247750e-03
195.000 285.000 1.110276e+03 6.893314e+02 2.339091e-01 4.124494e+01 1.126965e+03 6.755072e+02 2.504657e-01 4.110228e+01 -4.076662e-01 1.662199e-02 -2.843389e-04 1.555525e-02
195.000 315.000 1.090503e+03 6.655339e+02 2.420047e-01 4.065947e+01 1.102518e+03 6.551835e+02 2.544997e-01 4.054448e+01 -2.998100e-01 1.473360e-02 -2.176072e-04 1.332567e-02
195.000 345.000 1.241005e+03 1.134852e+03 4.467983e-02 4.869410e+01 1.246713e+03 1.128883e+03 4.960016e-02 4.868009e+01 -1.116200e-01 9.947045e-03 -7.146037e-05 3.209830e-03
225.000 15.000 1.297663e+03 1.052543e+03 1.042971e-01 4.821452e+01 1.298624e+03 1.053082e+03 1.044102e-01 4.822933e+01 9.609125e-02 1.319537e-02 -1.658897e-06 1.701938e-04
225.000 45.000 1.260242e+03 1.299196e+03 -1.521977e-02 5.058503e+01 1.241351e+03 1.304454e+03 -2.478730e-02 5.044047e+01 2.885837e-01 1.375661e-02 1.339317e-04 -6.005797e-03
225.000 75.000 7.514823e+02 1.294828e+03 -2.655246e-01 4.361237e+01 7.443681e+02 1.307669e+03 -2.745083e-01 4.355923e+01 4.037503e-01 1.316365e-02 1.457458e-04 -1.534599e-02
225.000 105.000 4.053734e+02 1.335495e+03 -5.342860e-01 3.526922e+01 3.999798e+02 1.360183e+03 -5.455195e-01 3.516181e+01 4.107324e-01 1.192446e-02 2.255613e-04 -2.679443e-02
225.000 135.000 4.721465e+02 1.179027e+03 -4.281078e-01 3.672264e+01 4.645309e+02 1.194292e+03 -4.399271e-01 3.657569e+01 3.076591e-01 1.127238e-02 2.280400e-04 -2.003579e-02
225.000 165.000 8.832451e+02 6.248183e+02 1.713634e-01 3.825936e+01 8.726900e+02 6.292368e+02 1.620939e-01 3.824218e+01 1.221488e-01 1.195947e-02 1.713556e-04 1.286342e-03
225.000 195.000 1.447754e+03 1.084991e+03 1.432293e-01 4.980750e+01 1.445982e+03 1.083223e+03 1.434280e-01 4.977123e+01 -9.609123e-02 1.319537e-02 -2.822512e-06 4.804909e-03
225.000 225.000 8.511078e+02 7.397739e+02 6.998257e-02 3.978807e+01 8.526567e+02 7.354111e+02 7.382910e-02 3.974181e+01 -2.885837e-01 1.375661e-02 -6.839971e-05 9.011903e-03
225.000 255.000 1.280048e+03 5.623833e+02 3.895204e-01 3.953336e+01 1.292456e+03 5.581692e+02 3.967776e-01 3.948768e+01 -4.037503e-01 1.316365e-02 -1.298793e-04 2.006586e-02
225.000 285.000 1.284971e+03 5.251242e+02 4.197828e-01 3.861508e+01 1.303943e+03 5.115148e+02 4.364894e-01 3.833499e+01 -4.107324e-01 1.192446e-02 -3.070375e-04 2.150753e-02
225.000 315.000 8.784724e+02 7.072531e+02 1.079754e-01 3.958836e+01 8.905247e+02 6.972840e+02 1.217028e-01 3.955112e+01 -3.076591e-01 1.127238e-02 -2.453065e-04 1.049891e-02
225.000 345.000 1.210144e+03 9.604888e+02 1.150151e-01 4.628087e+01 1.222249e+03 9.491746e+02 1.257584e-01 4.622859e+01 -1.221488e-01 1.195947e-02 -1.642356e-04 5.124447e-03
255.000 15.000 9.255456e+02 1.270669e+03 -1.571448e-01 4.628153e+01 9.386661e+02 1.253079e+03 -1.434534e-01 4.633187e+01 7.557601e-02 1.278137e-02 -2.090686e-04 -5.028372e-03
255.000 45.000 7.258084e+02 1.666581e+03 -3.932354e-01 4.497159e+01 7.359395e+02 1.670613e+03 -3.883869e-01 4.520551e+01 2.680616e-01 1.241254e-02 -7.603688e-05 -1.470477e-02
255.000 75.000 9.010422e+02 9.077906e+02 -3.730795e-03 4.253008e+01 8.966483e+02 9.122534e+02 -8.626815e-03 4.252960e+01 3.887203e-01 1.220095e-02 8.140187e-05 -9.227612e-03
255.000 105.000 7.244461e+02 1.902554e+03 -4.484614e-01 4.581118e+01 7.164394e+02 1.931128e+03 -4.587943e-01 4.571953e+01 4.052217e-01 1.236718e-02 1.596504e-04 -1.863482e-02
255.000 135.000 1.056365e+03 1.158130e+03 -4.595376e-02 4.700871e+01 1.037669e+03 1.173890e+03 -6.159486e-02 4.693793e+01 3.131443e-01 1.273732e-02 2.354512e-04 -7.638969e-03
255.000 165.000 8.085818e+02 7.906587e+02 1.120725e-02 3.998799e+01 7.948455e+02 8.026247e+02 -4.869743e-03 3.996789e+01 1.371601e-01 1.294015e-02 2.843606e-04 -3.149767e-03
255.000 195.000 9.243421e+02 1.055203e+03 -6.610654e-02 4.439475e+01 9.113741e+02 1.071006e+03 -8.052538e-02 4.437934e+01 -7.557599e-02 1.278137e-02 2.296990e-04 2.133011e-04
255.000 225.000 1.351165e+03 1.094762e+03 1.048287e-01 4.918382e+01 1.342248e+03 1.097829e+03 1.001684e-01 4.914870e+01 -2.680616e-01 1.241254e-02 6.702511e-05 7.581564e-03
255.000 255.000 1.342053e+03 1.028217e+03 1.324050e-01 4.825678e+01 1.351348e+03 1.023722e+03 1.379441e-01 4.826879e+01 -3.887203e-01 1.220095e-02 -8.115481e-05 1.079901e-02
255.000 285.000 7.534493e+02 1.201445e+03 -2.291661e-01 4.303753e+01 7.541027e+02 1.183244e+03 -2.215096e-01 4.292188e+01 -4.052217e-01 1.236718e-02 -1.259645e-04 4.090747e-03
255.000 315.000 1.028120e+03 9.808399e+02 2.353483e-02 4.480901e+01 1.045230e+03 9.594175e+02 4.280660e-02 4.473225e+01 -3.131443e-01 1.273732e-02 -3.043781e-04 7.513648e-03
255.000 345.000 7.055619e+02 1.396741e+03 -3.287723e-01 4.330199e+01 7.164960e+02 1.364787e+03 -3.114862e-01 4.335146e+01 -1.371601e-01 1.294015e-02 -2.821151e-04 -4.425019e-03
285.000 15.000 1.329574e+03 8.972168e+02 1.941615e-01 4.629086e+01 1.360240e+03 8.788273e+02 2.150060e-01 4.621213e+01 5.542714e-02 1.294015e-02 -3.186765e-04 2.997014e-03
285.000 45.000 8.037298e+02 1.083068e+03 -1.480487e-01 4.295861e+01 8.256777e+02 1.060305e+03 -1.244060e-01 4.309053e+01 2.391905e-01 1.273732e-02 -3.885660e-04 -9.014239e-03
285.000 75.000 5.313075e+02 1.240175e+03 -4.001549e-01 3.857234e+01 5.437727e+02 1.227458e+03 -3.859944e-01 3.882437e+01 3.588629e-01 1.236718e-02 -2.587433e-04 -1.967777e-02
285.000 105.000 1.023669e+03 7.938711e+02 1.264332e-01 4.229049e+01 1.026205e+03 7.937929e+02 1.276989e-01 4.231216e+01 3.823783e-01 1.220095e-02 -2.115660e-05 -6.052071e-03
285.000 135.000 4.961837e+02 8.030419e+02 -2.361854e-01 3.502499e+01 4.939432e+02 8.103161e+02 -2.425690e-01 3.503594e+01 3.034358e-01 1.241254e-02 1.288558e-04 -1.540674e-02
285.000 165.000 8.945472e+02 1.174517e+03 -1.353122e-01 4.506862e+01 8.750196e+02 1.195025e+03 -1.545887e-01 4.495081e+01 1.431879e-01 1.278137e-02 3.028357e-04 -6.179466e-03
285.000 195.000 1.167802e+03 1.101019e+03 2.943523e-02 4.761151e+01 1.143949e+03 1.127161e+03 7.391919e-03 4.765486e+01 -5.542712e-02 1.294015e-02 3.272292e-04 1.782392e-03
285.000 225.000 1.414473e+03 9.215246e+02 2.110227e-01 4.724377e+01 1.389788e+03 9.392928e+02 1.934218e-01 4.734918e+01 -2.391904e-01 1.273732e-02 2.631427e-04 9.529575e-03
285.000 255.000 9.927271e+02 7.798529e+02 1.200929e-01 4.179731e+01 9.810987e+02 7.946997e+02 1.049663e-01 4.190743e+01 -3.588629e-01 1.236718e-02 2.555662e-04 1.145901e-02
285.000 285.000 8.995300e+02 7.055633e+02 1.208445e-01 3.977001e+01 8.972516e+02 7.061962e+02 1.191529e-01 3.975780e+01 -3.823783e-01 1.220095e-02 3.008166e-05 1.265332e-02
285.000 315.000 1.427149e+03 7.050725e+02 3.386500e-01 4.344756e+01 1.440449e+03 6.926684e+02 3.505575e-01 4.325479e+01 -3.034358e-01 1.241254e-02 -1.942250e-04 1.477841e-02
285.000 345.000 1.127316e+03 6.248357e+02 2.867788e-01 4.010051e+01 1.146835e+03 6.136737e+02 3.028449e-01 3.998804e+01 -1.431879e-01 1.278137e-02 -2.836970e-04 1.072222e-02
315.000 15.000 7.688452e+02 8.104365e+02 -2.633564e-02 3.972639e+01 7.884628e+02 7.932904e+02 -3.052081e-03 3.977108e+01 5.127591e-02 1.195947e-02 -4.142008e-04 -1.953652e-03
315.000 45.000 9.650258e+02 9.212480e+02 2.320859e-02 4.341956e+01 1.002629e+03 8.943900e+02 5.705745e-02 4.348383e+01 2.184991e-01 1.127237e-02 -5.508359e-04 -4.497754e-03
315.000 75.000 3.263669e+02 7.628131e+02 -4.007108e-01 3.023725e+01 3.428271e+02 7.419896e+02 -3.679538e-01 3.062586e+01 3.271756e-01 1.192446e-02 -7.611237e-04 -2.407250e-02
315.000 105.000 8.795785e+02 1.504414e+03 -2.620963e-01 4.711927e+01 9.024279e+02 1.490014e+03 -2.456008e-01 4.741445e+01 3.481857e-01 1.316365e-02 -2.467691e-04 -1.295186e-02
315.000 135.000 8.672640e+02 1.359044e+03 -2.208949e-01 4.601822e+01 8.714858e+02 1.354336e+03 -2.169311e-01 4.605514e+01 2.758997e-01 1.375661e-02 -6.088220e-05 -1.079561e-02
315.000 165.000 1.063341e+03 1.050667e+03 5.995153e-03 4.597752e+01 1.052884e+03 1.063857e+03 -5.184052e-03 4.600744e+01 1.296866e-01 1.319537e-02 1.718736e-04 -2.690259e-03
315.000 195.000 9.920495e+02 8.237487e+02 9.268694e-02 4.242875e+01 9.685461e+02 8.435142e+02 6.899990e-02 4.246685e+01 -5.127589e-02 1.195947e-02 3.945850e-04 3.393049e-03
315.000 225.000 1.250713e+03 9.271545e+02 1.485667e-01 4.614973e+01 1.218186e+03 9.604852e+02 1.182837e-01 4.634857e+01 -2.184991e-01 1.127237e-02 4.629987e-04 7.953801e-03
315.000 255.000 1.144998e+03 9.892410e+02 7.298017e-02 4.607463e+01 1.122065e+03 1.013652e+03 5.076169e-02 4.615424e+01 -3.271756e-01 1.192446e-02 3.406922e-04 8.684947e-03
315.000 285.000 1.408428e+03 6.797517e+02 3.489530e-01 4.282413e+01 1.389485e+03 7.026171e+02 3.283148e-01 4.320409e+01 -3.481857e-01 1.316365e-02 3.392667e-04 1.627911e-02
315.000 315.000 9.741530e+02 8.129563e+02 9.019970e-02 4.210189e+01 9.688527e+02 8.135088e+02 8.715621e-02 4.205737e+01 -2.758997e-01 1.375661e-02 5.114296e-05 8.695556e-03
315.000 345.000 1.376405e+03 8.649237e+02 2.282046e-01 4.609345e+01 1.392169e+03 8.536565e+02 2.397838e-01 4.600760e+01 -1.296866e-01 1.319537e-02 -1.777992e-04 7.764469e-03
345.000 15.000 1.186121e+03 8.544992e+02 1.625102e-01 4.457273e+01 1.206365e+03 8.408916e+02 1.785185e-01 4.451980e+01 6.881873e-02 9.947046e-03 -2.541085e-04 2.101990e-03
345.000 45.000 8.943883e+02 8.543181e+02 2.291417e-02 4.180656e+01 9.293601e+02 8.355504e+02 5.315267e-02 4.195145e+01 2.193342e-01 1.473360e-02 -5.105618e-04 -4.698306e-03
345.000 75.000 1.393168e+03 1.560378e+03 -5.661331e-02 5.425937e+01 1.457753e+03 1.522762e+03 -2.181108e-02 5.458111e+01 3.110792e-01 1.662199e-02 -4.521992e-04 -6.776572e-03
345.000 105.000 7.309686e+02 1.129268e+03 -2.141124e-01 4.213023e+01 7.669027e+02 1.103261e+03 -1.798549e-01 4.254019e+01 3.194708e-01 1.474337e-02 -5.721804e-04 -1.266509e-02
345.000 135.000 9.044419e+02 1.096295e+03 -9.589127e-02 4.452348e+01 9.231277e+02 1.075547e+03 -7.626040e-02 4.457636e+01 2.422605e-01 9.961504e-03 -3.115857e-04 -7.594908e-03
345.000 165.000 1.515607e+03 1.150743e+03 1.368402e-01 5.115098e+01 1.516763e+03 1.145924e+03 1.392723e-01 5.109833e+01 1.001366e-01 6.326134e-03 -3.363863e-05 7.175540e-04
345.000 195.000 1.045959e+03 6.883404e+02 2.062035e-01 4.074994e+01 1.030349e+03 7.010642e+02 1.901826e-01 4.085081e+01 -6.881871e-02 9.947046e-03 2.776566e-04 6.749023e-03
345.000 225.000 1.113453e+03 6.914535e+02 2.338069e-01 4.130666e+01 1.089758e+03 7.167514e+02 2.064790e-01 4.158715e+01 -2.193341e-01 1.473360e-02 4.662253e-04 1.097017e-02
345.000 255.000 1.190281e+03 1.039806e+03 6.747517e-02 4.711617e+01 1.150658e+03 1.071406e+03 3.566617e-02 4.710878e+01 -3.110792e-01 1.662199e-02 4.774183e-04 8.034488e-03
345.000 285.000 1.238519e+03 6.600337e+02 3.046979e-01 4.150047e+01 1.208790e+03 6.892605e+02 2.737173e-01 4.190282e+01 -3.194708e-01 1.474337e-02 5.253123e-04 1.504004e-02
345.000 315.000 9.031053e+02 1.009585e+03 -5.567030e-02 4.366650e+01 8.797266e+02 1.038438e+03 -8.274149e-02 4.364668e+01 -2.422605e-01 9.961505e-03 4.384726e-04 4.273074e-03
345.000 345.000 1.175079e+03 1.217640e+03 -1.778764e-02 4.890769e+01 1.172659e+03 1.221702e+03 -2.048264e-02 4.892195e+01 -1.001367e-01 6.326134e-03 3.895860e-05 1.683764e-03
