  #t  #Q2   A1M1_AVG      A_1M1     dA_1M1   A0P1_AVG      A_0P1     dA_0P1   A2M1_AVG      A_2M1     dA_2M1   A3M1_AVG      A_3M1     dA_3M1   A1P1_AVG      A_1P1     dA_1P1       Asym      Astat          t         tp         xb         Q2          W     Dilute
   2    0 -6.493e-02 -5.230e-02 2.7904e-03  3.878e-01  3.835e-01 2.7060e-03 -9.430e-03  2.405e-02 2.7247e-03 -4.565e-04 -1.537e-02 2.7317e-03  2.409e-02  2.810e-02 2.7306e-03 2.0631e-02 1.5384e-03 3.6620e-01 3.6060e-02 4.3513e-01 5.3695e+00 2.8019e+00 7.3789e-01
   Phi   PhiS      N_U_avg      N_D_avg     Asym_avg    dAsym_avg      N_U_fit      N_D_fit     Asym_fit    dAsym_fit     Asym_cal    dAsym_cal     GOOD_fit     GOOD_cal
15.000 15.000 1.998590e+02 3.387212e+02 -2.578302e-01 2.242270e+01 2.009286e+02 3.371116e+02 -2.531095e-01 2.244039e+01 1.118467e-01 2.171961e-03 -1.488097e-04 -1.648673e-02
15.000 45.000 2.928425e+02 3.365720e+02 -6.947642e-02 2.502751e+01 2.977102e+02 3.324361e+02 -5.510782e-02 2.506457e+01 3.154362e-01 3.420124e-03 -4.056584e-04 -1.537958e-02
15.000 75.000 2.027819e+02 3.163509e+02 -2.187667e-01 2.223258e+01 2.077955e+02 3.111803e+02 -1.992094e-01 2.232444e+01 4.345048e-01 5.070049e-03 -6.207370e-04 -2.938352e-02
15.000 105.000 2.044914e+02 3.083990e+02 -2.025922e-01 2.217746e+01 2.100814e+02 3.032096e+02 -1.814335e-01 2.227991e+01 4.371482e-01 5.721338e-03 -6.730676e-04 -2.884642e-02
15.000 135.000 2.152375e+02 3.376468e+02 -2.214014e-01 2.292995e+01 2.192062e+02 3.331557e+02 -2.062950e-01 2.299684e+01 3.226581e-01 5.074827e-03 -4.651684e-04 -2.372702e-02
15.000 165.000 2.562235e+02 2.031043e+02 1.156454e-01 2.128814e+01 2.580789e+02 2.019082e+02 1.221136e-01 2.128680e+01 1.217120e-01 3.427204e-03 -2.148565e-04 -2.849776e-04
15.000 195.000 2.414837e+02 2.164195e+02 5.473687e-02 2.136659e+01 2.403198e+02 2.175885e+02 4.964148e-02 2.137241e+01 -1.118467e-01 2.171961e-03 1.686041e-04 7.796449e-03
15.000 225.000 3.532668e+02 2.353542e+02 2.003200e-01 2.376975e+01 3.487886e+02 2.394771e+02 1.858199e-01 2.383177e+01 -3.154361e-01 3.420124e-03 4.307907e-04 2.169801e-02
15.000 255.000 3.006038e+02 1.800035e+02 2.509332e-01 2.122133e+01 2.955367e+02 1.847581e+02 2.306470e-01 2.132473e+01 -4.345048e-01 5.070048e-03 6.743011e-04 3.229949e-02
15.000 285.000 3.086911e+02 2.378884e+02 1.295377e-01 2.318206e+01 3.032986e+02 2.443767e+02 1.075855e-01 2.326663e+01 -4.371482e-01 5.721338e-03 6.683759e-04 2.444502e-02
15.000 315.000 3.406998e+02 1.953274e+02 2.712034e-01 2.228456e+01 3.363250e+02 1.989407e+02 2.566656e-01 2.236077e+01 -3.226581e-01 5.074828e-03 4.605087e-04 2.664901e-02
15.000 345.000 2.517764e+02 2.055215e+02 1.011482e-01 2.127485e+01 2.505941e+02 2.069938e+02 9.528283e-02 2.129398e+01 -1.217120e-01 3.427204e-03 1.948596e-04 1.047529e-02
45.000 15.000 9.561202e+02 1.068366e+03 -5.544388e-02 4.492508e+01 9.544562e+02 1.070992e+03 -5.753601e-02 4.493043e+01 1.073621e-01 4.533491e-03 3.292748e-05 -3.623945e-03
45.000 45.000 9.877649e+02 1.340994e+03 -1.516813e-01 4.769885e+01 9.997353e+02 1.329596e+03 -1.416117e-01 4.777676e+01 3.009114e-01 4.721395e-03 -1.491536e-04 -9.488544e-03
45.000 75.000 8.099345e+02 1.605933e+03 -3.294878e-01 4.640685e+01 8.298173e+02 1.580587e+03 -3.114705e-01 4.665364e+01 4.138317e-01 4.523781e-03 -2.738019e-04 -1.601745e-02
45.000 105.000 9.691041e+02 1.033911e+03 -3.235470e-02 4.473162e+01 9.960010e+02 1.014764e+03 -9.331352e-03 4.483960e+01 4.158661e-01 4.110788e-03 -3.635086e-04 -1.002022e-02
45.000 135.000 1.018054e+03 1.258755e+03 -1.057183e-01 4.744853e+01 1.042575e+03 1.236091e+03 -8.492514e-02 4.756293e+01 3.064695e-01 3.893526e-03 -3.094995e-04 -8.687053e-03
45.000 165.000 1.115326e+03 1.460102e+03 -1.338714e-01 5.029188e+01 1.131133e+03 1.442221e+03 -1.208881e-01 5.035620e+01 1.149547e-01 4.121471e-03 -1.824289e-04 -4.947640e-03
45.000 195.000 1.012015e+03 1.078588e+03 -3.184355e-02 4.569992e+01 1.013748e+03 1.075741e+03 -2.966859e-02 4.569081e+01 -1.073621e-01 4.533491e-03 -3.365612e-05 1.652487e-03
45.000 225.000 1.404891e+03 9.085970e+02 2.145220e-01 4.697895e+01 1.393394e+03 9.188603e+02 2.052255e-01 4.706238e+01 -3.009113e-01 4.721395e-03 1.398028e-04 1.097158e-02
45.000 255.000 1.514496e+03 8.884376e+02 2.605392e-01 4.732675e+01 1.492043e+03 9.088027e+02 2.429311e-01 4.753060e+01 -4.138316e-01 4.523781e-03 2.625157e-04 1.424925e-02
45.000 285.000 1.319355e+03 1.260912e+03 2.264999e-02 5.078329e+01 1.294837e+03 1.296611e+03 -6.847166e-04 5.090625e+01 -4.158661e-01 4.110788e-03 3.245195e-04 8.635047e-03
45.000 315.000 1.644382e+03 1.062273e+03 2.150656e-01 5.080811e+01 1.614825e+03 1.087984e+03 1.949235e-01 5.099133e+01 -3.064696e-01 3.893526e-03 2.798168e-04 1.026480e-02
45.000 345.000 1.229199e+03 1.001852e+03 1.019013e-01 4.698813e+01 1.214357e+03 1.016592e+03 8.864601e-02 4.704698e+01 -1.149548e-01 4.121471e-03 1.993488e-04 4.615124e-03
75.000 15.000 3.614331e+03 3.290287e+03 4.693138e-02 8.300247e+01 3.569432e+03 3.328271e+03 3.496252e-02 8.300164e+01 1.067549e-01 4.400452e-03 1.019644e-04 -7.207438e-04
75.000 45.000 3.405805e+03 4.363797e+03 -1.233000e-01 8.747275e+01 3.385046e+03 4.394583e+03 -1.297667e-01 8.745641e+01 2.925913e-01 4.257536e-03 5.227968e-05 -4.754525e-03
75.000 75.000 3.388531e+03 5.109384e+03 -2.025030e-01 9.027423e+01 3.394893e+03 5.111851e+03 -2.018350e-01 9.033383e+01 4.000281e-01 4.181889e-03 -5.230868e-06 -6.674452e-03
75.000 105.000 3.269180e+03 4.705314e+03 -1.800909e-01 8.783997e+01 3.298067e+03 4.675880e+03 -1.727894e-01 8.795382e+01 4.002777e-01 4.252898e-03 -5.873891e-05 -6.607113e-03
75.000 135.000 3.173407e+03 4.505430e+03 -1.734668e-01 8.630049e+01 3.221378e+03 4.461429e+03 -1.614059e-01 8.650234e+01 2.932732e-01 4.395965e-03 -9.870624e-05 -5.408312e-03
75.000 165.000 3.475375e+03 4.333733e+03 -1.099176e-01 8.783370e+01 3.529761e+03 4.277170e+03 -9.573661e-02 8.795099e+01 1.076864e-01 4.467989e-03 -1.140885e-04 -2.477455e-03
75.000 195.000 3.911361e+03 3.391090e+03 7.124607e-02 8.523722e+01 3.958823e+03 3.345789e+03 8.392420e-02 8.516551e+01 -1.067549e-01 4.400452e-03 -1.052189e-04 2.088301e-03
75.000 225.000 3.993606e+03 2.931155e+03 1.534279e-01 8.222987e+01 4.018923e+03 2.914060e+03 1.593633e-01 8.220041e+01 -2.925913e-01 4.257536e-03 -5.104876e-05 5.424052e-03
75.000 255.000 4.882899e+03 3.205160e+03 2.074340e-01 8.797750e+01 4.882896e+03 3.212240e+03 2.063778e-01 8.803607e+01 -4.000281e-01 4.181889e-03 8.486601e-06 6.904744e-03
75.000 285.000 4.768330e+03 2.847487e+03 2.522176e-01 8.444731e+01 4.739029e+03 2.875642e+03 2.447102e-01 8.460899e+01 -4.002777e-01 4.252898e-03 6.280195e-05 7.726656e-03
75.000 315.000 4.749717e+03 2.943229e+03 2.348239e-01 8.525690e+01 4.697429e+03 2.982436e+03 2.233104e-01 8.542183e+01 -2.932732e-01 4.395965e-03 9.539904e-05 6.194186e-03
75.000 345.000 4.215607e+03 3.206790e+03 1.359154e-01 8.535387e+01 4.159480e+03 3.254907e+03 1.220024e-01 8.546360e+01 -1.076864e-01 4.467989e-03 1.151865e-04 2.854022e-03
105.000 15.000 4.474077e+03 5.724660e+03 -1.226214e-01 1.002267e+02 4.427585e+03 5.788024e+03 -1.331726e-01 1.001720e+02 7.837863e-02 4.467989e-03 7.445977e-05 -2.005454e-03
105.000 45.000 4.277942e+03 5.618712e+03 -1.354771e-01 9.856475e+01 4.195040e+03 5.712207e+03 -1.531371e-01 9.836113e+01 2.615269e-01 4.395965e-03 1.268243e-04 -4.027850e-03
105.000 75.000 4.376184e+03 5.733694e+03 -1.342756e-01 9.963733e+01 4.279064e+03 5.831145e+03 -1.535162e-01 9.935763e+01 3.745993e-01 4.252898e-03 1.367380e-04 -5.107272e-03
105.000 105.000 4.563053e+03 5.316766e+03 -7.628819e-02 9.910762e+01 4.464499e+03 5.388450e+03 -9.377407e-02 9.882463e+01 3.872981e-01 4.181889e-03 1.249353e-04 -4.677605e-03
105.000 135.000 4.856631e+03 6.029838e+03 -1.077675e-01 1.037306e+02 4.804690e+03 6.078353e+03 -1.170318e-01 1.036049e+02 2.962207e-01 4.257536e-03 6.319122e-05 -3.894590e-03
105.000 165.000 5.278829e+03 6.102872e+03 -7.240072e-02 1.064051e+02 5.281379e+03 6.105485e+03 -7.237339e-02 1.064294e+02 1.257712e-01 4.400452e-03 -1.816230e-07 -1.862429e-03
105.000 195.000 4.869123e+03 5.076516e+03 -2.085269e-02 9.970614e+01 4.919267e+03 5.026591e+03 -1.079079e-02 9.972312e+01 -7.837861e-02 4.467989e-03 -7.135194e-05 5.769547e-04
105.000 225.000 6.539548e+03 4.402930e+03 1.952591e-01 1.025928e+02 6.648668e+03 4.316909e+03 2.126435e-01 1.023218e+02 -2.615269e-01 4.395965e-03 -1.199781e-04 4.452417e-03
105.000 255.000 5.231746e+03 4.110989e+03 1.199602e-01 9.595983e+01 5.326198e+03 4.013451e+03 1.405564e-01 9.568247e+01 -3.745993e-01 4.252898e-03 -1.519883e-04 5.153818e-03
105.000 285.000 6.756031e+03 4.326247e+03 2.192495e-01 1.027110e+02 6.852231e+03 4.234535e+03 2.361100e-01 1.023167e+02 -3.872981e-01 4.181889e-03 -1.162984e-04 5.905381e-03
105.000 315.000 6.260997e+03 4.728120e+03 1.394904e-01 1.038041e+02 6.322580e+03 4.681074e+03 1.491783e-01 1.037245e+02 -2.962207e-01 4.257536e-03 -6.601824e-05 4.197435e-03
105.000 345.000 4.797344e+03 5.497774e+03 -6.803518e-02 1.012298e+02 4.797119e+03 5.496969e+03 -6.798557e-02 1.012250e+02 -1.257712e-01 4.400452e-03 -3.465147e-07 5.703462e-04
135.000 15.000 4.307706e+03 4.742356e+03 -4.802737e-02 9.502203e+01 4.342361e+03 4.700184e+03 -3.957105e-02 9.501782e+01 3.709846e-02 4.121471e-03 -6.292917e-05 -8.958536e-04
135.000 45.000 3.763840e+03 3.871936e+03 -1.415648e-02 8.737417e+01 3.766404e+03 3.858713e+03 -1.210593e-02 8.731552e+01 2.018695e-01 3.893526e-03 -1.660039e-05 -2.472424e-03
135.000 75.000 3.607535e+03 4.914045e+03 -1.533179e-01 9.122099e+01 3.566419e+03 4.941570e+03 -1.616306e-01 9.102595e+01 3.125498e-01 4.110788e-03 6.450504e-05 -5.107024e-03
135.000 105.000 3.679975e+03 5.267728e+03 -1.774481e-01 9.309113e+01 3.615190e+03 5.346612e+03 -1.932002e-01 9.288321e+01 3.394827e-01 4.523781e-03 1.197840e-04 -5.552954e-03
135.000 135.000 4.176608e+03 4.963492e+03 -8.609140e-02 9.524892e+01 4.083603e+03 5.050484e+03 -1.058541e-01 9.503546e+01 2.754514e-01 4.721395e-03 1.468787e-04 -3.795768e-03
135.000 165.000 4.040579e+03 3.686840e+03 4.577715e-02 8.781359e+01 3.974722e+03 3.740329e+03 3.038125e-02 8.779481e+01 1.376131e-01 4.533491e-03 1.239866e-04 -1.045806e-03
135.000 195.000 4.870509e+03 4.424182e+03 4.801965e-02 9.629776e+01 4.832167e+03 4.464709e+03 3.952496e-02 9.634496e+01 -3.709844e-02 4.121471e-03 6.236053e-05 8.839052e-04
135.000 225.000 5.097661e+03 4.075425e+03 1.114386e-01 9.517967e+01 5.123493e+03 4.073912e+03 1.141171e-01 9.527660e+01 -2.018695e-01 3.893526e-03 -1.988913e-05 3.291755e-03
135.000 255.000 5.381576e+03 4.005734e+03 1.465640e-01 9.584185e+01 5.427265e+03 3.963133e+03 1.559179e-01 9.571893e+01 -3.125498e-01 4.110788e-03 -6.905632e-05 4.790327e-03
135.000 285.000 4.539540e+03 4.014307e+03 6.140307e-02 9.231249e+01 4.589090e+03 3.939124e+03 7.621354e-02 9.207974e+01 -3.394827e-01 4.523781e-03 -1.135902e-04 4.342703e-03
135.000 315.000 4.409430e+03 3.950008e+03 5.495851e-02 9.129177e+01 4.479494e+03 3.874252e+03 7.245156e-02 9.115862e+01 -2.754514e-01 4.721395e-03 -1.355925e-04 3.619274e-03
135.000 345.000 4.872537e+03 3.758274e+03 1.291029e-01 9.212468e+01 4.946737e+03 3.694463e+03 1.449189e-01 9.197674e+01 -1.376131e-01 4.533491e-03 -1.214945e-04 2.895163e-03
165.000 15.000 3.067689e+03 2.536986e+03 9.468936e-02 7.452800e+01 3.089262e+03 2.517660e+03 1.019457e-01 7.448926e+01 4.279037e-02 3.427204e-03 -6.886505e-05 6.963690e-04
165.000 45.000 2.828327e+03 2.937193e+03 -1.888224e-02 7.591748e+01 2.835645e+03 2.930887e+03 -1.651622e-02 7.592733e+01 1.732318e-01 5.074827e-03 -2.203606e-05 -2.530564e-03
165.000 75.000 2.562906e+03 2.984044e+03 -7.592243e-02 7.426289e+01 2.551302e+03 2.994613e+03 -7.993468e-02 7.423260e+01 2.572559e-01 5.721338e-03 3.821106e-05 -4.486472e-03
165.000 105.000 2.732099e+03 2.521552e+03 4.007630e-02 7.242385e+01 2.701352e+03 2.539933e+03 3.079771e-02 7.236238e+01 2.723485e-01 5.070048e-03 9.062954e-05 -3.207123e-03
165.000 135.000 2.116384e+03 2.959945e+03 -1.661755e-01 7.025774e+01 2.096522e+03 2.994374e+03 -1.763642e-01 7.023209e+01 2.144656e-01 3.420124e-03 1.025631e-04 -5.417780e-03
165.000 165.000 2.607560e+03 2.896281e+03 -5.245806e-02 7.408573e+01 2.582955e+03 2.925761e+03 -6.222965e-02 7.407687e+01 9.911672e-02 2.171961e-03 9.326994e-05 -2.045937e-03
165.000 195.000 2.525827e+03 2.918546e+03 -7.213294e-02 7.359378e+01 2.506642e+03 2.940958e+03 -7.972600e-02 7.357291e+01 -4.279036e-02 3.427204e-03 7.296635e-05 -3.987101e-04
165.000 225.000 3.186859e+03 2.629560e+03 9.581481e-02 7.591457e+01 3.180376e+03 2.639548e+03 9.292712e-02 7.595832e+01 -1.732318e-01 5.074827e-03 2.688967e-05 3.544071e-03
165.000 255.000 3.632302e+03 1.812788e+03 3.341567e-01 6.954917e+01 3.646587e+03 1.809793e+03 3.366324e-01 6.955613e+01 -2.572559e-01 5.721338e-03 -2.516895e-05 8.503518e-03
165.000 285.000 3.083981e+03 2.168634e+03 1.742650e-01 7.136597e+01 3.103708e+03 2.159360e+03 1.794292e-01 7.136963e+01 -2.723485e-01 5.070049e-03 -5.116648e-05 6.258074e-03
165.000 315.000 2.512770e+03 2.226334e+03 6.044083e-02 6.871529e+01 2.536123e+03 2.203929e+03 7.008237e-02 6.867876e+01 -2.144656e-01 3.420124e-03 -9.924153e-05 4.000658e-03
165.000 345.000 2.686719e+03 1.903617e+03 1.705978e-01 6.675882e+01 2.717757e+03 1.883309e+03 1.813596e-01 6.670631e+01 -9.911673e-02 2.171961e-03 -1.140331e-04 4.040134e-03
195.000 15.000 2.751885e+03 2.658146e+03 1.732676e-02 7.354187e+01 2.723385e+03 2.687255e+03 6.677687e-03 7.355541e+01 9.911669e-02 2.171960e-03 1.023817e-04 -1.112155e-03
195.000 45.000 1.807533e+03 3.138348e+03 -2.690754e-01 6.773323e+01 1.790788e+03 3.164319e+03 -2.771950e-01 6.763409e+01 2.144655e-01 3.420124e-03 8.482725e-05 -7.138903e-03
195.000 75.000 3.087814e+03 2.698183e+03 6.734035e-02 7.589307e+01 3.059633e+03 2.719172e+03 5.891545e-02 7.588641e+01 2.723485e-01 5.070049e-03 7.849948e-05 -2.701276e-03
195.000 105.000 2.386617e+03 2.703308e+03 -6.221905e-02 7.120548e+01 2.375056e+03 2.708926e+03 -6.567108e-02 7.114813e+01 2.572559e-01 5.721338e-03 3.429420e-05 -4.486662e-03
195.000 135.000 2.440183e+03 2.781275e+03 -6.532518e-02 7.210531e+01 2.454169e+03 2.770905e+03 -6.061834e-02 7.215174e+01 1.732318e-01 5.074827e-03 -4.614311e-05 -3.308452e-03
195.000 165.000 3.018246e+03 2.343120e+03 1.259244e-01 7.263849e+01 3.044130e+03 2.325642e+03 1.338024e-01 7.261981e+01 4.279039e-02 3.427204e-03 -7.669915e-05 1.144489e-03
195.000 195.000 2.757078e+03 2.613167e+03 2.679797e-02 7.325564e+01 2.784264e+03 2.585217e+03 3.707002e-02 7.322638e+01 -9.911668e-02 2.171960e-03 -9.917174e-05 1.718839e-03
195.000 225.000 2.747251e+03 1.921224e+03 1.769371e-01 6.724820e+01 2.767666e+03 1.901878e+03 1.854116e-01 6.714922e+01 -2.144655e-01 3.420124e-03 -8.917310e-05 5.820269e-03
195.000 255.000 3.112631e+03 2.572638e+03 9.498092e-02 7.505984e+01 3.141530e+03 2.559314e+03 1.021280e-01 7.510914e+01 -2.723485e-01 5.070049e-03 -6.730788e-05 4.893821e-03
195.000 285.000 2.981496e+03 2.833850e+03 2.538905e-02 7.623383e+01 2.987905e+03 2.831318e+03 2.690855e-02 7.625621e+01 -2.572559e-01 5.721338e-03 -1.409201e-05 3.707605e-03
195.000 315.000 3.529197e+03 2.539380e+03 1.631054e-01 7.685787e+01 3.518819e+03 2.543687e+03 1.608464e-01 7.684829e+01 -1.732318e-01 5.074828e-03 2.078455e-05 4.376093e-03
195.000 345.000 2.808070e+03 2.872066e+03 -1.126654e-02 7.536189e+01 2.787082e+03 2.895155e+03 -1.901946e-02 7.536698e+01 -4.279041e-02 3.427204e-03 7.274180e-05 4.182998e-04
225.000 15.000 4.763040e+03 4.697504e+03 6.927389e-03 9.726299e+01 4.688463e+03 4.766256e+03 -8.227970e-03 9.723208e+01 1.376131e-01 4.533491e-03 1.101977e-04 -1.343633e-03
225.000 45.000 4.124841e+03 4.889088e+03 -8.478514e-02 9.459985e+01 4.049939e+03 4.971914e+03 -1.021936e-01 9.448615e+01 2.754514e-01 4.721395e-03 1.302017e-04 -3.808003e-03
225.000 75.000 3.630047e+03 6.139841e+03 -2.568908e-01 9.552563e+01 3.554257e+03 6.226475e+03 -2.732124e-01 9.513490e+01 3.394826e-01 4.523781e-03 1.210647e-04 -6.243073e-03
225.000 105.000 3.771598e+03 4.606517e+03 -9.965464e-02 9.107641e+01 3.748051e+03 4.641851e+03 -1.065328e-01 9.107515e+01 3.125498e-01 4.110788e-03 5.340172e-05 -4.525919e-03
225.000 135.000 4.024331e+03 4.906419e+03 -9.876975e-02 9.404056e+01 4.035577e+03 4.910211e+03 -9.777056e-02 9.412903e+01 2.018695e-01 3.893526e-03 -7.509574e-06 -3.196911e-03
225.000 165.000 4.235829e+03 4.189924e+03 5.448153e-03 9.179054e+01 4.275788e+03 4.153937e+03 1.445493e-02 9.180394e+01 3.709847e-02 4.121471e-03 -6.937850e-05 -3.448103e-04
225.000 195.000 4.917690e+03 4.453207e+03 4.956658e-02 9.668440e+01 4.989027e+03 4.379079e+03 6.510901e-02 9.658360e+01 -1.376131e-01 4.533491e-03 -1.137297e-04 1.935986e-03
225.000 225.000 4.878217e+03 3.387913e+03 1.802904e-01 8.942842e+01 4.961997e+03 3.325108e+03 1.975224e-01 8.924003e+01 -2.754513e-01 4.721395e-03 -1.363967e-04 5.096162e-03
225.000 255.000 5.108711e+03 3.385963e+03 2.028033e-01 9.025129e+01 5.182008e+03 3.325904e+03 2.181621e-01 9.001656e+01 -3.394826e-01 4.523781e-03 -1.204907e-04 6.008622e-03
225.000 285.000 5.267644e+03 3.752858e+03 1.679271e-01 9.362760e+01 5.315176e+03 3.715612e+03 1.771234e-01 9.352790e+01 -3.125498e-01 4.110788e-03 -6.949104e-05 5.131787e-03
225.000 315.000 4.918984e+03 4.154849e+03 8.421304e-02 9.491829e+01 4.928798e+03 4.154220e+03 8.527757e-02 9.495769e+01 -2.018696e-01 3.893526e-03 -7.928742e-06 3.013988e-03
225.000 345.000 4.824356e+03 4.059651e+03 8.607654e-02 9.390519e+01 4.781813e+03 4.094985e+03 7.737334e-02 9.393432e+01 -3.709849e-02 4.121471e-03 6.552503e-05 1.311696e-03
255.000 15.000 4.543464e+03 5.719351e+03 -1.145774e-01 1.006384e+02 4.549563e+03 5.719269e+03 -1.139084e-01 1.006757e+02 1.257712e-01 4.400452e-03 -4.700003e-06 -2.388239e-03
255.000 45.000 4.656141e+03 5.888541e+03 -1.168740e-01 1.019836e+02 4.617095e+03 5.933702e+03 -1.247875e-01 1.019142e+02 2.962206e-01 4.257536e-03 5.488682e-05 -4.050601e-03
255.000 75.000 4.166150e+03 6.487671e+03 -2.179050e-01 1.007370e+02 4.087243e+03 6.580758e+03 -2.337379e-01 1.004250e+02 3.872981e-01 4.181889e-03 1.113085e-04 -6.007751e-03
255.000 105.000 4.757936e+03 6.095672e+03 -1.232526e-01 1.033863e+02 4.650290e+03 6.171628e+03 -1.405793e-01 1.029954e+02 3.745993e-01 4.252898e-03 1.187293e-04 -4.815453e-03
255.000 135.000 4.929614e+03 6.275115e+03 -1.200834e-01 1.050864e+02 4.837493e+03 6.362976e+03 -1.361982e-01 1.048461e+02 2.615269e-01 4.395965e-03 1.085576e-04 -3.631395e-03
255.000 165.000 6.180017e+03 5.148745e+03 9.103130e-02 1.059947e+02 6.112498e+03 5.202291e+03 8.044395e-02 1.060263e+02 7.837864e-02 4.467989e-03 7.061931e-05 1.193707e-04
255.000 195.000 5.588352e+03 5.394639e+03 1.763748e-02 1.047835e+02 5.587936e+03 5.404104e+03 1.672413e-02 1.048283e+02 -1.257711e-01 4.400452e-03 6.162179e-06 1.368619e-03
255.000 225.000 6.223099e+03 4.673380e+03 1.422220e-01 1.033251e+02 6.273534e+03 4.622622e+03 1.515132e-01 1.031796e+02 -2.962206e-01 4.257536e-03 -6.362946e-05 4.243331e-03
255.000 255.000 5.785991e+03 4.287428e+03 1.487641e-01 9.924962e+01 5.863777e+03 4.200138e+03 1.653073e-01 9.893889e+01 -3.872981e-01 4.181889e-03 -1.180471e-04 5.401151e-03
255.000 285.000 5.270438e+03 4.179753e+03 1.154141e-01 9.656247e+01 5.354456e+03 4.093806e+03 1.334267e-01 9.633306e+01 -3.745993e-01 4.252898e-03 -1.320594e-04 5.074573e-03
255.000 315.000 6.546881e+03 4.843871e+03 1.495081e-01 1.055279e+02 6.642986e+03 4.744480e+03 1.667189e-01 1.052186e+02 -2.615269e-01 4.395965e-03 -1.154931e-04 3.895036e-03
255.000 345.000 5.028731e+03 4.995676e+03 3.297490e-03 1.001214e+02 5.072565e+03 4.950819e+03 1.214627e-02 1.001095e+02 -7.837866e-02 4.467989e-03 -6.249820e-05 8.157711e-04
285.000 15.000 3.870283e+03 3.728327e+03 1.868182e-02 8.715480e+01 3.926462e+03 3.678359e+03 3.262455e-02 8.715920e+01 1.076864e-01 4.467989e-03 -1.131177e-04 -1.021224e-03
285.000 45.000 3.132594e+03 4.775386e+03 -2.077385e-01 8.698683e+01 3.182324e+03 4.722616e+03 -1.948518e-01 8.720556e+01 2.932732e-01 4.395965e-03 -1.046223e-04 -5.759626e-03
285.000 75.000 3.210218e+03 4.541878e+03 -1.717807e-01 8.673721e+01 3.244013e+03 4.519046e+03 -1.642436e-01 8.691169e+01 4.002777e-01 4.252898e-03 -6.138227e-05 -6.595305e-03
285.000 105.000 2.993283e+03 4.843980e+03 -2.361407e-01 8.602464e+01 2.994138e+03 4.846672e+03 -2.362681e-01 8.604136e+01 4.000281e-01 4.181889e-03 1.047488e-06 -7.395193e-03
285.000 135.000 3.346117e+03 4.375019e+03 -1.332579e-01 8.708631e+01 3.323067e+03 4.398505e+03 -1.392770e-01 8.701602e+01 2.925913e-01 4.257536e-03 4.889294e-05 -4.889966e-03
285.000 165.000 3.127795e+03 3.731630e+03 -8.802989e-02 8.250012e+01 3.090913e+03 3.773278e+03 -9.940936e-02 8.244002e+01 1.067549e-01 4.400452e-03 9.756876e-05 -2.361024e-03
285.000 195.000 4.158460e+03 2.993892e+03 1.628230e-01 8.344299e+01 4.103074e+03 3.039497e+03 1.489068e-01 8.357151e+01 -1.076864e-01 4.467989e-03 1.178372e-04 3.241847e-03
285.000 225.000 4.684092e+03 2.983264e+03 2.218273e-01 8.538188e+01 4.633185e+03 3.026990e+03 2.096813e-01 8.557678e+01 -2.932732e-01 4.395965e-03 1.004743e-04 6.032901e-03
285.000 255.000 4.240129e+03 2.973617e+03 1.755693e-01 8.361450e+01 4.204603e+03 3.001031e+03 1.670321e-01 8.369348e+01 -4.002777e-01 4.252898e-03 7.216247e-05 6.886926e-03
285.000 285.000 4.803695e+03 3.140870e+03 2.093035e-01 8.715807e+01 4.802128e+03 3.142422e+03 2.089112e-01 8.716547e+01 -4.000281e-01 4.181889e-03 3.182428e-06 6.991109e-03
285.000 315.000 4.465373e+03 3.335890e+03 1.447821e-01 8.739413e+01 4.496524e+03 3.308559e+03 1.522040e-01 8.731706e+01 -2.925913e-01 4.257536e-03 -6.007793e-05 5.004608e-03
285.000 345.000 3.610308e+03 4.054065e+03 -5.789869e-02 8.739954e+01 3.650622e+03 4.002216e+03 -4.594297e-02 8.738813e+01 -1.067549e-01 4.400452e-03 -9.673417e-05 5.589989e-04
315.000 15.000 9.316846e+02 1.089340e+03 -7.800748e-02 4.481881e+01 9.441363e+02 1.075976e+03 -6.526371e-02 4.484984e+01 1.149547e-01 4.121471e-03 -2.009890e-04 -4.305384e-03
315.000 45.000 9.854719e+02 1.493145e+03 -2.048212e-01 4.873023e+01 1.009392e+03 1.466898e+03 -1.847547e-01 4.890566e+01 3.064695e-01 3.893526e-03 -2.906548e-04 -1.049227e-02
315.000 75.000 7.932375e+02 1.912756e+03 -4.137182e-01 4.735851e+01 8.164868e+02 1.878037e+03 -3.939658e-01 4.771068e+01 4.158661e-01 4.110788e-03 -2.938268e-04 -1.751711e-02
315.000 105.000 9.279214e+02 1.328174e+03 -1.774094e-01 4.674491e+01 9.496542e+02 1.306574e+03 -1.581932e-01 4.690166e+01 4.138317e-01 4.523781e-03 -2.901945e-04 -1.264824e-02
315.000 135.000 9.130230e+02 1.366241e+03 -1.988439e-01 4.678829e+01 9.237166e+02 1.354075e+03 -1.889366e-01 4.686663e+01 3.009114e-01 4.721396e-03 -1.496039e-04 -1.068120e-02
315.000 165.000 1.010415e+03 1.175495e+03 -7.552008e-02 4.662020e+01 1.008224e+03 1.178224e+03 -7.775177e-02 4.661792e+01 1.073621e-01 4.533491e-03 3.384980e-05 -3.922811e-03
315.000 195.000 1.286020e+03 1.085576e+03 8.451880e-02 4.852478e+01 1.271320e+03 1.100952e+03 7.181617e-02 4.858021e+01 -1.149547e-01 4.121471e-03 1.849979e-04 4.110755e-03
315.000 225.000 1.390001e+03 1.008444e+03 1.590852e-01 4.835024e+01 1.365418e+03 1.033324e+03 1.384453e-01 4.850531e+01 -3.064695e-01 3.893526e-03 3.013688e-04 9.628799e-03
315.000 255.000 1.395579e+03 9.163369e+02 2.072922e-01 4.703799e+01 1.369422e+03 9.431932e+02 1.843061e-01 4.726583e+01 -4.158661e-01 4.110788e-03 3.447064e-04 1.324798e-02
315.000 285.000 1.472171e+03 1.178612e+03 1.107445e-01 5.116906e+01 1.450159e+03 1.206235e+03 9.182505e-02 5.132247e+01 -4.138317e-01 4.523781e-03 2.610572e-04 1.025182e-02
315.000 315.000 1.298943e+03 9.499594e+02 1.551796e-01 4.684813e+01 1.287318e+03 9.603946e+02 1.454470e-01 4.690589e+01 -3.009114e-01 4.721396e-03 1.468088e-04 9.735521e-03
315.000 345.000 1.291641e+03 1.093082e+03 8.326278e-02 4.866405e+01 1.294016e+03 1.090846e+03 8.519157e-02 4.865752e+01 -1.073622e-01 4.533491e-03 -2.802794e-05 3.917161e-03
345.000 15.000 3.083678e+02 3.281624e+02 -3.109757e-02 2.521735e+01 3.102137e+02 3.261996e+02 -2.511873e-02 2.521927e+01 1.217120e-01 3.427205e-03 -1.676433e-04 -6.059700e-03
345.000 45.000 2.636013e+02 3.048269e+02 -7.252554e-02 2.377895e+01 2.685752e+02 3.004369e+02 -5.599467e-02 2.381655e+01 3.226581e-01 5.074827e-03 -4.911848e-04 -1.661905e-02
345.000 75.000 2.035063e+02 3.106282e+02 -2.083538e-01 2.217691e+01 2.089511e+02 3.054090e+02 -1.875298e-01 2.227715e+01 4.371482e-01 5.721337e-03 -6.624713e-04 -2.910694e-02
345.000 105.000 1.629997e+02 3.184881e+02 -3.229332e-01 2.076717e+01 1.672840e+02 3.132422e+02 -3.037465e-01 2.088521e+01 4.345048e-01 5.070048e-03 -6.514376e-04 -3.647285e-02
345.000 135.000 2.098916e+02 3.733893e+02 -2.803070e-01 2.318300e+01 2.136489e+02 3.686156e+02 -2.661447e-01 2.325986e+01 3.154362e-01 3.420124e-03 -4.312497e-04 -2.569742e-02
345.000 165.000 2.321249e+02 3.937929e+02 -2.582896e-01 2.416941e+01 2.333257e+02 3.920787e+02 -2.538406e-01 2.418897e+01 1.118467e-01 2.171962e-03 -1.301099e-04 -1.531425e-02
345.000 195.000 3.387842e+02 2.262609e+02 1.991403e-01 2.329457e+01 3.368409e+02 2.276750e+02 1.933797e-01 2.331106e+01 -1.217120e-01 3.427204e-03 1.748011e-04 1.377369e-02
345.000 225.000 2.999467e+02 2.320345e+02 1.276589e-01 2.287600e+01 2.958511e+02 2.364095e+02 1.116776e-01 2.292645e+01 -3.226580e-01 5.074827e-03 4.934441e-04 1.968512e-02
345.000 255.000 2.656825e+02 1.712894e+02 2.160166e-01 2.041033e+01 2.612959e+02 1.759073e+02 1.953064e-01 2.050674e+01 -4.371482e-01 5.721337e-03 7.158036e-04 3.200168e-02
345.000 285.000 3.318389e+02 1.966833e+02 2.557237e-01 2.222520e+01 3.263959e+02 2.018115e+02 2.358626e-01 2.233434e+01 -4.345048e-01 5.070048e-03 6.303416e-04 3.105611e-02
345.000 315.000 2.598081e+02 2.788749e+02 -3.539522e-02 2.319500e+01 2.564746e+02 2.838332e+02 -5.063532e-02 2.321470e+01 -3.154362e-01 3.420124e-03 4.644016e-04 1.207333e-02
345.000 345.000 2.500646e+02 2.111929e+02 8.427328e-02 2.140050e+01 2.489037e+02 2.123089e+02 7.934476e-02 2.140815e+01 -1.118467e-01 2.171962e-03 1.628169e-04 9.164271e-03
