  #t  #Q2   A1M1_AVG      A_1M1     dA_1M1   A0P1_AVG      A_0P1     dA_0P1   A2M1_AVG      A_2M1     dA_2M1   A3M1_AVG      A_3M1     dA_3M1   A1P1_AVG      A_1P1     dA_1P1       Asym      Astat          t         tp         xb         Q2          W     Dilute
   5    0 -6.329e-02 -6.320e-05 1.7795e-02  3.822e-01  5.064e-01 1.6858e-02 -9.015e-03 -4.436e-02 1.7090e-02 -2.862e-04 -1.304e-02 1.6581e-02  2.227e-02  6.268e-02 1.6672e-02 2.0082e-03 1.0752e-02 3.3236e-01 3.1827e-02 4.2186e-01 5.1829e+00 2.8365e+00 7.5057e-01
   Phi   PhiS      N_U_avg      N_D_avg     Asym_avg    dAsym_avg      N_U_fit      N_D_fit     Asym_fit    dAsym_fit     Asym_cal    dAsym_cal     GOOD_fit     GOOD_cal
15.000 15.000 1.625952e+01 6.949687e+01 -6.207974e-01 7.259944e+00 1.604305e+01 6.982872e+01 -6.263486e-01 7.223794e+00 1.444047e-01 1.329750e-02 5.420233e-04 -1.054004e-01
15.000 45.000 8.668040e+01 6.326254e+01 1.561784e-01 1.209486e+01 8.291337e+01 6.551980e+01 1.171811e-01 1.209938e+01 4.238742e-01 2.119654e-02 2.279492e-03 -2.213299e-02
15.000 75.000 1.063895e+01 5.425172e+01 -6.720960e-01 5.964789e+00 9.811169e+00 5.671827e+01 -7.050578e-01 5.784222e+00 5.897668e-01 3.154954e-02 3.967099e-03 -2.115490e-01
15.000 105.000 1.527061e+02 4.218405e+01 5.670993e-01 1.149840e+01 1.402235e+02 4.421058e+01 5.205812e-01 1.159532e+01 5.976320e-01 3.562280e-02 2.848654e-03 -2.655367e-03
15.000 135.000 8.499991e+01 1.402772e+02 -2.453746e-01 1.455038e+01 8.061231e+01 1.471306e+02 -2.920761e-01 1.443310e+01 4.453621e-01 3.156762e-02 2.278725e-03 -4.747197e-02
15.000 165.000 3.806319e+01 7.424223e+01 -3.221487e-01 1.003247e+01 3.762121e+01 7.594404e+01 -3.374521e-01 1.003161e+01 1.737578e-01 2.122343e-02 1.078662e-03 -4.943005e-02
15.000 195.000 4.723854e+01 6.512303e+01 -1.591691e-01 1.046494e+01 4.809733e+01 6.326734e+01 -1.362193e-01 1.045458e+01 -1.444047e-01 1.329750e-02 -1.551467e-03 -1.410839e-03
15.000 225.000 4.485541e+01 6.324261e+00 7.528604e-01 4.708619e+00 4.660975e+01 6.077883e+00 7.692861e-01 4.637567e+00 -4.238741e-01 2.119653e-02 -2.485376e-03 2.499082e-01
15.000 255.000 0.000000e+00 3.558288e+01 -1.000000e+00 2.000000e+00 0.000000e+00 3.333253e+01 -1.000000e+00 2.000000e+00 -5.897668e-01 3.154954e-02 0.000000e+00 -2.050911e-01
15.000 285.000 1.610206e+02 9.495809e+00 8.886229e-01 5.988990e+00 1.691795e+02 8.883350e+00 9.002223e-01 5.810394e+00 -5.976320e-01 3.562280e-02 -1.390087e-03 2.481601e-01
15.000 315.000 6.005735e+01 1.855709e+01 5.278962e-01 7.530379e+00 6.192294e+01 1.739736e+01 5.613389e-01 7.370642e+00 -4.453621e-01 3.156762e-02 -3.173772e-03 1.292431e-01
15.000 345.000 8.396845e+01 2.268707e+01 5.745730e-01 8.452508e+00 8.502924e+01 2.191112e+01 5.902179e-01 8.347869e+00 -1.737579e-01 2.122343e-02 -1.316927e-03 8.853331e-02
45.000 15.000 9.430870e+01 6.497116e+01 1.841886e-01 1.240469e+01 9.091349e+01 6.565891e+01 1.612965e-01 1.234905e+01 1.311754e-01 2.802445e-02 1.307855e-03 4.273634e-03
45.000 45.000 4.905452e+01 1.530213e+01 5.244585e-01 6.830440e+00 4.723887e+01 1.559820e+01 5.035351e-01 6.848714e+00 3.763516e-01 2.900026e-02 2.163155e-03 2.168316e-02
45.000 75.000 4.911438e+01 0.000000e+00 1.000000e+00 2.000000e+00 4.580814e+01 0.000000e+00 1.000000e+00 2.000000e+00 5.206847e-01 2.790249e-02 0.000000e+00 2.396343e-01
45.000 105.000 8.860950e+00 1.134928e+02 -8.551585e-01 5.733841e+00 8.559396e+00 1.172448e+02 -8.639251e-01 5.648730e+00 5.255008e-01 2.569898e-02 1.089168e-03 -2.407889e-01
45.000 135.000 6.514882e+01 0.000000e+00 1.000000e+00 2.000000e+00 6.314675e+01 0.000000e+00 1.000000e+00 2.000000e+00 3.895093e-01 2.459252e-02 0.000000e+00 3.052223e-01
45.000 165.000 1.380915e+02 9.940178e+01 1.629085e-01 1.520495e+01 1.381981e+02 9.888281e+01 1.658308e-01 1.518424e+01 1.491492e-01 2.583134e-02 -1.359938e-04 9.049248e-04
45.000 195.000 7.191762e+01 7.392415e+01 -1.375830e-02 1.207535e+01 7.353712e+01 7.214930e+01 9.526090e-03 1.206952e+01 -1.311754e-01 2.802445e-02 -1.363813e-03 9.723670e-03
45.000 225.000 1.941483e+02 7.623236e+01 4.361109e-01 1.479717e+01 2.010540e+02 7.325417e+01 4.658986e-01 1.465491e+01 -3.763516e-01 2.900026e-02 -1.430313e-03 5.490651e-02
45.000 255.000 6.066086e+01 1.568747e+01 5.890553e-01 7.060915e+00 6.250205e+01 1.487324e+01 6.155559e-01 6.932322e+00 -5.206847e-01 2.790249e-02 -2.678150e-03 1.571654e-01
45.000 285.000 1.235757e+02 4.591208e+01 4.582255e-01 1.157153e+01 1.272167e+02 4.410275e+01 4.851402e-01 1.144542e+01 -5.255008e-01 2.569898e-02 -1.653674e-03 8.501243e-02
45.000 315.000 4.132931e+01 8.302195e+01 -3.352812e-01 1.050583e+01 4.213442e+01 8.139811e+01 -3.178409e-01 1.053817e+01 -3.895094e-01 2.459252e-02 -1.172036e-03 5.161705e-03
45.000 345.000 5.839799e+01 7.031567e+01 -9.259065e-02 1.129647e+01 5.862699e+01 7.177811e+01 -1.008482e-01 1.136129e+01 -1.491492e-01 2.583134e-02 5.154048e-04 5.006736e-03
75.000 15.000 7.460479e+01 1.506266e+02 -3.375277e-01 1.412699e+01 7.116101e+01 1.564396e+02 -3.746852e-01 1.398742e+01 1.688440e-01 2.737254e-02 1.869078e-03 -3.584419e-02
75.000 45.000 2.198438e+02 1.065966e+02 3.469152e-01 1.694560e+01 2.065669e+02 1.114687e+02 2.990177e-01 1.701762e+01 3.694813e-01 2.649965e-02 1.994429e-03 -1.331676e-03
75.000 75.000 6.424529e+01 1.065943e+02 -2.478876e-01 1.266261e+01 6.174539e+01 1.089397e+02 -2.764993e-01 1.255531e+01 4.711164e-01 2.599768e-02 1.604517e-03 -5.678152e-02
75.000 105.000 1.656998e+02 1.416765e+02 7.815600e-02 1.747852e+01 1.594323e+02 1.454503e+02 4.586058e-02 1.744252e+01 4.465162e-01 2.639226e-02 1.307882e-03 -2.107499e-02
75.000 135.000 9.114606e+01 1.598894e+02 -2.738393e-01 1.523847e+01 9.074471e+01 1.589002e+02 -2.730097e-01 1.519993e+01 3.022724e-01 2.726859e-02 -3.854496e-05 -3.780635e-02
75.000 165.000 8.358615e+01 7.379394e+01 6.222015e-02 1.252082e+01 8.564318e+01 7.123310e+01 9.185638e-02 1.247207e+01 7.703496e-02 2.774758e-02 -1.676952e-03 -1.183211e-03
75.000 195.000 1.067419e+02 7.740591e+01 1.593067e-01 1.339680e+01 1.117831e+02 7.359867e+01 2.059773e-01 1.332354e+01 -1.688439e-01 2.737254e-02 -2.470100e-03 2.449464e-02
75.000 225.000 3.292283e+01 3.068121e+01 3.524325e-02 7.970259e+00 3.382162e+01 2.944174e+01 6.923245e-02 7.934742e+00 -3.694813e-01 2.649965e-02 -3.022186e-03 5.077906e-02
75.000 255.000 3.610888e+01 1.403867e+02 -5.908240e-01 1.071848e+01 3.821203e+01 1.333947e+02 -5.546558e-01 1.090014e+01 -4.711164e-01 2.599768e-02 -2.365915e-03 -1.116831e-02
75.000 285.000 1.212800e+02 6.745872e+01 2.851629e-01 1.316780e+01 1.249622e+02 6.507593e+01 3.151277e-01 1.308305e+01 -4.465162e-01 2.639226e-02 -1.614288e-03 5.556568e-02
75.000 315.000 1.147398e+01 1.232819e+02 -8.297071e-01 6.479819e+00 1.126497e+01 1.246781e+02 -8.342692e-01 6.428528e+00 -3.022724e-01 2.726859e-02 4.998162e-04 -8.139579e-02
75.000 345.000 5.356913e+01 3.678743e+01 1.857275e-01 9.340222e+00 5.211073e+01 3.722043e+01 1.666864e-01 9.319289e+00 -7.703499e-02 2.774758e-02 1.443133e-03 2.813224e-02
105.000 15.000 3.067022e+01 8.907707e+01 -4.877509e-01 9.552973e+00 2.819709e+01 9.419912e+01 -5.392489e-01 9.316904e+00 2.080594e-01 2.774758e-02 3.859243e-03 -7.283674e-02
105.000 45.000 0.000000e+00 1.103503e+02 -1.000000e+00 2.000000e+00 0.000000e+00 1.186658e+02 -1.000000e+00 2.000000e+00 3.909229e-01 2.726859e-02 0.000000e+00 -6.953968e-01
105.000 75.000 5.019336e+01 8.828064e+01 -2.750500e-01 1.131362e+01 4.652452e+01 9.469837e+01 -3.411193e-01 1.117094e+01 4.690390e-01 2.639226e-02 4.155481e-03 -6.576911e-02
105.000 105.000 5.584117e+01 1.080084e+02 -3.183850e-01 1.213426e+01 5.291485e+01 1.116110e+02 -3.567593e-01 1.198271e+01 4.214764e-01 2.599768e-02 2.250218e-03 -6.097278e-02
105.000 135.000 0.000000e+00 1.052631e+02 -1.000000e+00 2.000000e+00 0.000000e+00 1.061630e+02 -1.000000e+00 2.000000e+00 2.609795e-01 2.649965e-02 0.000000e+00 -6.304344e-01
105.000 165.000 2.017063e+01 9.418729e+01 -6.472369e-01 8.151785e+00 2.103095e+01 9.053079e+01 -6.229719e-01 8.262281e+00 3.055346e-02 2.737254e-02 -2.090590e-03 -8.314578e-02
105.000 195.000 5.793994e+01 1.028959e+02 -2.795145e-01 1.217662e+01 6.278788e+01 9.566348e+01 -2.074807e-01 1.231383e+01 -2.080594e-01 2.774758e-02 -4.159566e-03 -5.868212e-03
105.000 225.000 3.732492e+01 1.004380e+02 -4.581282e-01 1.043307e+01 3.900369e+01 9.219954e+01 -4.054462e-01 1.047068e+01 -3.909229e-01 2.726859e-02 -3.564116e-03 -6.441537e-03
105.000 255.000 3.988730e+01 1.022441e+01 5.919355e-01 5.705540e+00 4.093965e+01 9.781106e+00 6.143155e-01 5.619571e+00 -4.690389e-01 2.639226e-02 -2.794603e-03 1.859531e-01
105.000 285.000 8.031294e+01 5.990388e+00 8.611783e-01 4.722114e+00 8.091673e+01 6.027870e+00 8.613400e-01 4.737070e+00 -4.214764e-01 2.599768e-02 -2.417069e-05 2.716231e-01
105.000 315.000 8.689518e+01 4.303757e+01 3.375409e-01 1.072982e+01 8.585610e+01 4.309972e+01 3.315583e-01 1.071352e+01 -2.609796e-01 2.649965e-02 3.945556e-04 5.578087e-02
105.000 345.000 4.240466e+01 1.219654e+02 -4.840342e-01 1.121873e+01 4.052048e+01 1.265953e+02 -5.150611e-01 1.108070e+01 -3.055349e-02 2.737254e-02 1.967666e-03 -4.042163e-02
135.000 15.000 2.572187e+01 2.269614e+01 6.249181e-02 6.944705e+00 2.414795e+01 2.404805e+01 2.072752e-03 6.942319e+00 1.986797e-01 2.583134e-02 6.152898e-03 -1.961019e-02
135.000 45.000 8.253411e+00 6.973795e+01 -7.883506e-01 5.433230e+00 7.702933e+00 7.562738e+01 -8.151229e-01 5.288056e+00 3.893829e-01 2.459252e-02 3.531128e-03 -2.167627e-01
135.000 75.000 3.876459e+01 2.263341e+01 2.627314e-01 7.560412e+00 3.438498e+01 2.380930e+01 1.817306e-01 7.501490e+00 4.757513e-01 2.569898e-02 7.605389e-03 -2.817553e-02
135.000 105.000 1.596962e+02 5.386666e+01 4.955428e-01 1.269330e+01 1.445341e+02 5.599382e+01 4.415359e-01 1.270568e+01 4.346425e-01 2.790249e-02 3.007101e-03 4.797814e-03
135.000 135.000 8.404905e+00 0.000000e+00 1.000000e+00 2.000000e+00 8.553240e+00 0.000000e+00 1.000000e+00 2.000000e+00 2.770716e-01 2.900026e-02 0.000000e+00 3.614262e-01
135.000 165.000 2.514650e+01 4.757490e+01 -3.084153e-01 8.111975e+00 2.536044e+01 4.601622e+01 -2.893913e-01 8.086968e+00 4.525961e-02 2.802445e-02 -1.660845e-03 -4.359885e-02
135.000 195.000 1.806852e+01 8.456951e+00 3.623523e-01 4.800281e+00 1.907978e+01 8.111319e+00 4.033843e-01 4.771436e+00 -1.986797e-01 2.583134e-02 -6.062415e-03 1.168731e-01
135.000 225.000 4.765114e+01 0.000000e+00 1.000000e+00 2.000000e+00 5.050508e+01 0.000000e+00 1.000000e+00 2.000000e+00 -3.893829e-01 2.459252e-02 0.000000e+00 6.946389e-01
135.000 255.000 7.799109e+01 4.376338e+01 2.811208e-01 1.058926e+01 8.496266e+01 3.912756e+01 3.693691e-01 1.035182e+01 -4.757513e-01 2.569898e-02 -5.959291e-03 7.147526e-02
135.000 285.000 2.320557e+01 1.991045e+01 7.642465e-02 6.547075e+00 2.385882e+01 1.930209e+01 1.055754e-01 6.532981e+00 -4.346425e-01 2.790249e-02 -3.151769e-03 7.805968e-02
135.000 315.000 7.388604e+01 3.201330e+01 3.954013e-01 9.452133e+00 7.458605e+01 3.096150e+01 4.133165e-01 9.355042e+00 -2.770717e-01 2.900026e-02 -1.347127e-03 7.114476e-02
135.000 345.000 9.937784e+00 1.263847e+01 -1.196252e-01 4.717328e+00 9.478911e+00 1.305226e+01 -1.585958e-01 4.686625e+00 -4.525964e-02 2.802445e-02 5.860561e-03 -1.576406e-02
165.000 15.000 8.440559e+01 0.000000e+00 1.000000e+00 2.000000e+00 7.906715e+01 0.000000e+00 1.000000e+00 2.000000e+00 1.511087e-01 2.122343e-02 0.000000e+00 4.244218e-01
165.000 45.000 0.000000e+00 1.095402e+02 -1.000000e+00 2.000000e+00 0.000000e+00 1.181927e+02 -1.000000e+00 2.000000e+00 3.564926e-01 3.156761e-02 0.000000e+00 -6.781618e-01
165.000 75.000 0.000000e+00 7.211989e+01 -1.000000e+00 2.000000e+00 0.000000e+00 7.943015e+01 -1.000000e+00 2.000000e+00 4.663547e-01 3.562280e-02 0.000000e+00 -7.330611e-01
165.000 105.000 0.000000e+00 0.000000e+00         -nan         -nan 0.000000e+00 0.000000e+00         -nan         -nan 4.512574e-01 3.154954e-02         -nan         -nan
165.000 135.000 3.425399e+01 5.126230e+01 -1.988897e-01 9.062754e+00 3.138309e+01 5.198327e+01 -2.471041e-01 8.847371e+00 3.152460e-01 2.119654e-02 3.806818e-03 -5.673047e-02
165.000 165.000 1.090203e+01 0.000000e+00 1.000000e+00 2.000000e+00 1.090301e+01 0.000000e+00 1.000000e+00 2.000000e+00 9.476477e-02 1.329750e-02 0.000000e+00 4.526076e-01
165.000 195.000 0.000000e+00 9.658934e+01 -1.000000e+00 2.000000e+00 0.000000e+00 9.065727e+01 -1.000000e+00 2.000000e+00 -1.511086e-01 2.122343e-02 0.000000e+00 -4.244218e-01
165.000 225.000 6.839861e+01 0.000000e+00 1.000000e+00 2.000000e+00 7.145305e+01 0.000000e+00 1.000000e+00 2.000000e+00 -3.564926e-01 3.156761e-02 0.000000e+00 6.781618e-01
165.000 255.000 2.799384e+01 0.000000e+00 1.000000e+00 2.000000e+00 2.939184e+01 0.000000e+00 1.000000e+00 2.000000e+00 -4.663547e-01 3.562280e-02 0.000000e+00 7.330611e-01
165.000 285.000 0.000000e+00 0.000000e+00         -nan         -nan 0.000000e+00 0.000000e+00         -nan         -nan -4.512574e-01 3.154954e-02         -nan         -nan
165.000 315.000 1.896984e+01 0.000000e+00 1.000000e+00 2.000000e+00 1.915405e+01 0.000000e+00 1.000000e+00 2.000000e+00 -3.152460e-01 2.119654e-02 0.000000e+00 6.575861e-01
165.000 345.000 0.000000e+00 0.000000e+00         -nan         -nan 0.000000e+00 0.000000e+00         -nan         -nan -9.476479e-02 1.329750e-02         -nan         -nan
195.000 15.000 0.000000e+00 0.000000e+00         -nan         -nan 0.000000e+00 0.000000e+00         -nan         -nan 9.476476e-02 1.329749e-02         -nan         -nan
195.000 45.000 5.226612e+00 1.387535e+02 -9.273981e-01 4.488599e+00 5.040161e+00 1.449832e+02 -9.328083e-01 4.413993e+00 3.152460e-01 2.119654e-02 8.594009e-04 -2.768414e-01
195.000 75.000 0.000000e+00 0.000000e+00         -nan         -nan 0.000000e+00 0.000000e+00         -nan         -nan 4.512574e-01 3.154954e-02         -nan         -nan
195.000 105.000 1.397353e+01 0.000000e+00 1.000000e+00 2.000000e+00 1.304249e+01 0.000000e+00 1.000000e+00 2.000000e+00 4.663547e-01 3.562280e-02 0.000000e+00 2.667804e-01
195.000 135.000 1.535765e+01 4.699293e+01 -5.073775e-01 6.804377e+00 1.447004e+01 4.992396e+01 -5.505780e-01 6.698795e+00 3.564926e-01 3.156762e-02 4.524326e-03 -1.269566e-01
195.000 165.000 0.000000e+00 3.069965e+01 -1.000000e+00 2.000000e+00 0.000000e+00 3.103241e+01 -1.000000e+00 2.000000e+00 1.511087e-01 2.122343e-02 0.000000e+00 -5.755219e-01
195.000 195.000 0.000000e+00 8.387501e+00 -1.000000e+00 2.000000e+00 0.000000e+00 8.576279e+00 -1.000000e+00 2.000000e+00 -9.476473e-02 1.329749e-02 0.000000e+00 -4.526076e-01
195.000 225.000 0.000000e+00 2.895840e+01 -1.000000e+00 2.000000e+00 0.000000e+00 2.818429e+01 -1.000000e+00 2.000000e+00 -3.152460e-01 2.119653e-02 0.000000e+00 -3.423578e-01
195.000 255.000 0.000000e+00 7.117749e+01 -1.000000e+00 2.000000e+00 0.000000e+00 6.379167e+01 -1.000000e+00 2.000000e+00 -4.512574e-01 3.154954e-02 0.000000e+00 -2.743372e-01
195.000 285.000 1.495189e+01 1.589038e+01 -3.042872e-02 5.551011e+00 1.572059e+01 1.463346e+01 3.581514e-02 5.505916e+00 -4.663547e-01 3.562280e-02 -8.472715e-03 7.852930e-02
195.000 315.000 4.183738e+01 0.000000e+00 1.000000e+00 2.000000e+00 4.425799e+01 0.000000e+00 1.000000e+00 2.000000e+00 -3.564926e-01 3.156762e-02 0.000000e+00 6.781618e-01
195.000 345.000 4.128362e+01 2.168203e+01 3.113062e-01 7.540792e+00 4.315341e+01 2.090611e+01 3.472912e-01 7.505546e+00 -1.511087e-01 2.122343e-02 -3.382241e-03 6.132154e-02
225.000 15.000 4.210345e+01 1.657017e+02 -5.947796e-01 1.158842e+01 4.189023e+01 1.629826e+02 -5.910612e-01 1.154555e+01 4.525960e-02 2.802445e-02 -2.273111e-04 -5.523077e-02
225.000 45.000 8.420029e+00 8.219345e+00 1.206075e-02 4.078842e+00 8.583763e+00 8.257581e+00 1.936795e-02 4.103051e+00 2.770716e-01 2.900026e-02 -1.263019e-03 -6.497044e-02
225.000 75.000 7.508699e+01 0.000000e+00 1.000000e+00 2.000000e+00 7.041794e+01 0.000000e+00 1.000000e+00 2.000000e+00 4.346425e-01 2.790249e-02 0.000000e+00 2.826512e-01
225.000 105.000 3.285864e+01 2.414884e+01 1.527835e-01 7.461686e+00 2.923663e+01 2.533226e+01 7.154946e-02 7.368143e+00 4.757513e-01 2.569898e-02 7.746546e-03 -4.328324e-02
225.000 135.000 3.796042e+01 5.140310e+01 -1.504269e-01 9.345661e+00 3.484143e+01 5.473868e+01 -2.221169e-01 9.228250e+00 3.893829e-01 2.459252e-02 5.458350e-03 -5.776028e-02
225.000 165.000 0.000000e+00 0.000000e+00         -nan         -nan 0.000000e+00 0.000000e+00         -nan         -nan 1.986797e-01 2.583134e-02         -nan         -nan
225.000 195.000 9.594090e+01 3.242013e+01 4.948603e-01 9.845157e+00 9.431313e+01 3.309634e+01 4.804729e-01 9.899316e+00 -4.525957e-02 2.802445e-02 1.030508e-03 5.486126e-02
225.000 225.000 0.000000e+00 1.744447e+02 -1.000000e+00 2.000000e+00 0.000000e+00 1.719159e+02 -1.000000e+00 2.000000e+00 -2.770716e-01 2.900026e-02 0.000000e+00 -3.614262e-01
225.000 255.000 0.000000e+00 9.540233e+00 -1.000000e+00 2.000000e+00 0.000000e+00 9.214008e+00 -1.000000e+00 2.000000e+00 -4.346425e-01 2.790249e-02 0.000000e+00 -2.826512e-01
225.000 285.000 3.351605e+01 0.000000e+00 1.000000e+00 2.000000e+00 3.516840e+01 0.000000e+00 1.000000e+00 2.000000e+00 -4.757513e-01 2.569898e-02 0.000000e+00 7.378148e-01
225.000 315.000 0.000000e+00 0.000000e+00         -nan         -nan 0.000000e+00 0.000000e+00         -nan         -nan -3.893830e-01 2.459252e-02         -nan         -nan
225.000 345.000 0.000000e+00 0.000000e+00         -nan         -nan 0.000000e+00 0.000000e+00         -nan         -nan -1.986797e-01 2.583134e-02         -nan         -nan
255.000 15.000 9.432798e+01 1.171315e+02 -1.078388e-01 1.445685e+01 9.848928e+01 1.118103e+02 -6.334290e-02 1.447259e+01 3.055344e-02 2.737254e-02 -2.175177e-03 -9.572762e-03
255.000 45.000 9.044228e+01 1.081737e+02 -8.927468e-02 1.403684e+01 9.110291e+01 1.087980e+02 -8.851938e-02 1.408313e+01 2.609795e-01 2.649965e-02 -3.798560e-05 -2.495245e-02
255.000 75.000 1.338669e+02 4.497831e+01 4.970140e-01 1.160458e+01 1.261192e+02 4.631582e+01 4.628025e-01 1.164052e+01 4.214764e-01 2.599768e-02 2.081400e-03 6.509278e-03
255.000 105.000 1.140180e+02 0.000000e+00 1.000000e+00 2.000000e+00 1.061737e+02 0.000000e+00 1.000000e+00 2.000000e+00 4.690390e-01 2.639227e-02 0.000000e+00 2.654574e-01
255.000 135.000 4.690250e+01 5.599358e+01 -8.835208e-02 1.010410e+01 4.155740e+01 5.874368e+01 -1.713469e-01 9.866927e+00 3.909229e-01 2.726859e-02 5.876722e-03 -4.743354e-02
255.000 165.000 2.295751e+01 8.404124e+01 -5.708827e-01 8.492767e+00 2.170243e+01 9.024801e+01 -6.122850e-01 8.365465e+00 2.080594e-01 2.774758e-02 3.473082e-03 -9.171781e-02
255.000 195.000 6.695183e+01 5.941211e+00 8.369883e-01 4.672030e+00 6.373703e+01 6.224912e+00 8.220486e-01 4.762792e+00 -3.055341e-02 2.737254e-02 2.239242e-03 1.856852e-01
255.000 225.000 1.142692e+02 7.511452e+01 2.067479e-01 1.346434e+01 1.138002e+02 7.723347e+01 1.914150e-01 1.356592e+01 -2.609795e-01 2.649965e-02 8.022050e-04 3.473816e-02
255.000 255.000 1.468680e+02 2.145452e+01 7.450785e-01 8.653302e+00 1.522917e+02 2.110247e+01 7.565954e-01 8.610284e+00 -4.214764e-01 2.599768e-02 -9.434487e-04 1.348098e-01
255.000 285.000 8.218741e+01 2.320553e+01 5.596379e-01 8.507905e+00 8.752891e+01 2.248084e+01 5.912937e-01 8.458560e+00 -4.690390e-01 2.639226e-02 -2.638606e-03 1.209078e-01
255.000 315.000 7.186541e+01 0.000000e+00 1.000000e+00 2.000000e+00 7.743393e+01 0.000000e+00 1.000000e+00 2.000000e+00 -3.909230e-01 2.726859e-02 0.000000e+00 6.953968e-01
255.000 345.000 1.658046e+01 2.354365e+02 -8.684179e-01 7.871369e+00 1.752466e+01 2.187432e+02 -8.516543e-01 8.056005e+00 -2.080595e-01 2.774758e-02 -1.488366e-03 -8.389321e-02
285.000 15.000 6.823134e+01 9.016903e+00 7.665474e-01 5.644251e+00 6.987423e+01 8.802000e+00 7.762475e-01 5.591875e+00 7.703492e-02 2.774758e-02 -1.220883e-03 1.221604e-01
285.000 45.000 1.740962e+01 1.060423e+02 -7.179531e-01 7.734198e+00 1.777718e+01 1.057514e+02 -7.121771e-01 7.802266e+00 3.022724e-01 2.726859e-02 -5.257580e-04 -1.319101e-01
285.000 75.000 8.972496e+01 5.569148e+01 2.340415e-01 1.172396e+01 8.603041e+01 5.755238e+01 1.983387e-01 1.174455e+01 4.465162e-01 2.639226e-02 2.151451e-03 -1.812308e-02
285.000 105.000 1.250038e+02 3.342393e+02 -4.556094e-01 1.907652e+01 1.171436e+02 3.527054e+02 -5.013565e-01 1.875496e+01 4.711164e-01 2.599768e-02 1.710055e-03 -4.857935e-02
285.000 135.000 5.952282e+01 1.566545e+02 -4.493148e-01 1.313524e+01 5.706843e+01 1.659416e+02 -4.881985e-01 1.303297e+01 3.694813e-01 2.649965e-02 2.101381e-03 -6.233569e-02
285.000 165.000 6.771508e+01 2.815841e+02 -6.122803e-01 1.477672e+01 6.464616e+01 2.987327e+02 -6.441941e-01 1.458018e+01 1.688440e-01 2.737254e-02 1.537354e-03 -5.286174e-02
285.000 195.000 2.035550e+02 2.061017e+02 -6.216719e-03 2.023959e+01 1.990222e+02 2.128494e+02 -3.357176e-02 2.028318e+01 -7.703489e-02 2.774758e-02 9.546695e-04 3.498990e-03
285.000 225.000 2.058291e+02 0.000000e+00 1.000000e+00 2.000000e+00 2.035598e+02 0.000000e+00 1.000000e+00 2.000000e+00 -3.022724e-01 2.726859e-02 0.000000e+00 6.510757e-01
285.000 255.000 6.100282e+01 1.092376e+02 -2.833334e-01 1.251295e+01 6.155157e+01 1.062413e+02 -2.663389e-01 1.248560e+01 -4.465162e-01 2.639226e-02 -9.614122e-04 1.304108e-02
285.000 285.000 3.042819e+01 1.609084e+01 3.082038e-01 6.488467e+00 3.095348e+01 1.526176e+01 3.395356e-01 6.394321e+00 -4.711164e-01 2.599768e-02 -3.439370e-03 1.201076e-01
285.000 315.000 6.433705e+01 3.766727e+01 2.614573e-01 9.748401e+00 6.690733e+01 3.582443e+01 3.025636e-01 9.660601e+00 -3.694813e-01 2.649965e-02 -2.995129e-03 6.472203e-02
285.000 345.000 1.791052e+02 3.647077e+01 6.616435e-01 1.100922e+01 1.868919e+02 3.506736e+01 6.840198e-01 1.086776e+01 -1.688440e-01 2.737254e-02 -1.446464e-03 7.543543e-02
315.000 15.000 3.618952e+01 1.383252e+02 -5.852553e-01 1.071164e+01 3.594976e+01 1.381796e+02 -5.870913e-01 1.068228e+01 1.491492e-01 2.583134e-02 1.213667e-04 -6.856114e-02
315.000 45.000 3.243034e+01 1.021721e+02 -5.181313e-01 9.923055e+00 3.187454e+01 1.042723e+02 -5.317622e-01 9.881722e+00 3.895093e-01 2.459252e-02 9.733464e-04 -9.146758e-02
315.000 75.000 3.113156e+01 9.533563e+01 -5.076737e-01 9.688781e+00 2.976922e+01 9.800262e+01 -5.340253e-01 9.556855e+00 5.255008e-01 2.569898e-02 1.936330e-03 -1.066358e-01
315.000 105.000 1.962314e+02 1.111608e+02 2.767495e-01 1.684782e+01 1.830753e+02 1.149901e+02 2.284239e-01 1.680812e+01 5.206847e-01 2.790249e-02 2.030629e-03 -1.447872e-02
315.000 135.000 1.923397e+02 9.300511e+01 3.481213e-01 1.583554e+01 1.812304e+02 9.567002e+01 3.089933e-01 1.582602e+01 3.763516e-01 2.900026e-02 1.747715e-03 -1.782714e-03
315.000 165.000 9.707395e+01 2.676647e+01 5.677264e-01 9.161060e+00 9.340278e+01 2.747309e+01 5.454329e-01 9.214969e+00 1.311754e-01 2.802445e-02 1.715688e-03 4.765266e-02
315.000 195.000 3.421424e+01 5.371887e+01 -2.218121e-01 9.143673e+00 3.373761e+01 5.441964e+01 -2.346038e-01 9.127167e+00 -1.491491e-01 2.583134e-02 9.901123e-04 -7.946767e-03
315.000 225.000 1.160451e+02 7.160791e+01 2.368053e-01 1.330902e+01 1.182508e+02 6.953765e+01 2.594044e-01 1.323450e+01 -3.895093e-01 2.459252e-02 -1.204057e-03 4.705932e-02
315.000 255.000 9.398493e+01 7.926740e+01 8.494851e-02 1.311496e+01 9.750795e+01 7.531032e+01 1.284449e-01 1.303714e+01 -5.255008e-01 2.569898e-02 -2.352122e-03 4.654595e-02
315.000 285.000 1.110994e+02 4.090792e+01 4.617640e-01 1.093597e+01 1.152606e+02 3.924697e+01 4.919735e-01 1.082178e+01 -5.206847e-01 2.790249e-02 -1.963540e-03 8.983615e-02
315.000 315.000 1.594914e+02 4.706973e+01 5.442538e-01 1.205716e+01 1.672888e+02 4.561216e+01 5.715175e-01 1.197333e+01 -3.763516e-01 2.900026e-02 -1.604480e-03 7.635317e-02
315.000 345.000 1.666541e+02 3.794137e+01 6.291083e-01 1.111851e+01 1.726190e+02 3.749712e+01 6.430820e-01 1.110053e+01 -1.311755e-01 2.802445e-02 -8.894071e-04 6.837980e-02
345.000 15.000 1.380044e+02 8.527280e+01 2.361709e-01 1.451976e+01 1.347746e+02 8.704581e+01 2.151687e-01 1.454478e+01 1.737578e-01 2.122343e-02 1.021918e-03 4.298486e-03
345.000 45.000 5.406849e+01 1.360318e+02 -4.311584e-01 1.244030e+01 5.156545e+01 1.413584e+02 -4.654320e-01 1.229355e+01 4.453621e-01 3.156762e-02 1.959640e-03 -7.045790e-02
345.000 75.000 6.355119e+00 6.215251e+01 -8.144697e-01 4.802327e+00 5.981702e+00 6.548550e+01 -8.326029e-01 4.682325e+00 5.976319e-01 3.562280e-02 2.703534e-03 -2.940372e-01
345.000 105.000 2.733820e+01 2.693264e+01 7.472943e-03 7.366669e+00 2.559637e+01 2.801764e+01 -4.516122e-02 7.314688e+00 5.897668e-01 3.154954e-02 5.070068e-03 -7.904367e-02
345.000 135.000 5.834083e+01 0.000000e+00 1.000000e+00 2.000000e+00 5.523885e+01 0.000000e+00 1.000000e+00 2.000000e+00 4.238742e-01 2.119654e-02 0.000000e+00 2.880467e-01
345.000 165.000 9.758736e+01 7.724806e+00 8.532970e-01 5.350955e+00 9.612292e+01 7.828989e+00 8.493729e-01 5.381212e+00 1.444048e-01 1.329750e-02 5.170922e-04 1.324792e-01
345.000 195.000 6.074786e+00 3.559876e+01 -7.084584e-01 4.555989e+00 6.209931e+00 3.476440e+01 -6.968867e-01 4.590763e+00 -1.737578e-01 2.122343e-02 -1.789130e-03 -1.173609e-01
345.000 225.000 1.401085e+02 1.634054e+01 7.911072e-01 7.650837e+00 1.447633e+02 1.542229e+01 8.074448e-01 7.466583e+00 -4.453620e-01 3.156761e-02 -1.528240e-03 1.616109e-01
345.000 255.000 1.581598e+01 2.096159e+01 -1.399118e-01 6.004801e+00 1.652486e+01 1.962840e+01 -8.584410e-02 5.990562e+00 -5.976319e-01 3.562280e-02 -6.374396e-03 7.622435e-02
345.000 285.000 4.262386e+01 7.872586e+01 -2.975037e-01 1.051709e+01 4.532436e+01 7.307345e+01 -2.343717e-01 1.057801e+01 -5.897668e-01 3.154954e-02 -4.232349e-03 2.778922e-02
345.000 315.000 7.711695e+01 8.091414e+01 -2.402807e-02 1.256741e+01 7.982116e+01 7.703807e+01 1.774262e-02 1.252237e+01 -4.238742e-01 2.119654e-02 -2.354448e-03 3.181606e-02
345.000 345.000 2.990764e+01 1.271635e+02 -6.191835e-01 9.841338e+00 3.009649e+01 1.246820e+02 -6.111025e-01 9.847693e+00 -1.444048e-01 1.329750e-02 -5.804409e-04 -4.824327e-02
