  #t  #Q2   A1M1_AVG      A_1M1     dA_1M1   A0P1_AVG      A_0P1     dA_0P1   A2M1_AVG      A_2M1     dA_2M1   A3M1_AVG      A_3M1     dA_3M1   A1P1_AVG      A_1P1     dA_1P1       Asym      Astat          t         tp         xb         Q2          W     Dilute
   1    0 -2.550e-02 -3.681e-02 3.5712e-03  3.956e-01  3.867e-01 3.4723e-03 -1.991e-03  2.087e-02 3.5025e-03  6.809e-04 -1.589e-02 3.4278e-03  1.061e-02  2.272e-02 3.4197e-03 -7.3348e-03 1.0757e-03 3.1410e-01 1.1210e-02 4.3198e-01 5.2910e+00 2.8039e+00 7.7403e-01
   Phi   PhiS      N_U_avg      N_D_avg     Asym_avg    dAsym_avg      N_U_fit      N_D_fit     Asym_fit    dAsym_fit     Asym_cal    dAsym_cal     GOOD_fit     GOOD_cal
15.000 15.000 5.716895e+03 6.343688e+03 -5.197037e-02 1.096723e+02 5.720138e+03 6.343539e+03 -5.167594e-02 1.096880e+02 1.089019e-01 2.736871e-03 -1.898179e-06 -1.466845e-03
15.000 45.000 4.579061e+03 7.055613e+03 -2.128596e-01 1.053922e+02 4.585638e+03 7.058848e+03 -2.123932e-01 1.054476e+02 3.061177e-01 4.336972e-03 -3.128222e-06 -4.924248e-03
15.000 75.000 5.310610e+03 7.763426e+03 -1.876097e-01 1.123115e+02 5.298951e+03 7.775115e+03 -1.893951e-01 1.122724e+02 4.213096e-01 6.448245e-03 1.124245e-05 -5.421703e-03
15.000 105.000 5.612940e+03 7.692507e+03 -1.562944e-01 1.139317e+02 5.615611e+03 7.719874e+03 -1.577942e-01 1.140326e+02 4.236119e-01 7.282276e-03 9.304480e-06 -5.089949e-03
15.000 135.000 4.858186e+03 7.674228e+03 -2.247007e-01 1.090855e+02 4.868824e+03 7.675281e+03 -2.237271e-01 1.091615e+02 3.124077e-01 6.458535e-03 -6.308719e-06 -4.923738e-03
15.000 165.000 5.101301e+03 7.091806e+03 -1.632484e-01 1.089411e+02 5.093342e+03 7.099343e+03 -1.645250e-01 1.089158e+02 1.174942e-01 4.352257e-03 8.286675e-06 -2.577013e-03
15.000 195.000 6.925903e+03 6.334045e+03 4.463501e-02 1.150371e+02 6.925275e+03 6.333248e+03 4.465253e-02 1.150308e+02 -1.089019e-01 2.736871e-03 -1.076853e-07 1.334673e-03
15.000 225.000 7.440177e+03 4.386731e+03 2.581779e-01 1.050646e+02 7.440389e+03 4.385675e+03 2.583035e-01 1.050572e+02 -3.061177e-01 4.336972e-03 -8.454465e-07 5.370938e-03
15.000 255.000 7.288567e+03 6.070443e+03 9.118375e-02 1.150997e+02 7.285428e+03 6.061666e+03 9.168752e-02 1.150430e+02 -4.213096e-01 6.448245e-03 -3.095650e-06 4.452604e-03
15.000 285.000 6.640433e+03 5.362692e+03 1.064507e-01 1.089363e+02 6.639401e+03 5.348334e+03 1.076989e-01 1.088517e+02 -4.236119e-01 7.282276e-03 -8.105586e-06 4.865805e-03
15.000 315.000 7.045192e+03 5.211876e+03 1.495722e-01 1.094662e+02 7.056416e+03 5.207823e+03 1.507303e-01 1.094788e+02 -3.124077e-01 6.458535e-03 -7.480458e-06 4.220297e-03
15.000 345.000 7.198116e+03 6.306016e+03 6.606126e-02 1.159534e+02 7.208766e+03 6.296269e+03 6.756718e-02 1.159456e+02 -1.174942e-01 4.352257e-03 -9.183710e-06 1.583010e-03
45.000 15.000 7.568678e+03 8.423336e+03 -5.344277e-02 1.262788e+02 7.537111e+03 8.446203e+03 -5.687756e-02 1.262205e+02 1.077541e-01 5.746728e-03 1.923779e-05 -1.276516e-03
45.000 45.000 6.675648e+03 8.888434e+03 -1.421726e-01 1.234888e+02 6.662647e+03 8.886674e+03 -1.430305e-01 1.234148e+02 2.950255e-01 5.967105e-03 4.913709e-06 -3.540387e-03
45.000 75.000 6.501232e+03 9.361329e+03 -1.803049e-01 1.238825e+02 6.514947e+03 9.340204e+03 -1.781918e-01 1.239020e+02 4.032450e-01 5.730835e-03 -1.206033e-05 -4.710512e-03
45.000 105.000 6.209147e+03 8.641134e+03 -1.637671e-01 1.202165e+02 6.244257e+03 8.603177e+03 -1.588773e-01 1.203023e+02 4.034154e-01 5.243770e-03 -2.875119e-05 -4.718009e-03
45.000 135.000 6.051953e+03 8.614970e+03 -1.747481e-01 1.192436e+02 6.089123e+03 8.567966e+03 -1.691225e-01 1.193225e+02 2.954909e-01 4.991559e-03 -3.334858e-05 -3.943515e-03
45.000 165.000 7.385330e+03 7.821239e+03 -2.866584e-02 1.232642e+02 7.429029e+03 7.775701e+03 -2.280027e-02 1.232754e+02 1.083899e-01 5.261135e-03 -3.364639e-05 -1.111885e-03
45.000 195.000 8.091137e+03 6.774343e+03 8.858063e-02 1.214448e+02 8.115558e+03 6.757807e+03 9.128741e-02 1.214472e+02 -1.077541e-01 5.746728e-03 -1.575995e-05 1.616659e-03
45.000 225.000 7.915723e+03 6.912881e+03 6.762887e-02 1.214940e+02 7.909181e+03 6.908669e+03 6.752070e-02 1.214508e+02 -2.950255e-01 5.967105e-03 6.296782e-07 2.984958e-03
45.000 255.000 8.805791e+03 5.779347e+03 2.075019e-01 1.181404e+02 8.785052e+03 5.810665e+03 2.037849e-01 1.182776e+02 -4.032450e-01 5.730835e-03 2.223474e-05 5.169672e-03
45.000 285.000 8.919155e+03 6.085191e+03 1.888762e-01 1.202875e+02 8.880931e+03 6.114094e+03 1.845170e-01 1.203516e+02 -4.034154e-01 5.243770e-03 2.561864e-05 4.923967e-03
45.000 315.000 8.266748e+03 5.969702e+03 1.613497e-01 1.177532e+02 8.219662e+03 6.019834e+03 1.544878e-01 1.178968e+02 -2.954909e-01 4.991559e-03 4.118030e-05 3.879644e-03
45.000 345.000 7.900238e+03 7.767401e+03 8.478422e-03 1.251659e+02 7.859362e+03 7.812521e+03 2.988841e-03 1.251868e+02 -1.083899e-01 5.261135e-03 3.101000e-05 9.337070e-04
75.000 15.000 7.114254e+03 7.879295e+03 -5.102470e-02 1.222886e+02 7.029136e+03 7.959644e+03 -6.208027e-02 1.221925e+02 1.136292e-01 5.580171e-03 6.395148e-05 -1.346437e-03
75.000 45.000 7.269684e+03 9.046910e+03 -1.089214e-01 1.269764e+02 7.163244e+03 9.126062e+03 -1.204973e-01 1.266996e+02 2.948682e-01 5.425247e-03 6.453431e-05 -3.180035e-03
75.000 75.000 6.063740e+03 9.215250e+03 -2.062643e-01 1.209502e+02 6.023641e+03 9.268967e+03 -2.122153e-01 1.208466e+02 3.970974e-01 5.343781e-03 3.480651e-05 -4.988514e-03
75.000 105.000 5.610972e+03 1.035620e+04 -2.971865e-01 1.206522e+02 5.606503e+03 1.036193e+04 -2.978017e-01 1.206327e+02 3.929247e-01 5.420673e-03 3.606224e-06 -5.719839e-03
75.000 135.000 6.975616e+03 8.160546e+03 -7.828470e-02 1.226515e+02 7.029510e+03 8.123393e+03 -7.218972e-02 1.227760e+02 2.834682e-01 5.575724e-03 -3.512080e-05 -2.949436e-03
75.000 165.000 7.484242e+03 7.844342e+03 -2.349206e-02 1.237745e+02 7.569493e+03 7.766360e+03 -1.283701e-02 1.238278e+02 9.805655e-02 5.653849e-03 -6.085774e-05 -9.820166e-04
75.000 195.000 8.525900e+03 6.665122e+03 1.224920e-01 1.223237e+02 8.622000e+03 6.592892e+03 1.333633e-01 1.222468e+02 -1.136292e-01 5.580171e-03 -6.286267e-05 1.930298e-03
75.000 225.000 1.027388e+04 6.739604e+03 2.077340e-01 1.275903e+02 1.036285e+04 6.671795e+03 2.166791e-01 1.274161e+02 -2.948681e-01 5.425247e-03 -4.960796e-05 3.939186e-03
75.000 255.000 1.061075e+04 6.215218e+03 2.612352e-01 1.252106e+02 1.065957e+04 6.157990e+03 2.676716e-01 1.249505e+02 -3.970974e-01 5.343781e-03 -3.638612e-05 5.257801e-03
75.000 285.000 1.007720e+04 6.641375e+03 2.055092e-01 1.265404e+02 1.007886e+04 6.642586e+03 2.055009e-01 1.265515e+02 -3.929247e-01 5.420673e-03 4.616260e-08 4.729192e-03
75.000 315.000 9.785291e+03 7.175022e+03 1.539045e-01 1.286801e+02 9.737835e+03 7.223635e+03 1.482301e-01 1.287975e+02 -2.834682e-01 5.575724e-03 3.116745e-05 3.398914e-03
75.000 345.000 7.706001e+03 7.693990e+03 7.799164e-04 1.240967e+02 7.631583e+03 7.765853e+03 -8.720281e-03 1.240817e+02 -9.805657e-02 5.653849e-03 5.413570e-05 7.964476e-04
105.000 15.000 6.815272e+03 7.626891e+03 -5.619790e-02 1.199856e+02 6.793601e+03 7.668641e+03 -6.050516e-02 1.200387e+02 9.131101e-02 5.653850e-03 2.537821e-05 -1.229388e-03
105.000 45.000 7.077329e+03 7.160080e+03 -5.812223e-03 1.193186e+02 7.007721e+03 7.196692e+03 -1.330368e-02 1.191717e+02 2.742113e-01 5.575724e-03 4.442324e-05 -2.346856e-03
105.000 75.000 6.182408e+03 8.325203e+03 -1.477014e-01 1.191265e+02 6.110366e+03 8.407043e+03 -1.582016e-01 1.189709e+02 3.836370e-01 5.420672e-03 6.236721e-05 -4.460288e-03
105.000 105.000 5.441209e+03 7.332874e+03 -1.480862e-01 1.117764e+02 5.390575e+03 7.366526e+03 -1.548903e-01 1.115843e+02 3.902674e-01 5.343780e-03 4.308067e-05 -4.816346e-03
105.000 135.000 6.296006e+03 8.917501e+03 -1.723137e-01 1.214981e+02 6.255804e+03 8.973747e+03 -1.784651e-01 1.214269e+02 2.923260e-01 5.425247e-03 3.581105e-05 -3.824255e-03
105.000 165.000 6.310708e+03 6.728816e+03 -3.206460e-02 1.141320e+02 6.294004e+03 6.736872e+03 -3.398602e-02 1.140869e+02 1.160561e-01 5.580171e-03 1.190650e-05 -1.297801e-03
105.000 195.000 6.381030e+03 6.252852e+03 1.014557e-02 1.123948e+02 6.395621e+03 6.236365e+03 1.260737e-02 1.123832e+02 -9.131099e-02 5.653850e-03 -1.548862e-05 9.026806e-04
105.000 225.000 8.243141e+03 6.546831e+03 1.146932e-01 1.208115e+02 8.294241e+03 6.482655e+03 1.225958e-01 1.206433e+02 -2.742113e-01 5.575724e-03 -4.628590e-05 3.219102e-03
105.000 255.000 9.592762e+03 6.184189e+03 2.160476e-01 1.226399e+02 9.689248e+03 6.124385e+03 2.254297e-01 1.225153e+02 -3.836370e-01 5.420672e-03 -5.412179e-05 4.889802e-03
105.000 285.000 8.395321e+03 5.772023e+03 1.851651e-01 1.169684e+02 8.469083e+03 5.724323e+03 1.933828e-01 1.168872e+02 -3.902674e-01 5.343780e-03 -4.969518e-05 4.919557e-03
105.000 315.000 7.706784e+03 6.840582e+03 5.954356e-02 1.203985e+02 7.753126e+03 6.789068e+03 6.629383e-02 1.203257e+02 -2.923260e-01 5.425247e-03 -3.965665e-05 2.922542e-03
105.000 345.000 6.500955e+03 6.934349e+03 -3.225787e-02 1.158504e+02 6.509005e+03 6.921000e+03 -3.067716e-02 1.158334e+02 -1.160561e-01 5.580171e-03 -9.648805e-06 7.233309e-04
135.000 15.000 4.900367e+03 6.768756e+03 -1.601140e-01 1.066301e+02 4.967374e+03 6.688010e+03 -1.476258e-01 1.067772e+02 5.146306e-02 5.261135e-03 -8.275677e-05 -1.984216e-03
135.000 45.000 4.675497e+03 5.898572e+03 -1.156674e-01 1.021401e+02 4.732861e+03 5.836756e+03 -1.044404e-01 1.022464e+02 2.218709e-01 4.991558e-03 -7.768342e-05 -3.304660e-03
135.000 75.000 5.690745e+03 6.200255e+03 -4.284843e-02 1.089457e+02 5.685910e+03 6.167226e+03 -4.060661e-02 1.087823e+02 3.328286e-01 5.243770e-03 -1.456134e-05 -3.448295e-03
135.000 105.000 4.448113e+03 6.212211e+03 -1.654826e-01 1.018253e+02 4.435474e+03 6.205976e+03 -1.663778e-01 1.017196e+02 3.546051e-01 5.730835e-03 6.219957e-06 -5.107646e-03
135.000 135.000 5.752982e+03 6.250083e+03 -4.141456e-02 1.094645e+02 5.683288e+03 6.296713e+03 -5.120410e-02 1.093096e+02 2.813655e-01 5.967106e-03 6.328210e-05 -2.948719e-03
135.000 165.000 5.423324e+03 6.804489e+03 -1.129527e-01 1.098718e+02 5.347067e+03 6.890062e+03 -1.260912e-01 1.097386e+02 1.327343e-01 5.746728e-03 8.460735e-05 -2.236125e-03
135.000 195.000 6.290874e+03 6.470130e+03 -1.404720e-02 1.129535e+02 6.219419e+03 6.558727e+03 -2.655375e-02 1.130006e+02 -5.146304e-02 5.261135e-03 7.827663e-05 3.312500e-04
135.000 225.000 5.740477e+03 5.126911e+03 5.645939e-02 1.040805e+02 5.701044e+03 5.182975e+03 4.759911e-02 1.042082e+02 -2.218709e-01 4.991558e-03 6.015848e-05 2.674183e-03
135.000 255.000 7.056410e+03 4.992684e+03 1.712764e-01 1.081463e+02 7.031123e+03 5.025274e+03 1.663722e-01 1.082713e+02 -3.328286e-01 5.243770e-03 3.204753e-05 4.661324e-03
135.000 285.000 6.945336e+03 4.848403e+03 1.778006e-01 1.068686e+02 6.943240e+03 4.832075e+03 1.792873e-01 1.067558e+02 -3.546051e-01 5.730835e-03 -9.842262e-06 4.981871e-03
135.000 315.000 6.226416e+03 4.694286e+03 1.402959e-01 1.034686e+02 6.280077e+03 4.658879e+03 1.482041e-01 1.034345e+02 -2.813655e-01 5.967106e-03 -5.405349e-05 4.075260e-03
135.000 345.000 5.647100e+03 4.908229e+03 6.999978e-02 1.024871e+02 5.718189e+03 4.842133e+03 8.295739e-02 1.024092e+02 -1.327343e-01 5.746728e-03 -8.943464e-05 1.978142e-03
165.000 15.000 1.722839e+03 1.274283e+03 1.496620e-01 5.412939e+01 1.745669e+03 1.251345e+03 1.649391e-01 5.399519e+01 5.316186e-02 4.352257e-03 -1.998156e-04 1.782768e-03
165.000 45.000 1.545991e+03 1.365196e+03 6.210367e-02 5.385127e+01 1.581593e+03 1.334453e+03 8.475187e-02 5.380613e+01 1.941509e-01 6.458535e-03 -2.975122e-04 -2.452073e-03
165.000 75.000 1.100857e+03 1.685462e+03 -2.098128e-01 5.161067e+01 1.129781e+03 1.649776e+03 -1.870782e-01 5.179071e+01 2.831174e-01 7.282276e-03 -3.109387e-04 -9.550936e-03
165.000 105.000 1.213740e+03 1.599374e+03 -1.370846e-01 5.253808e+01 1.237040e+03 1.572583e+03 -1.194263e-01 5.262653e+01 2.962228e-01 6.448245e-03 -2.374623e-04 -8.247493e-03
165.000 135.000 1.290324e+03 2.103723e+03 -2.396546e-01 5.656070e+01 1.291637e+03 2.099212e+03 -2.381631e-01 5.655540e+01 2.299556e-01 4.336972e-03 -1.864625e-05 -8.302764e-03
165.000 165.000 1.460997e+03 1.472314e+03 -3.858064e-03 5.415965e+01 1.450915e+03 1.481123e+03 -1.030253e-02 5.414542e+01 1.020719e-01 2.736872e-03 8.414982e-05 -1.955883e-03
165.000 195.000 1.267280e+03 1.720877e+03 -1.517983e-01 5.403056e+01 1.248546e+03 1.748751e+03 -1.668852e-01 5.397982e+01 -5.316184e-02 4.352257e-03 1.975381e-04 -1.825568e-03
165.000 225.000 1.546794e+03 1.267674e+03 9.917339e-02 5.279003e+01 1.520928e+03 1.301285e+03 7.782631e-02 5.296338e+01 -1.941509e-01 6.458535e-03 2.854687e-04 5.556434e-03
165.000 255.000 1.448627e+03 1.276048e+03 6.333950e-02 5.209361e+01 1.421520e+03 1.302423e+03 4.372222e-02 5.214150e+01 -2.831174e-01 7.282276e-03 2.661582e-04 6.650661e-03
165.000 285.000 1.791800e+03 1.031820e+03 2.691511e-01 5.117685e+01 1.766305e+03 1.061184e+03 2.493807e-01 5.149413e+01 -2.962228e-01 6.448245e-03 2.723199e-04 1.104745e-02
165.000 315.000 1.851789e+03 1.624006e+03 6.553391e-02 5.882914e+01 1.844578e+03 1.621648e+03 6.431495e-02 5.875277e+01 -2.299556e-01 4.336973e-03 1.466097e-05 5.022842e-03
165.000 345.000 1.416366e+03 1.479515e+03 -2.180647e-02 5.380059e+01 1.420427e+03 1.467306e+03 -1.623390e-02 5.373056e+01 -1.020719e-01 2.736872e-03 -7.328852e-05 1.491907e-03
195.000 15.000 1.184660e+03 1.517762e+03 -1.232607e-01 5.158841e+01 1.178057e+03 1.526339e+03 -1.287837e-01 5.157076e+01 1.020719e-01 2.736871e-03 7.571468e-05 -4.367891e-03
195.000 45.000 1.446158e+03 1.512543e+03 -2.243713e-02 5.438025e+01 1.455773e+03 1.502888e+03 -1.592466e-02 5.438668e+01 2.299555e-01 4.336972e-03 -8.467668e-05 -4.641256e-03
195.000 75.000 1.287931e+03 1.863773e+03 -1.827081e-01 5.519505e+01 1.303684e+03 1.840168e+03 -1.706453e-01 5.524766e+01 2.962228e-01 6.448245e-03 -1.544641e-04 -8.677063e-03
195.000 105.000 1.211976e+03 1.647540e+03 -1.523208e-01 5.285045e+01 1.233303e+03 1.604604e+03 -1.308362e-01 5.281409e+01 2.831174e-01 7.282276e-03 -2.875500e-04 -8.239063e-03
195.000 135.000 1.566376e+03 1.884040e+03 -9.206541e-02 5.849078e+01 1.599943e+03 1.845818e+03 -7.135586e-02 5.855097e+01 1.941509e-01 6.458535e-03 -2.502332e-04 -4.893359e-03
195.000 165.000 1.684098e+03 1.102647e+03 2.086486e-01 5.162777e+01 1.707078e+03 1.082194e+03 2.240311e-01 5.147115e+01 5.316188e-02 4.352256e-03 -2.110013e-04 3.011689e-03
195.000 195.000 1.590073e+03 6.469768e+02 4.215803e-01 4.288891e+01 1.596765e+03 6.461387e+02 4.238375e-01 4.289514e+01 -1.020719e-01 2.736871e-03 -3.721130e-05 1.220950e-02
195.000 225.000 1.808563e+03 1.032636e+03 2.730985e-01 5.127664e+01 1.802084e+03 1.039240e+03 2.684819e-01 5.134700e+01 -2.299555e-01 4.336972e-03 6.361869e-05 9.810587e-03
195.000 255.000 2.157987e+03 1.150653e+03 3.044557e-01 5.479007e+01 2.134751e+03 1.168063e+03 2.926861e-01 5.495341e+01 -2.962228e-01 6.448245e-03 1.516694e-04 1.096327e-02
195.000 285.000 2.686021e+03 1.514114e+03 2.790164e-01 6.223467e+01 2.657140e+03 1.555099e+03 2.616283e-01 6.264116e+01 -2.831174e-01 7.282276e-03 1.969192e-04 9.032487e-03
195.000 315.000 1.231585e+03 1.749470e+03 -1.737254e-01 5.376881e+01 1.204531e+03 1.786093e+03 -1.944615e-01 5.364264e+01 -1.941509e-01 6.458535e-03 2.730189e-04 3.798776e-04
195.000 345.000 1.516156e+03 1.212833e+03 1.111483e-01 5.191604e+01 1.495571e+03 1.238552e+03 9.400414e-02 5.205731e+01 -5.316190e-02 4.352257e-03 2.331900e-04 3.164922e-03
225.000 15.000 6.049541e+03 6.403862e+03 -2.845174e-02 1.115496e+02 5.966203e+03 6.485266e+03 -4.168693e-02 1.114892e+02 1.327342e-01 5.746728e-03 8.391984e-05 -1.444971e-03
225.000 45.000 4.876029e+03 5.907445e+03 -9.564779e-02 1.033674e+02 4.844817e+03 5.948849e+03 -1.022851e-01 1.033477e+02 2.813655e-01 5.967105e-03 4.540855e-05 -3.647313e-03
225.000 75.000 4.763080e+03 6.626448e+03 -1.636037e-01 1.052838e+02 4.756030e+03 6.643291e+03 -1.655590e-01 1.052942e+02 3.546051e-01 5.730835e-03 1.313196e-05 -4.922019e-03
225.000 105.000 5.530306e+03 7.077638e+03 -1.227268e-01 1.114363e+02 5.557159e+03 7.068900e+03 -1.197318e-01 1.115574e+02 3.328286e-01 5.243770e-03 -1.899398e-05 -4.088034e-03
225.000 135.000 5.305849e+03 6.114059e+03 -7.077197e-02 1.065960e+02 5.370145e+03 6.073809e+03 -6.148784e-02 1.067740e+02 2.218709e-01 4.991559e-03 -6.153502e-05 -2.745345e-03
225.000 165.000 5.483883e+03 6.114291e+03 -5.435402e-02 1.075356e+02 5.559060e+03 6.045656e+03 -4.193088e-02 1.076304e+02 5.146307e-02 5.261135e-03 -8.165303e-05 -9.840190e-04
225.000 195.000 5.497775e+03 5.076060e+03 3.988296e-02 1.027473e+02 5.566840e+03 5.009182e+03 5.272852e-02 1.026967e+02 -1.327342e-01 5.746728e-03 -8.842487e-05 1.680016e-03
225.000 225.000 7.062745e+03 5.320646e+03 1.406802e-01 1.101740e+02 7.118533e+03 5.271307e+03 1.490920e-01 1.100656e+02 -2.813655e-01 5.967105e-03 -5.401369e-05 3.830720e-03
225.000 255.000 6.209263e+03 4.978009e+03 1.100585e-01 1.051274e+02 6.218631e+03 4.944155e+03 1.141719e-01 1.049632e+02 -3.546051e-01 5.730835e-03 -2.768919e-05 4.420006e-03
225.000 285.000 6.498643e+03 5.654603e+03 6.944976e-02 1.099756e+02 6.496375e+03 5.676043e+03 6.739269e-02 1.100779e+02 -3.328286e-01 5.243770e-03 1.322014e-05 3.657888e-03
225.000 315.000 6.654598e+03 5.466024e+03 9.806210e-02 1.095631e+02 6.609873e+03 5.535181e+03 8.848803e-02 1.097723e+02 -2.218709e-01 4.991559e-03 6.173088e-05 2.920080e-03
225.000 345.000 6.226952e+03 5.241783e+03 8.590038e-02 1.066963e+02 6.155022e+03 5.308706e+03 7.382562e-02 1.067766e+02 -5.146309e-02 5.261135e-03 7.999271e-05 1.287424e-03
255.000 15.000 5.743025e+03 6.502644e+03 -6.203167e-02 1.104470e+02 5.735100e+03 6.517400e+03 -6.384826e-02 1.104652e+02 1.160560e-01 5.580171e-03 1.162924e-05 -1.612426e-03
255.000 45.000 6.148076e+03 7.983197e+03 -1.298624e-01 1.178684e+02 6.096196e+03 8.031190e+03 -1.369676e-01 1.177385e+02 2.923260e-01 5.425247e-03 4.264848e-05 -3.581862e-03
255.000 75.000 5.848125e+03 8.518920e+03 -1.858973e-01 1.177733e+02 5.773769e+03 8.571493e+03 -1.950277e-01 1.174718e+02 3.902674e-01 5.343781e-03 5.488879e-05 -4.892150e-03
255.000 105.000 6.071393e+03 9.563654e+03 -2.233610e-01 1.218811e+02 5.998599e+03 9.651398e+03 -2.334057e-01 1.216446e+02 3.836370e-01 5.420673e-03 5.833187e-05 -4.980246e-03
255.000 135.000 7.511732e+03 8.338574e+03 -5.216566e-02 1.257266e+02 7.429033e+03 8.385441e+03 -6.047674e-02 1.255254e+02 2.742114e-01 5.575724e-03 4.678023e-05 -2.595927e-03
255.000 165.000 6.091414e+03 7.161816e+03 -8.076540e-02 1.147466e+02 6.074186e+03 7.192795e+03 -8.431527e-02 1.147722e+02 9.131103e-02 5.653849e-03 2.187306e-05 -1.499621e-03
255.000 195.000 6.764610e+03 7.155358e+03 -2.807103e-02 1.179364e+02 6.769818e+03 7.140472e+03 -2.664602e-02 1.179000e+02 -1.160560e-01 5.580171e-03 -8.545192e-06 7.460375e-04
255.000 225.000 9.202289e+03 5.995629e+03 2.109934e-01 1.205045e+02 9.270549e+03 5.955725e+03 2.177042e-01 1.204351e+02 -2.923259e-01 5.425247e-03 -3.938973e-05 4.176768e-03
255.000 255.000 7.406544e+03 5.306332e+03 1.652035e-01 1.112021e+02 7.436255e+03 5.249166e+03 1.724097e-01 1.109430e+02 -3.902674e-01 5.343781e-03 -4.587575e-05 4.995146e-03
255.000 285.000 8.434242e+03 6.009886e+03 1.678437e-01 1.184788e+02 8.495673e+03 5.964838e+03 1.750170e-01 1.183958e+02 -3.836370e-01 5.420673e-03 -4.282676e-05 4.654680e-03
255.000 315.000 7.854840e+03 5.386273e+03 1.864320e-01 1.130526e+02 7.889969e+03 5.341783e+03 1.925811e-01 1.128761e+02 -2.742114e-01 5.575724e-03 -3.849055e-05 4.074593e-03
255.000 345.000 7.220834e+03 7.222667e+03 -1.269226e-04 1.201811e+02 7.248441e+03 7.185760e+03 4.342554e-03 1.201413e+02 -9.131105e-02 5.653849e-03 -2.630131e-05 7.587226e-04
285.000 15.000 7.116977e+03 7.635980e+03 -3.517961e-02 1.213866e+02 7.195658e+03 7.561708e+03 -2.480461e-02 1.214425e+02 9.805653e-02 5.653850e-03 -6.042298e-05 -1.097618e-03
285.000 45.000 7.000472e+03 1.070573e+04 -2.092631e-01 1.301185e+02 7.046876e+03 1.066999e+04 -2.045007e-01 1.302917e+02 2.834681e-01 5.575724e-03 -2.586348e-05 -3.786788e-03
285.000 75.000 5.240697e+03 8.635185e+03 -2.446322e-01 1.142168e+02 5.258721e+03 8.634472e+03 -2.429788e-01 1.143370e+02 3.929247e-01 5.420672e-03 -1.023073e-05 -5.581988e-03
285.000 105.000 6.009883e+03 9.168045e+03 -2.080759e-01 1.205022e+02 5.962515e+03 9.212880e+03 -2.141866e-01 1.203296e+02 3.970974e-01 5.343780e-03 3.588289e-05 -5.022092e-03
285.000 135.000 7.012523e+03 9.384709e+03 -1.446699e-01 1.267046e+02 6.919520e+03 9.463174e+03 -1.552647e-01 1.264427e+02 2.948682e-01 5.425247e-03 5.918820e-05 -3.468999e-03
285.000 165.000 7.086977e+03 8.029889e+03 -6.237483e-02 1.227113e+02 7.004501e+03 8.124285e+03 -7.401674e-02 1.226617e+02 1.136293e-01 5.580172e-03 6.709844e-05 -1.434295e-03
285.000 195.000 7.090286e+03 7.361577e+03 -1.877203e-02 1.201947e+02 7.022032e+03 7.444884e+03 -2.922891e-02 1.202271e+02 -9.805651e-02 5.653850e-03 6.150964e-05 6.596336e-04
285.000 225.000 9.076926e+03 7.848285e+03 7.259235e-02 1.297537e+02 9.038752e+03 7.888005e+03 6.798391e-02 1.298019e+02 -2.834681e-01 5.575725e-03 2.510953e-05 2.744126e-03
285.000 255.000 1.032597e+04 5.735633e+03 2.857956e-01 1.214484e+02 1.034092e+04 5.754047e+03 2.849878e-01 1.216049e+02 -3.929247e-01 5.420672e-03 4.699808e-06 5.588550e-03
285.000 285.000 9.555286e+03 7.019477e+03 1.529922e-01 1.272274e+02 9.607323e+03 6.963482e+03 1.595481e-01 1.270787e+02 -3.970974e-01 5.343780e-03 -3.645810e-05 4.323673e-03
285.000 315.000 1.051109e+04 6.906353e+03 2.069612e-01 1.291178e+02 1.061292e+04 6.817610e+03 2.177394e-01 1.288571e+02 -2.948682e-01 5.425247e-03 -5.908594e-05 3.886602e-03
285.000 345.000 7.132343e+03 9.159365e+03 -1.244205e-01 1.266472e+02 7.208536e+03 9.048842e+03 -1.131982e-01 1.266849e+02 -1.136293e-01 5.580172e-03 -6.264809e-05 -8.520693e-05
315.000 15.000 5.655746e+03 7.893783e+03 -1.651746e-01 1.148036e+02 5.694834e+03 7.850259e+03 -1.591296e-01 1.149004e+02 1.083898e-01 5.261135e-03 -3.721714e-05 -2.382891e-03
315.000 45.000 6.749461e+03 8.154452e+03 -9.426990e-02 1.215379e+02 6.788816e+03 8.112849e+03 -8.885138e-02 1.215896e+02 2.954909e-01 4.991558e-03 -3.151825e-05 -3.206907e-03
315.000 75.000 5.517462e+03 8.956993e+03 -2.376277e-01 1.168637e+02 5.548965e+03 8.921725e+03 -2.330753e-01 1.169811e+02 4.034154e-01 5.243770e-03 -2.753139e-05 -5.485390e-03
315.000 105.000 7.055902e+03 9.072863e+03 -1.250536e-01 1.260021e+02 7.039725e+03 9.063651e+03 -1.256833e-01 1.258928e+02 4.032450e-01 5.730835e-03 3.535157e-06 -4.192776e-03
315.000 135.000 7.174497e+03 8.618697e+03 -9.144445e-02 1.251444e+02 7.166256e+03 8.619167e+03 -9.204127e-02 1.251067e+02 2.950255e-01 5.967106e-03 3.372738e-06 -3.088191e-03
315.000 165.000 7.048910e+03 6.837270e+03 1.524105e-02 1.178259e+02 7.022463e+03 6.862114e+03 1.154865e-02 1.178250e+02 1.077542e-01 5.746728e-03 2.215921e-05 -7.851676e-04
315.000 195.000 6.838201e+03 7.445676e+03 -4.252872e-02 1.194070e+02 6.799345e+03 7.477416e+03 -4.749474e-02 1.193506e+02 -1.083898e-01 5.261135e-03 2.941479e-05 5.515680e-04
315.000 225.000 8.069016e+03 7.010855e+03 7.017040e-02 1.224974e+02 8.018641e+03 7.050632e+03 6.423724e-02 1.225034e+02 -2.954909e-01 4.991558e-03 3.424788e-05 2.985053e-03
315.000 255.000 8.724828e+03 5.894168e+03 1.936289e-01 1.186208e+02 8.679532e+03 5.930813e+03 1.881351e-01 1.187148e+02 -4.034153e-01 5.243770e-03 3.273568e-05 5.033216e-03
315.000 285.000 8.741246e+03 5.691412e+03 2.113148e-01 1.174231e+02 8.724426e+03 5.711881e+03 2.086784e-01 1.175060e+02 -4.032450e-01 5.730835e-03 1.587047e-05 5.233722e-03
315.000 315.000 7.701621e+03 7.045524e+03 4.448976e-02 1.213176e+02 7.706136e+03 7.029629e+03 4.590919e-02 1.212630e+02 -2.950255e-01 5.967106e-03 -8.275066e-06 2.798566e-03
315.000 345.000 7.960871e+03 6.405457e+03 1.082681e-01 1.191551e+02 7.984547e+03 6.383740e+03 1.114125e-01 1.191215e+02 -1.077542e-01 5.746728e-03 -1.866273e-05 1.812951e-03
345.000 15.000 5.610215e+03 7.081843e+03 -1.159487e-01 1.118992e+02 5.602550e+03 7.086230e+03 -1.169285e-01 1.118718e+02 1.174941e-01 4.352257e-03 6.192061e-06 -2.086189e-03
345.000 45.000 4.530257e+03 7.975350e+03 -2.754838e-01 1.075013e+02 4.522339e+03 7.993817e+03 -2.773598e-01 1.074863e+02 3.124077e-01 6.458535e-03 1.233993e-05 -5.468690e-03
345.000 75.000 5.362720e+03 7.691717e+03 -1.784065e-01 1.124230e+02 5.356433e+03 7.700600e+03 -1.795329e-01 1.124108e+02 4.236119e-01 7.282275e-03 7.084885e-06 -5.354940e-03
345.000 105.000 5.101670e+03 7.447242e+03 -1.869144e-01 1.100477e+02 5.092863e+03 7.440000e+03 -1.872786e-01 1.099695e+02 4.213096e-01 6.448245e-03 2.340917e-06 -5.526914e-03
345.000 135.000 5.608682e+03 6.130725e+03 -4.446930e-02 1.082414e+02 5.589426e+03 6.127120e+03 -4.589188e-02 1.081290e+02 3.061177e-01 4.336972e-03 9.298117e-06 -3.238938e-03
345.000 165.000 5.621959e+03 5.643906e+03 -1.948093e-03 1.061406e+02 5.627223e+03 5.640454e+03 -1.174267e-03 1.061492e+02 1.089019e-01 2.736872e-03 -5.155002e-06 -1.044370e-03
345.000 195.000 6.148013e+03 6.061145e+03 7.115048e-03 1.104923e+02 6.155645e+03 6.058909e+03 7.919734e-03 1.105160e+02 -1.174941e-01 4.352257e-03 -5.149120e-06 1.127764e-03
345.000 225.000 7.262580e+03 5.186701e+03 1.667469e-01 1.100143e+02 7.269045e+03 5.189361e+03 1.669301e-01 1.100511e+02 -3.124077e-01 6.458535e-03 -1.177570e-06 4.355387e-03
345.000 255.000 7.603501e+03 5.022168e+03 2.044511e-01 1.099905e+02 7.609882e+03 5.024518e+03 2.046290e-01 1.100244e+02 -4.236119e-01 7.282275e-03 -1.143167e-06 5.710156e-03
345.000 285.000 8.219671e+03 5.324361e+03 2.137702e-01 1.136886e+02 8.227488e+03 5.331045e+03 2.136251e-01 1.137532e+02 -4.213096e-01 6.448245e-03 9.020929e-07 5.586134e-03
345.000 315.000 6.556634e+03 5.754244e+03 6.517733e-02 1.107185e+02 6.557481e+03 5.743696e+03 6.615505e-02 1.106677e+02 -3.061178e-01 4.336973e-03 -6.245653e-06 3.353506e-03
345.000 345.000 6.546428e+03 5.662297e+03 7.241798e-02 1.102030e+02 6.545800e+03 5.664384e+03 7.218694e-02 1.102114e+02 -1.089019e-01 2.736872e-03 1.482416e-06 1.645327e-03
