  #t  #Q2   A1M1_AVG      A_1M1     dA_1M1   A0P1_AVG      A_0P1     dA_0P1   A2M1_AVG      A_2M1     dA_2M1   A3M1_AVG      A_3M1     dA_3M1   A1P1_AVG      A_1P1     dA_1P1       Asym      Astat          t         tp         xb         Q2          W     Dilute
   9    0 -1.044e-01 -5.814e-02 2.4254e-03  3.133e-01  3.730e-01 2.3623e-03 -4.513e-02  5.402e-03 2.3847e-03 -6.815e-03 -1.011e-02 2.3403e-03  5.459e-02  5.056e-02 2.3270e-03 -1.1357e-01 2.8277e-02 9.8948e-01 4.2861e-01 4.2173e-01 5.4606e+00 2.9190e+00 2.3993e-01
   Phi   PhiS      N_U_avg      N_D_avg     Asym_avg    dAsym_avg      N_U_fit      N_D_fit     Asym_fit    dAsym_fit     Asym_cal    dAsym_cal     GOOD_fit     GOOD_cal
15.000 15.000 0.000000e+00 0.000000e+00         -nan         -nan 0.000000e+00 0.000000e+00         -nan         -nan 1.181626e-01 1.864872e-03         -nan         -nan
15.000 45.000 0.000000e+00 0.000000e+00         -nan         -nan 0.000000e+00 0.000000e+00         -nan         -nan 3.352089e-01 2.950087e-03         -nan         -nan
15.000 75.000 0.000000e+00 0.000000e+00         -nan         -nan 0.000000e+00 0.000000e+00         -nan         -nan 4.624363e-01 4.387043e-03         -nan         -nan
15.000 105.000 0.000000e+00 0.000000e+00         -nan         -nan 0.000000e+00 0.000000e+00         -nan         -nan 4.657542e-01 4.956209e-03         -nan         -nan
15.000 135.000 0.000000e+00 0.000000e+00         -nan         -nan 0.000000e+00 0.000000e+00         -nan         -nan 3.442736e-01 4.397584e-03         -nan         -nan
15.000 165.000 0.000000e+00 0.000000e+00         -nan         -nan 0.000000e+00 0.000000e+00         -nan         -nan 1.305453e-01 2.965740e-03         -nan         -nan
15.000 195.000 0.000000e+00 0.000000e+00         -nan         -nan 0.000000e+00 0.000000e+00         -nan         -nan -1.181626e-01 1.864872e-03         -nan         -nan
15.000 225.000 0.000000e+00 0.000000e+00         -nan         -nan 0.000000e+00 0.000000e+00         -nan         -nan -3.352089e-01 2.950087e-03         -nan         -nan
15.000 255.000 0.000000e+00 2.327339e+01 -1.000000e+00 2.000000e+00 0.000000e+00 2.389125e+01 -1.000000e+00 2.000000e+00 -4.624362e-01 4.387042e-03 0.000000e+00 -2.687812e-01
15.000 285.000 0.000000e+00 0.000000e+00         -nan         -nan 0.000000e+00 0.000000e+00         -nan         -nan -4.657542e-01 4.956209e-03         -nan         -nan
15.000 315.000 0.000000e+00 0.000000e+00         -nan         -nan 0.000000e+00 0.000000e+00         -nan         -nan -3.442736e-01 4.397584e-03         -nan         -nan
15.000 345.000 0.000000e+00 0.000000e+00         -nan         -nan 0.000000e+00 0.000000e+00         -nan         -nan -1.305453e-01 2.965740e-03         -nan         -nan
45.000 15.000 2.015445e+01 0.000000e+00 1.000000e+00 2.000000e+00 1.921975e+01 0.000000e+00 1.000000e+00 2.000000e+00 1.077182e-01 3.913983e-03 0.000000e+00 4.461401e-01
45.000 45.000 1.259716e+01 0.000000e+00 1.000000e+00 2.000000e+00 1.174379e+01 0.000000e+00 1.000000e+00 2.000000e+00 3.080206e-01 4.065164e-03 0.000000e+00 3.459890e-01
45.000 75.000 0.000000e+00 1.348823e+01 -1.000000e+00 2.000000e+00 0.000000e+00 1.396346e+01 -1.000000e+00 2.000000e+00 4.257892e-01 3.902201e-03 0.000000e+00 -7.128932e-01
45.000 105.000 0.000000e+00 4.376054e+01 -1.000000e+00 2.000000e+00 0.000000e+00 4.413476e+01 -1.000000e+00 2.000000e+00 4.294679e-01 3.566860e-03 0.000000e+00 -7.147328e-01
45.000 135.000 1.973207e+01 0.000000e+00 1.000000e+00 2.000000e+00 2.013144e+01 0.000000e+00 1.000000e+00 2.000000e+00 3.180711e-01 3.393552e-03 0.000000e+00 3.409640e-01
45.000 165.000 2.701001e+01 0.000000e+00 1.000000e+00 2.000000e+00 2.822911e+01 0.000000e+00 1.000000e+00 2.000000e+00 1.214473e-01 3.579746e-03 0.000000e+00 4.392756e-01
45.000 195.000 0.000000e+00 0.000000e+00         -nan         -nan 0.000000e+00 0.000000e+00         -nan         -nan -1.077181e-01 3.913983e-03         -nan         -nan
45.000 225.000 0.000000e+00 0.000000e+00         -nan         -nan 0.000000e+00 0.000000e+00         -nan         -nan -3.080206e-01 4.065164e-03         -nan         -nan
45.000 255.000 2.265582e+01 0.000000e+00 1.000000e+00 2.000000e+00 2.297530e+01 0.000000e+00 1.000000e+00 2.000000e+00 -4.257892e-01 3.902201e-03 0.000000e+00 7.128932e-01
45.000 285.000 0.000000e+00 0.000000e+00         -nan         -nan 0.000000e+00 0.000000e+00         -nan         -nan -4.294679e-01 3.566860e-03         -nan         -nan
45.000 315.000 0.000000e+00 0.000000e+00         -nan         -nan 0.000000e+00 0.000000e+00         -nan         -nan -3.180711e-01 3.393552e-03         -nan         -nan
45.000 345.000 1.591087e+01 3.921675e+01 -4.227623e-01 6.728653e+00 1.557041e+01 4.044303e+01 -4.440475e-01 6.705879e+00 -1.214473e-01 3.579746e-03 2.240620e-03 -4.478087e-02
75.000 15.000 1.706166e+01 3.339831e+01 -3.237545e-01 6.720931e+00 1.645261e+01 3.518943e+01 -3.628210e-01 6.696561e+00 1.056236e-01 3.796488e-03 4.117623e-03 -6.388670e-02
75.000 45.000 1.089340e+01 2.110577e+01 -3.191450e-01 5.360965e+00 1.023858e+01 2.257142e+01 -3.758866e-01 5.307942e+00 2.836850e-01 3.691601e-03 7.521266e-03 -1.124480e-01
75.000 75.000 0.000000e+00 4.771000e+01 -1.000000e+00 2.000000e+00 0.000000e+00 5.097319e+01 -1.000000e+00 2.000000e+00 3.857333e-01 3.638059e-03 0.000000e+00 -6.928655e-01
75.000 105.000 0.000000e+00 2.459741e+01 -1.000000e+00 2.000000e+00 0.000000e+00 2.504453e+01 -1.000000e+00 2.000000e+00 3.844246e-01 3.691671e-03 0.000000e+00 -6.922111e-01
75.000 135.000 6.663783e+00 2.020784e+01 -5.040282e-01 4.477168e+00 6.716504e+00 2.025072e+01 -5.018766e-01 4.491628e+00 2.801097e-01 3.796555e-03 -3.392717e-04 -1.751414e-01
75.000 165.000 1.077482e+01 1.197411e+01 -5.271874e-02 4.762951e+00 1.082029e+01 1.181834e+01 -4.408613e-02 4.753381e+00 1.007396e-01 3.847893e-03 -1.282882e-03 -3.221917e-02
75.000 195.000 1.781897e+01 0.000000e+00 1.000000e+00 2.000000e+00 1.852211e+01 0.000000e+00 1.000000e+00 2.000000e+00 -1.056236e-01 3.796488e-03 0.000000e+00 5.528108e-01
75.000 225.000 0.000000e+00 2.589266e+01 -1.000000e+00 2.000000e+00 0.000000e+00 2.374750e+01 -1.000000e+00 2.000000e+00 -2.836850e-01 3.691601e-03 0.000000e+00 -3.581569e-01
75.000 255.000 0.000000e+00 3.319415e+01 -1.000000e+00 2.000000e+00 0.000000e+00 3.084037e+01 -1.000000e+00 2.000000e+00 -3.857333e-01 3.638059e-03 0.000000e+00 -3.071329e-01
75.000 285.000 1.538211e+01 0.000000e+00 1.000000e+00 2.000000e+00 1.632396e+01 0.000000e+00 1.000000e+00 2.000000e+00 -3.844246e-01 3.691671e-03 0.000000e+00 6.922111e-01
75.000 315.000 0.000000e+00 0.000000e+00         -nan         -nan 0.000000e+00 0.000000e+00         -nan         -nan -2.801097e-01 3.796555e-03         -nan         -nan
75.000 345.000 0.000000e+00 0.000000e+00         -nan         -nan 0.000000e+00 0.000000e+00         -nan         -nan -1.007396e-01 3.847893e-03         -nan         -nan
105.000 15.000 1.723796e+00 2.237746e+01 -8.569539e-01 2.530221e+00 1.707982e+00 2.305754e+01 -8.620678e-01 2.522054e+00 8.954312e-02 3.847893e-03 1.431456e-03 -3.740764e-01
105.000 45.000 5.593639e+00 4.162424e+00 1.467000e-01 3.089677e+00 5.479711e+00 4.223418e+00 1.294730e-01 3.088765e+00 2.501883e-01 3.796556e-03 3.943185e-03 -3.349481e-02
105.000 75.000 2.645759e+00 1.701276e+01 -7.308283e-01 3.026336e+00 2.585313e+00 1.753754e+01 -7.430471e-01 3.002107e+00 3.437956e-01 3.691671e-03 2.866389e-03 -3.550905e-01
105.000 105.000 1.011368e+00 4.328736e+00 -6.212178e-01 1.810883e+00 9.840253e-01 4.409592e+00 -6.351149e-01 1.793875e+00 3.452833e-01 3.638059e-03 5.452022e-03 -5.337172e-01
105.000 135.000 6.390412e+00 0.000000e+00 1.000000e+00 2.000000e+00 6.258595e+00 0.000000e+00 1.000000e+00 2.000000e+00 2.542525e-01 3.691601e-03 0.000000e+00 3.728731e-01
105.000 165.000 2.270974e+01 1.792759e+00 8.536673e-01 2.578053e+00 2.271649e+01 1.822314e+00 8.514749e-01 2.597679e+00 9.509503e-02 3.796488e-03 5.990305e-04 2.942420e-01
105.000 195.000 2.603973e+00 1.051689e+01 -6.030789e-01 2.889420e+00 2.610465e+00 1.027904e+01 -5.949473e-01 2.885673e+00 -8.954311e-02 3.847893e-03 -1.991284e-03 -1.777295e-01
105.000 225.000 8.838704e+00 4.296210e+00 3.458335e-01 3.400583e+00 8.990261e+00 4.230820e+00 3.599888e-01 3.392305e+00 -2.501882e-01 3.796556e-03 -2.946990e-03 1.752703e-01
105.000 255.000 3.365408e+01 1.027516e+01 5.321949e-01 5.611337e+00 3.576656e+01 9.544181e+00 5.787233e-01 5.489557e+00 -3.437956e-01 3.691671e-03 -5.927191e-03 1.561108e-01
105.000 285.000 1.834683e+00 4.719932e+01 -9.251669e-01 2.657846e+00 1.874156e+00 4.343996e+01 -9.172816e-01 2.680778e+00 -3.452833e-01 3.638059e-03 -2.088817e-03 -2.181779e-01
105.000 315.000 3.231629e+01 2.548481e+00 8.538077e-01 3.073888e+00 3.302368e+01 2.482273e+00 8.601771e-01 3.038904e+00 -2.542525e-01 3.691601e-03 -1.473560e-03 3.604749e-01
105.000 345.000 0.000000e+00 2.165328e+01 -1.000000e+00 2.000000e+00 0.000000e+00 2.158580e+01 -1.000000e+00 2.000000e+00 -9.509505e-02 3.796488e-03 0.000000e+00 -4.524517e-01
135.000 15.000 1.172923e+01 2.628203e+01 -3.828550e-01 5.695582e+00 1.166027e+01 2.626844e+01 -3.851481e-01 5.683520e+00 6.119586e-02 3.579746e-03 2.849909e-04 -7.796408e-02
135.000 45.000 1.080569e+01 7.565876e+00 1.763494e-01 4.219032e+00 1.062815e+01 7.655419e+00 1.625904e-01 4.219032e+00 2.017910e-01 3.393552e-03 2.306002e-03 -6.030204e-03
135.000 75.000 6.145980e+00 2.077550e+01 -5.434145e-01 4.355639e+00 5.978326e+00 2.147778e+01 -5.645175e-01 4.325088e+00 2.883165e-01 3.566860e-03 3.437966e-03 -1.909549e-01
135.000 105.000 5.701784e+00 2.512948e+00 3.881850e-01 2.641377e+00 5.501448e+00 2.583838e+00 3.608542e-01 2.651878e+00 2.975878e-01 3.902201e-03 7.302017e-03 3.429920e-02
135.000 135.000 2.675163e+01 2.696452e+01 -3.963190e-03 7.329072e+00 2.549791e+01 2.760941e+01 -3.975914e-02 7.281715e+00 2.271206e-01 4.065164e-03 3.464759e-03 -3.152975e-02
135.000 165.000 9.052122e+00 1.185215e+01 -1.339453e-01 4.530918e+00 8.892839e+00 1.201274e+01 -1.492377e-01 4.521059e+00 9.579672e-02 3.913983e-03 2.389169e-03 -5.070537e-02
135.000 195.000 1.325882e+01 1.656688e+01 -1.109128e-01 5.427596e+00 1.321090e+01 1.650980e+01 -1.109966e-01 5.417982e+00 -6.119584e-02 3.579746e-03 1.093282e-05 -9.160027e-03
135.000 225.000 4.876769e+00 9.253957e+00 -3.097639e-01 3.574189e+00 4.925347e+00 9.102412e+00 -2.977713e-01 3.575465e+00 -2.017910e-01 3.393552e-03 -2.372144e-03 -3.020903e-02
135.000 255.000 1.568350e+01 1.360983e+01 7.078973e-02 5.398753e+00 1.606382e+01 1.323165e+01 9.667587e-02 5.387177e+00 -2.883165e-01 3.566860e-03 -3.394099e-03 6.651650e-02
135.000 285.000 2.853979e+01 1.478122e+01 3.175956e-01 6.241102e+00 2.967682e+01 1.415257e+01 3.541971e-01 6.191183e+00 -2.975878e-01 3.902201e-03 -4.163506e-03 9.856966e-02
135.000 315.000 1.083138e+01 1.774107e+01 -2.418306e-01 5.186664e+00 1.110341e+01 1.713030e+01 -2.134642e-01 5.191069e+00 -2.271206e-01 4.065164e-03 -3.865599e-03 -2.836116e-03
135.000 345.000 1.356703e+01 8.039946e+00 2.558009e-01 4.493678e+00 1.375915e+01 7.923018e+00 2.691674e-01 4.484559e+00 -9.579674e-02 3.913983e-03 -2.105433e-03 7.824271e-02
165.000 15.000 1.372612e+00 0.000000e+00 1.000000e+00 2.000000e+00 1.367804e+00 0.000000e+00 1.000000e+00 2.000000e+00 5.489419e-02 2.965740e-03 0.000000e+00 4.725524e-01
165.000 45.000 7.319914e+00 3.815447e+00 3.147152e-01 3.167405e+00 7.200020e+00 3.837173e+00 3.046832e-01 3.164268e+00 1.727922e-01 4.397584e-03 2.240716e-03 4.480732e-02
165.000 75.000 0.000000e+00 8.596182e+00 -1.000000e+00 2.000000e+00 0.000000e+00 8.760849e+00 -1.000000e+00 2.000000e+00 2.443906e-01 4.956209e-03 0.000000e+00 -6.221934e-01
165.000 105.000 4.034022e+00 2.314648e+01 -7.031679e-01 3.706917e+00 3.926020e+00 2.392024e+01 -7.180217e-01 3.672870e+00 2.505048e-01 4.387042e-03 2.846456e-03 -2.572683e-01
165.000 135.000 4.625597e+00 7.140318e+00 -2.137293e-01 3.350887e+00 4.506259e+00 7.284493e+00 -2.356282e-01 3.337083e+00 1.894965e-01 2.950087e-03 4.630654e-03 -1.203340e-01
165.000 165.000 3.707376e+00 8.772656e+00 -4.058707e-01 3.228650e+00 3.667698e+00 8.859326e+00 -4.144342e-01 3.221092e+00 7.771266e-02 1.864872e-03 1.877680e-03 -1.497788e-01
165.000 195.000 8.278496e+00 6.917358e+00 8.957297e-02 3.882516e+00 8.248709e+00 6.921919e+00 8.745781e-02 3.880025e+00 -5.489418e-02 2.965740e-03 3.853486e-04 3.720966e-02
165.000 225.000 3.281984e+00 0.000000e+00 1.000000e+00 2.000000e+00 3.306398e+00 0.000000e+00 1.000000e+00 2.000000e+00 -1.727922e-01 4.397584e-03 0.000000e+00 5.863947e-01
165.000 255.000 1.773448e+00 1.979537e+00 -5.491344e-02 1.934339e+00 1.803754e+00 1.940663e+00 -3.656344e-02 1.933756e+00 -2.443906e-01 4.956209e-03 -6.708940e-03 9.795417e-02
165.000 285.000 2.221318e+00 0.000000e+00 1.000000e+00 2.000000e+00 2.275289e+00 0.000000e+00 1.000000e+00 2.000000e+00 -2.505048e-01 4.387043e-03 0.000000e+00 6.252509e-01
165.000 315.000 2.114611e+00 1.945210e+00 4.172604e-02 2.013145e+00 2.168481e+00 1.899628e+00 6.608809e-02 2.012546e+00 -1.894965e-01 2.950087e-03 -8.558317e-03 1.148562e-01
165.000 345.000 1.560971e+00 8.565779e+00 -6.917133e-01 2.298137e+00 1.581700e+00 8.455090e+00 -6.848196e-01 2.308627e+00 -7.771267e-02 1.864872e-03 -2.116270e-03 -2.671731e-01
195.000 15.000 3.074769e+00 5.179574e+00 -2.549936e-01 2.778062e+00 3.019129e+00 5.247005e+00 -2.695185e-01 2.768696e+00 7.771264e-02 1.864871e-03 3.703291e-03 -1.197620e-01
195.000 45.000 6.447066e+00 6.751875e+00 -2.309342e-02 3.632066e+00 6.303900e+00 6.884043e+00 -4.399036e-02 3.628005e+00 1.894964e-01 2.950087e-03 4.070586e-03 -5.853137e-02
195.000 75.000 3.838850e+00 0.000000e+00 1.000000e+00 2.000000e+00 3.736891e+00 0.000000e+00 1.000000e+00 2.000000e+00 2.505048e-01 4.387043e-03 0.000000e+00 3.747467e-01
195.000 105.000 4.544137e+00 3.597562e+00 1.162625e-01 2.834016e+00 4.441193e+00 3.668089e+00 9.533568e-02 2.834709e+00 2.443906e-01 4.956209e-03 5.220747e-03 -4.521073e-02
195.000 135.000 3.232679e+00 1.901768e+00 2.592121e-01 2.188483e+00 3.200620e+00 1.929378e+00 2.478056e-01 2.194306e+00 1.727922e-01 4.397584e-03 3.680590e-03 3.948841e-02
195.000 165.000 8.107486e+00 6.775789e+00 8.947610e-02 3.842411e+00 8.115611e+00 6.777454e+00 8.985099e-02 3.843544e+00 5.489421e-02 2.965739e-03 -6.898045e-05 9.000047e-03
195.000 195.000 5.490887e+00 1.495210e+00 5.719470e-01 2.168129e+00 5.554483e+00 1.461657e+00 5.833445e-01 2.151421e+00 -7.771263e-02 1.864871e-03 -3.731506e-03 2.996406e-01
195.000 225.000 1.617642e+00 0.000000e+00 1.000000e+00 2.000000e+00 1.645978e+00 0.000000e+00 1.000000e+00 2.000000e+00 -1.894964e-01 2.950087e-03 0.000000e+00 5.947476e-01
195.000 255.000 3.833454e+00 1.086665e+01 -4.784452e-01 3.366764e+00 3.908214e+00 1.039756e+01 -4.536172e-01 3.370771e+00 -2.505048e-01 4.387043e-03 -5.211413e-03 -6.770304e-02
195.000 285.000 5.613885e+00 4.213949e+00 1.424460e-01 3.102969e+00 5.727580e+00 4.112586e+00 1.641226e-01 3.094367e+00 -2.443906e-01 4.956209e-03 -4.946538e-03 1.246664e-01
195.000 315.000 6.921699e+00 0.000000e+00 1.000000e+00 2.000000e+00 6.988068e+00 0.000000e+00 1.000000e+00 2.000000e+00 -1.727922e-01 4.397584e-03 0.000000e+00 5.863947e-01
195.000 345.000 1.515390e+00 3.484570e+00 -3.938391e-01 2.055339e+00 1.508966e+00 3.486185e+00 -3.958278e-01 2.052440e+00 -5.489422e-02 2.965740e-03 6.846450e-04 -1.649093e-01
225.000 15.000 2.749628e+01 2.873540e+01 -2.203598e-02 7.496958e+00 2.685518e+01 2.919300e+01 -4.171086e-02 7.480017e+00 9.579671e-02 3.913983e-03 1.857816e-03 -1.571740e-02
225.000 45.000 1.221380e+01 1.111073e+01 4.729214e-02 4.824145e+00 1.186000e+01 1.137517e+01 2.086616e-02 4.819237e+00 2.271206e-01 4.065164e-03 3.875402e-03 -3.727675e-02
225.000 75.000 2.032376e+01 4.008613e+00 6.705120e-01 3.659627e+00 1.925086e+01 4.105730e+00 6.484306e-01 3.679133e+00 2.975877e-01 3.902201e-03 4.255161e-03 1.019022e-01
225.000 105.000 1.636584e+01 1.123478e+01 1.859039e-01 5.162048e+00 1.592244e+01 1.147499e+01 1.623312e-01 5.164830e+00 2.883165e-01 3.566860e-03 3.228161e-03 -1.983953e-02
225.000 135.000 8.974596e+00 3.663667e+01 -6.064746e-01 5.369816e+00 8.806592e+00 3.760562e+01 -6.205054e-01 5.342496e+00 2.017910e-01 3.393552e-03 1.852304e-03 -1.505202e-01
225.000 165.000 6.703622e+00 1.352886e+01 -3.373405e-01 4.234389e+00 6.728878e+00 1.356821e+01 -3.369612e-01 4.241757e+00 6.119587e-02 3.579746e-03 -6.328553e-05 -9.411894e-02
225.000 195.000 1.497775e+01 1.580448e+01 -2.685723e-02 5.546172e+00 1.519487e+01 1.552274e+01 -1.067370e-02 5.542031e+00 -9.579669e-02 3.913983e-03 -2.064082e-03 1.243009e-02
225.000 225.000 1.913451e+01 8.392991e+00 3.902105e-01 4.830740e+00 1.960754e+01 8.150424e+00 4.127507e-01 4.798857e+00 -2.271206e-01 4.065164e-03 -3.310252e-03 1.277922e-01
225.000 255.000 6.632150e+00 2.247088e+01 -5.442295e-01 4.525829e+00 6.808978e+00 2.131606e+01 -5.158067e-01 4.543367e+00 -2.975877e-01 3.902201e-03 -4.432124e-03 -5.449647e-02
225.000 285.000 8.357843e+00 1.146347e+01 -1.566814e-01 4.397127e+00 8.547909e+00 1.110249e+01 -1.300017e-01 4.395259e+00 -2.883165e-01 3.566860e-03 -4.291303e-03 2.993661e-02
225.000 315.000 4.900381e+00 1.969928e+01 -6.015896e-01 3.961918e+00 4.965038e+00 1.897120e+01 -5.851447e-01 3.967443e+00 -2.017911e-01 3.393552e-03 -2.932976e-03 -1.009103e-01
225.000 345.000 1.156144e+01 6.820775e+00 2.578940e-01 4.142418e+00 1.150518e+01 6.822130e+00 2.555232e-01 4.138923e+00 -6.119588e-02 3.579746e-03 4.048745e-04 7.702984e-02
255.000 15.000 0.000000e+00 5.999549e+00 -1.000000e+00 2.000000e+00 0.000000e+00 6.046312e+00 -1.000000e+00 2.000000e+00 9.509501e-02 3.796488e-03 0.000000e+00 -5.475465e-01
255.000 45.000 4.126839e+01 1.983726e+01 3.507227e-01 7.320469e+00 3.942972e+01 2.001559e+01 3.265882e-01 7.287310e+00 2.542525e-01 3.691601e-03 2.336508e-03 1.317814e-02
255.000 75.000 3.268280e+00 2.607281e+01 -7.772217e-01 3.408360e+00 3.177356e+00 2.712242e+01 -7.902720e-01 3.372931e+00 3.452833e-01 3.638059e-03 2.721565e-03 -3.293386e-01
255.000 105.000 1.467658e+00 1.266457e+01 -7.922963e-01 2.293678e+00 1.423778e+00 1.353782e+01 -8.096757e-01 2.270056e+00 3.437956e-01 3.691671e-03 5.385461e-03 -4.953139e-01
255.000 135.000 0.000000e+00 0.000000e+00         -nan         -nan 0.000000e+00 0.000000e+00         -nan         -nan 2.501883e-01 3.796555e-03         -nan         -nan
255.000 165.000 1.166716e+01 7.250614e+00 2.334601e-01 4.229265e+00 1.160086e+01 7.384021e+00 2.221156e-01 4.248324e+00 8.954314e-02 3.847893e-03 1.892457e-03 3.402881e-02
255.000 195.000 4.611052e+00 1.224434e+00 5.803490e-01 1.967248e+00 4.650013e+00 1.216261e+00 5.853377e-01 1.963764e+00 -9.509499e-02 3.796488e-03 -1.794746e-03 3.433439e-01
255.000 225.000 1.429823e+00 2.475427e+01 -8.907869e-01 2.325291e+00 1.461687e+00 2.354685e+01 -8.831050e-01 2.346278e+00 -2.542525e-01 3.691601e-03 -2.325501e-03 -2.737436e-01
255.000 255.000 2.394539e+01 5.414285e+00 6.311754e-01 4.202773e+00 2.528429e+01 5.252760e+00 6.559747e-01 4.170956e+00 -3.452833e-01 3.638059e-03 -4.188235e-03 2.323367e-01
255.000 285.000 1.519772e+01 1.647685e+01 -4.038324e-02 5.623425e+00 1.625415e+01 1.520212e+01 3.344419e-02 5.605452e+00 -3.437956e-01 3.691671e-03 -9.298135e-03 5.395507e-02
255.000 315.000 1.750505e+01 1.616332e+01 3.985127e-02 5.797835e+00 1.808100e+01 1.541702e+01 7.952654e-02 5.769416e+00 -2.501883e-01 3.796555e-03 -4.850689e-03 5.002548e-02
255.000 345.000 9.686930e+00 5.773054e+00 2.531617e-01 3.803832e+00 9.754533e+00 5.754309e+00 2.579319e-01 3.804873e+00 -8.954316e-02 3.847893e-03 -8.866183e-04 9.009458e-02
285.000 15.000 3.847847e+01 0.000000e+00 1.000000e+00 2.000000e+00 3.938940e+01 0.000000e+00 1.000000e+00 2.000000e+00 1.007396e-01 3.847893e-03 0.000000e+00 4.496294e-01
285.000 45.000 1.365023e+01 1.625927e+01 -8.723112e-02 5.448111e+00 1.345261e+01 1.654643e+01 -1.031305e-01 5.447933e+00 2.801097e-01 3.796556e-03 2.063607e-03 -6.742534e-02
285.000 75.000 0.000000e+00 1.441689e+01 -1.000000e+00 2.000000e+00 0.000000e+00 1.469772e+01 -1.000000e+00 2.000000e+00 3.844246e-01 3.691671e-03 0.000000e+00 -6.922111e-01
285.000 105.000 5.176875e+00 0.000000e+00 1.000000e+00 2.000000e+00 4.943771e+00 0.000000e+00 1.000000e+00 2.000000e+00 3.857333e-01 3.638059e-03 0.000000e+00 3.071329e-01
285.000 135.000 4.982744e+01 0.000000e+00 1.000000e+00 2.000000e+00 4.664874e+01 0.000000e+00 1.000000e+00 2.000000e+00 2.836850e-01 3.691601e-03 0.000000e+00 3.581569e-01
285.000 165.000 1.122136e+01 3.909430e+01 -5.539615e-01 5.905517e+00 1.080662e+01 4.115439e+01 -5.840488e-01 5.851190e+00 1.056236e-01 3.796488e-03 3.619169e-03 -1.116896e-01
285.000 195.000 2.306407e+01 1.162060e+01 3.299286e-01 5.559600e+00 2.223450e+01 1.185869e+01 3.043368e-01 5.561964e+00 -1.007396e-01 3.847893e-03 3.254249e-03 7.746387e-02
285.000 225.000 0.000000e+00 0.000000e+00         -nan         -nan 0.000000e+00 0.000000e+00         -nan         -nan -2.801097e-01 3.796556e-03         -nan         -nan
285.000 255.000 0.000000e+00 4.166697e+01 -1.000000e+00 2.000000e+00 0.000000e+00 3.912740e+01 -1.000000e+00 2.000000e+00 -3.844246e-01 3.691671e-03 0.000000e+00 -3.077872e-01
285.000 285.000 0.000000e+00 0.000000e+00         -nan         -nan 0.000000e+00 0.000000e+00         -nan         -nan -3.857333e-01 3.638059e-03         -nan         -nan
285.000 315.000 8.305165e+00 2.157527e+01 -4.441068e-01 4.897662e+00 8.670016e+00 2.039255e+01 -4.033550e-01 4.932973e+00 -2.836850e-01 3.691601e-03 -5.862424e-03 -3.275476e-02
285.000 345.000 5.256323e+01 1.722467e+01 5.063709e-01 7.203713e+00 5.495622e+01 1.672839e+01 5.332780e-01 7.162301e+00 -1.056236e-01 3.796488e-03 -2.648768e-03 8.495541e-02
315.000 15.000 0.000000e+00 0.000000e+00         -nan         -nan 0.000000e+00 0.000000e+00         -nan         -nan 1.214473e-01 3.579745e-03         -nan         -nan
315.000 45.000 0.000000e+00 0.000000e+00         -nan         -nan 0.000000e+00 0.000000e+00         -nan         -nan 3.180710e-01 3.393552e-03         -nan         -nan
315.000 75.000 1.257257e+01 2.897000e+01 -3.947139e-01 5.922016e+00 1.216451e+01 2.954028e+01 -4.166374e-01 5.870723e+00 4.294679e-01 3.566860e-03 2.629092e-03 -1.391725e-01
315.000 105.000 4.552782e+01 0.000000e+00 1.000000e+00 2.000000e+00 4.332930e+01 0.000000e+00 1.000000e+00 2.000000e+00 4.257892e-01 3.902201e-03 0.000000e+00 2.871049e-01
315.000 135.000 0.000000e+00 0.000000e+00         -nan         -nan 0.000000e+00 0.000000e+00         -nan         -nan 3.080206e-01 4.065164e-03         -nan         -nan
315.000 165.000 2.412535e+01 0.000000e+00 1.000000e+00 2.000000e+00 2.292599e+01 0.000000e+00 1.000000e+00 2.000000e+00 1.077182e-01 3.913983e-03 0.000000e+00 4.461401e-01
315.000 195.000 0.000000e+00 1.953271e+01 -1.000000e+00 2.000000e+00 0.000000e+00 2.016723e+01 -1.000000e+00 2.000000e+00 -1.214473e-01 3.579745e-03 0.000000e+00 -4.392757e-01
315.000 225.000 9.846850e+00 0.000000e+00 1.000000e+00 2.000000e+00 9.781410e+00 0.000000e+00 1.000000e+00 2.000000e+00 -3.180710e-01 3.393552e-03 0.000000e+00 6.590346e-01
315.000 255.000 0.000000e+00 0.000000e+00         -nan         -nan 0.000000e+00 0.000000e+00         -nan         -nan -4.294679e-01 3.566860e-03         -nan         -nan
315.000 285.000 7.062970e+00 0.000000e+00 1.000000e+00 2.000000e+00 6.997371e+00 0.000000e+00 1.000000e+00 2.000000e+00 -4.257892e-01 3.902201e-03 0.000000e+00 7.128932e-01
315.000 315.000 1.783707e+01 0.000000e+00 1.000000e+00 2.000000e+00 1.848037e+01 0.000000e+00 1.000000e+00 2.000000e+00 -3.080206e-01 4.065164e-03 0.000000e+00 6.540090e-01
315.000 345.000 9.890934e+00 0.000000e+00 1.000000e+00 2.000000e+00 1.006982e+01 0.000000e+00 1.000000e+00 2.000000e+00 -1.077182e-01 3.913983e-03 0.000000e+00 5.538580e-01
345.000 15.000 0.000000e+00 0.000000e+00         -nan         -nan 0.000000e+00 0.000000e+00         -nan         -nan 1.305452e-01 2.965740e-03         -nan         -nan
345.000 45.000 0.000000e+00 0.000000e+00         -nan         -nan 0.000000e+00 0.000000e+00         -nan         -nan 3.442736e-01 4.397584e-03         -nan         -nan
345.000 75.000 0.000000e+00 0.000000e+00         -nan         -nan 0.000000e+00 0.000000e+00         -nan         -nan 4.657542e-01 4.956209e-03         -nan         -nan
345.000 105.000 0.000000e+00 0.000000e+00         -nan         -nan 0.000000e+00 0.000000e+00         -nan         -nan 4.624363e-01 4.387042e-03         -nan         -nan
345.000 135.000 0.000000e+00 0.000000e+00         -nan         -nan 0.000000e+00 0.000000e+00         -nan         -nan 3.352089e-01 2.950087e-03         -nan         -nan
345.000 165.000 0.000000e+00 0.000000e+00         -nan         -nan 0.000000e+00 0.000000e+00         -nan         -nan 1.181627e-01 1.864872e-03         -nan         -nan
345.000 195.000 0.000000e+00 0.000000e+00         -nan         -nan 0.000000e+00 0.000000e+00         -nan         -nan -1.305452e-01 2.965740e-03         -nan         -nan
345.000 225.000 0.000000e+00 0.000000e+00         -nan         -nan 0.000000e+00 0.000000e+00         -nan         -nan -3.442736e-01 4.397584e-03         -nan         -nan
345.000 255.000 0.000000e+00 0.000000e+00         -nan         -nan 0.000000e+00 0.000000e+00         -nan         -nan -4.657542e-01 4.956209e-03         -nan         -nan
345.000 285.000 0.000000e+00 0.000000e+00         -nan         -nan 0.000000e+00 0.000000e+00         -nan         -nan -4.624363e-01 4.387042e-03         -nan         -nan
345.000 315.000 0.000000e+00 0.000000e+00         -nan         -nan 0.000000e+00 0.000000e+00         -nan         -nan -3.352090e-01 2.950087e-03         -nan         -nan
345.000 345.000 0.000000e+00 0.000000e+00         -nan         -nan 0.000000e+00 0.000000e+00         -nan         -nan -1.181627e-01 1.864872e-03         -nan         -nan
