  #t  #Q2   A1M1_AVG      A_1M1     dA_1M1   A0P1_AVG      A_0P1     dA_0P1   A2M1_AVG      A_2M1     dA_2M1   A3M1_AVG      A_3M1     dA_3M1   A1P1_AVG      A_1P1     dA_1P1       Asym      Astat          t         tp         xb         Q2          W     Dilute
   7    0 -6.504e-02 -7.054e-02 2.4723e-03  4.048e-01  3.676e-01 2.4179e-03 -1.323e-02 -1.570e-02 2.4330e-03 -2.675e-03 -5.137e-03 2.4087e-03  4.111e-02  2.782e-02 2.4022e-03 7.6896e-03 8.4539e-03 1.0738e+00 1.3565e-01 5.8331e-01 7.0106e+00 2.2881e+00 5.1791e-01
   Phi   PhiS      N_U_avg      N_D_avg     Asym_avg    dAsym_avg      N_U_fit      N_D_fit     Asym_fit    dAsym_fit     Asym_cal    dAsym_cal     GOOD_fit     GOOD_cal
15.000 15.000 4.151882e+01 3.810641e+01 4.285587e-02 8.915099e+00 4.192529e+01 3.782646e+01 5.139495e-02 8.918581e+00 1.024199e-01 1.918660e-03 -6.771505e-04 -6.681255e-03
15.000 45.000 1.602769e+02 2.726251e+02 -2.595233e-01 2.009341e+01 1.635275e+02 2.695659e+02 -2.448396e-01 2.017749e+01 3.233587e-01 3.029132e-03 -5.156548e-04 -2.900862e-02
15.000 75.000 6.945839e+01 3.917146e+01 2.788085e-01 1.000928e+01 7.040128e+01 3.880539e+01 2.893220e-01 1.000326e+01 4.576538e-01 4.496619e-03 -7.429473e-04 -1.786795e-02
15.000 105.000 3.052275e+01 4.635472e+01 -2.059378e-01 8.580039e+00 3.106989e+01 4.608787e+01 -1.946400e-01 8.615954e+00 4.693210e-01 5.076332e-03 -9.291368e-04 -7.870112e-02
15.000 135.000 3.422344e+01 5.414027e+01 -2.253960e-01 9.158304e+00 3.431752e+01 5.393952e+01 -2.223279e-01 9.159395e+00 3.552339e-01 4.502750e-03 -2.368777e-04 -6.339928e-02
15.000 165.000 0.000000e+00 2.210157e+01 -1.000000e+00 2.000000e+00 0.000000e+00 2.210266e+01 -1.000000e+00 2.000000e+00 1.459623e-01 3.038225e-03 0.000000e+00 -5.729805e-01
15.000 195.000 4.834640e+01 4.143694e+02 -7.910320e-01 1.315978e+01 4.801272e+01 4.196432e+02 -7.946665e-01 1.312759e+01 -1.024199e-01 1.918660e-03 1.955297e-04 -5.232700e-02
15.000 225.000 5.398905e+01 1.325830e+02 -4.212525e-01 1.238806e+01 5.344147e+01 1.347844e+02 -4.321558e-01 1.237227e+01 -3.233587e-01 3.029132e-03 6.227528e-04 -7.902267e-03
15.000 255.000 7.764947e+01 2.565307e+01 5.033410e-01 8.782404e+00 7.704651e+01 2.620194e+01 4.924488e-01 8.843648e+00 -4.576538e-01 4.496619e-03 8.739230e-04 1.094227e-01
15.000 285.000 2.157390e+02 2.306450e+01 8.068329e-01 9.129479e+00 2.152256e+02 2.320012e+01 8.053891e-01 9.152623e+00 -4.693210e-01 5.076332e-03 1.116854e-04 1.397838e-01
15.000 315.000 3.820307e+01 8.107212e+00 6.498742e-01 5.172211e+00 3.809984e+01 8.086252e+00 6.498404e-01 5.165467e+00 -3.552340e-01 4.502750e-03 4.629439e-06 1.943285e-01
15.000 345.000 2.079906e+02 6.930766e+01 5.001219e-01 1.442012e+01 2.087300e+02 6.895783e+01 5.033427e-01 1.439911e+01 -1.459623e-01 3.038225e-03 -1.580531e-04 4.480435e-02
45.000 15.000 7.263692e+01 4.402844e+01 2.452183e-01 1.047139e+01 7.409058e+01 4.329725e+01 2.623213e-01 1.045515e+01 6.435090e-02 4.015215e-03 -1.155823e-03 1.727252e-02
45.000 45.000 5.860947e+01 8.702719e+01 -1.951275e-01 1.183603e+01 6.042485e+01 8.507618e+01 -1.694237e-01 1.188800e+01 2.715139e-01 4.177950e-03 -1.532226e-03 -3.942550e-02
45.000 75.000 7.045771e+01 3.413719e+01 3.472494e-01 9.590758e+00 7.280930e+01 3.333599e+01 3.718800e-01 9.563783e+00 4.059249e-01 4.007308e-03 -1.818519e-03 -6.117923e-03
45.000 105.000 1.788336e+01 1.019883e+02 -7.016249e-01 7.801381e+00 1.831934e+01 1.003578e+02 -6.912742e-01 7.871853e+00 4.315687e-01 3.650815e-03 -9.339475e-04 -1.452555e-01
45.000 135.000 7.192805e+01 7.527980e+01 -2.276880e-02 1.212978e+01 7.248148e+01 7.479054e+01 -1.567887e-02 1.213408e+01 3.415740e-01 3.463399e-03 -4.132354e-04 -3.003705e-02
45.000 165.000 4.460972e+01 7.974938e+01 -2.825661e-01 1.069719e+01 4.428451e+01 8.009227e+01 -2.878974e-01 1.068025e+01 1.600549e-01 3.659492e-03 3.526935e-04 -4.137732e-02
45.000 195.000 1.131234e+02 7.922190e+01 1.762535e-01 1.365174e+01 1.112343e+02 8.088310e+01 1.579828e-01 1.368658e+01 -6.435088e-02 4.015215e-03 9.451440e-04 1.762444e-02
45.000 225.000 1.799776e+02 1.178402e+02 2.086425e-01 1.687760e+01 1.762076e+02 1.217388e+02 1.828141e-01 1.697023e+01 -2.715139e-01 4.177950e-03 1.079144e-03 2.844933e-02
45.000 255.000 7.314658e+01 3.432961e+01 3.611681e-01 9.667303e+00 7.155377e+01 3.540869e+01 3.379231e-01 9.733869e+00 -4.059249e-01 4.007308e-03 1.694394e-03 7.934922e-02
45.000 285.000 1.000325e+02 9.094278e+01 4.759624e-02 1.380372e+01 9.830887e+01 9.331826e+01 2.604333e-02 1.383825e+01 -4.315687e-01 3.650815e-03 1.102685e-03 3.471274e-02
45.000 315.000 1.137913e+02 5.426819e+01 3.541786e-01 1.212343e+01 1.130422e+02 5.465882e+01 3.481397e-01 1.213983e+01 -3.415741e-01 3.463399e-03 3.519852e-04 5.738907e-02
45.000 345.000 6.997865e+01 4.376702e+01 2.304407e-01 1.037812e+01 7.039940e+01 4.330894e+01 2.382451e-01 1.035636e+01 -1.600549e-01 3.659492e-03 -5.323095e-04 3.762680e-02
75.000 15.000 1.815035e+02 1.935044e+02 -3.200178e-02 1.935520e+01 1.843036e+02 1.905763e+02 -1.673256e-02 1.935911e+01 5.333937e-02 3.893147e-03 -5.577767e-04 -4.409210e-03
75.000 45.000 1.136309e+02 1.756868e+02 -2.144903e-01 1.661347e+01 1.166212e+02 1.725231e+02 -1.933355e-01 1.668342e+01 2.335902e-01 3.781808e-03 -8.985026e-04 -2.697092e-02
75.000 75.000 1.465753e+02 1.471125e+02 -1.829463e-03 1.713729e+01 1.513008e+02 1.446155e+02 2.259218e-02 1.719783e+01 3.512508e-01 3.724336e-03 -1.005890e-03 -2.060303e-02
75.000 105.000 1.467997e+02 1.845219e+02 -1.138539e-01 1.808388e+01 1.502600e+02 1.812571e+02 -9.350084e-02 1.812785e+01 3.747940e-01 3.780715e-03 -7.948665e-04 -2.702118e-02
75.000 135.000 9.485131e+01 2.087619e+02 -3.751834e-01 1.615165e+01 9.589509e+01 2.070132e+02 -3.668375e-01 1.619092e+01 2.979114e-01 3.892085e-03 -3.649329e-04 -4.167343e-02
75.000 165.000 1.551487e+02 1.817498e+02 -7.895897e-02 1.829749e+01 1.546963e+02 1.821042e+02 -8.137709e-02 1.829126e+01 1.412038e-01 3.947116e-03 9.346400e-05 -1.203240e-02
75.000 195.000 1.351013e+02 1.267480e+02 3.190114e-02 1.617352e+01 1.333077e+02 1.287370e+02 1.744241e-02 1.618533e+01 -5.333935e-02 3.893147e-03 6.319052e-04 5.270373e-03
75.000 225.000 2.226873e+02 1.073337e+02 3.495340e-01 1.702060e+01 2.183417e+02 1.101589e+02 3.293230e-01 1.711355e+01 -2.335902e-01 3.781808e-03 8.373628e-04 3.425990e-02
75.000 255.000 1.868465e+02 1.630392e+02 6.804294e-02 1.866188e+01 1.830603e+02 1.670246e+02 4.580530e-02 1.869092e+01 -3.512508e-01 3.724336e-03 8.419387e-04 2.246793e-02
75.000 285.000 1.685396e+02 1.070255e+02 2.232290e-01 1.618126e+01 1.661828e+02 1.098018e+02 2.042907e-01 1.626242e+01 -3.747940e-01 3.780715e-03 8.255172e-04 3.695774e-02
75.000 315.000 1.492101e+02 1.708628e+02 -6.764925e-02 1.784960e+01 1.481792e+02 1.734831e+02 -7.866579e-02 1.787937e+01 -2.979114e-01 3.892085e-03 4.360532e-04 1.290014e-02
75.000 345.000 1.771777e+02 1.541635e+02 6.945781e-02 1.815882e+01 1.775126e+02 1.538540e+02 7.139689e-02 1.815702e+01 -1.412038e-01 3.947116e-03 -7.551193e-05 1.160106e-02
105.000 15.000 1.514831e+02 1.695496e+02 -5.627622e-02 1.788899e+01 1.527814e+02 1.681306e+02 -4.782992e-02 1.789351e+01 5.720694e-02 3.947116e-03 -3.338190e-04 -6.343743e-03
105.000 45.000 1.322732e+02 1.296741e+02 9.922195e-03 1.618399e+01 1.330398e+02 1.287456e+02 1.640323e-02 1.617761e+01 2.138266e-01 3.892085e-03 -2.832236e-04 -1.259914e-02
105.000 75.000 1.471430e+02 1.678616e+02 -6.577247e-02 1.770994e+01 1.475071e+02 1.673139e+02 -6.291455e-02 1.770805e+01 3.131515e-01 3.780715e-03 -1.141146e-04 -2.139612e-02
105.000 105.000 1.359253e+02 1.680081e+02 -1.055586e-01 1.733629e+01 1.349294e+02 1.682431e+02 -1.098834e-01 1.730641e+01 3.285678e-01 3.724335e-03 1.765545e-04 -2.504149e-02
105.000 135.000 1.516681e+02 1.589649e+02 -2.349032e-02 1.761992e+01 1.509081e+02 1.594362e+02 -2.747950e-02 1.760994e+01 2.559446e-01 3.781808e-03 1.601354e-04 -1.585903e-02
105.000 165.000 1.545905e+02 1.228771e+02 1.142955e-01 1.654820e+01 1.532998e+02 1.238990e+02 1.060641e-01 1.655537e+01 1.147413e-01 3.893147e-03 3.516551e-04 -2.693407e-05
105.000 195.000 1.865603e+02 1.028379e+02 2.892979e-01 1.628427e+01 1.851512e+02 1.035627e+02 2.825930e-01 1.629900e+01 -5.720692e-02 3.947116e-03 2.910162e-04 2.127850e-02
105.000 225.000 2.021673e+02 1.154529e+02 2.730128e-01 1.714485e+01 2.011762e+02 1.153480e+02 2.711586e-01 1.712458e+01 -2.138265e-01 3.892085e-03 7.652091e-05 2.839565e-02
105.000 255.000 1.891263e+02 1.231681e+02 2.112051e-01 1.727321e+01 1.886270e+02 1.238757e+02 2.072025e-01 1.729410e+01 -3.131515e-01 3.780715e-03 1.637570e-04 3.035664e-02
105.000 285.000 1.997531e+02 1.390431e+02 1.791935e-01 1.810849e+01 1.995400e+02 1.393898e+02 1.774708e-01 1.811781e+01 -3.285678e-01 3.724335e-03 6.725132e-05 2.803996e-02
105.000 315.000 2.294321e+02 1.386164e+02 2.467492e-01 1.859139e+01 2.306040e+02 1.383571e+02 2.500179e-01 1.859833e+01 -2.559446e-01 3.781808e-03 -1.243004e-04 2.703906e-02
105.000 345.000 1.320037e+02 1.195491e+02 4.951083e-02 1.584097e+01 1.328352e+02 1.187216e+02 5.610501e-02 1.583556e+01 -1.147413e-01 3.893147e-03 -2.944006e-04 1.036882e-02
135.000 15.000 3.410069e+01 2.229204e+01 2.094003e-01 7.343023e+00 3.428955e+01 2.216094e+01 2.148541e-01 7.337888e+00 6.055898e-02 3.659492e-03 -5.253614e-04 2.026976e-02
135.000 45.000 2.813836e+01 3.049509e+01 -4.019445e-02 7.651060e+00 2.792728e+01 3.065126e+01 -4.650128e-02 7.645382e+00 2.004940e-01 3.463399e-03 5.830902e-04 -3.145818e-02
135.000 75.000 2.070213e+01 3.631318e+01 -2.738044e-01 7.262296e+00 2.010014e+01 3.690008e+01 -2.947347e-01 7.214478e+00 2.867069e-01 3.650815e-03 2.044628e-03 -7.718100e-02
135.000 105.000 2.558630e+01 4.597777e+01 -2.849401e-01 8.108867e+00 2.533956e+01 4.679132e+01 -2.974004e-01 8.108707e+00 2.960968e-01 4.007308e-03 1.086573e-03 -7.165450e-02
135.000 135.000 2.475332e+01 3.890661e+01 -2.223264e-01 7.779028e+00 2.402441e+01 3.969453e+01 -2.459257e-01 7.737264e+00 2.261479e-01 4.177950e-03 2.150915e-03 -5.765171e-02
135.000 165.000 2.777951e+01 1.517124e+01 2.935518e-01 6.264947e+00 2.739613e+01 1.539027e+01 2.805999e-01 6.278341e+00 9.560281e-02 4.015215e-03 1.460289e-03 3.159627e-02
135.000 195.000 2.956524e+01 4.245613e+01 -1.789871e-01 8.349495e+00 2.958867e+01 4.253502e+01 -1.795020e-01 8.354627e+00 -6.055897e-02 3.659492e-03 4.359150e-05 -1.418387e-02
135.000 225.000 3.590455e+01 3.244092e+01 5.067820e-02 8.256509e+00 3.613633e+01 3.215396e+01 5.831529e-02 8.249731e+00 -2.004940e-01 3.463399e-03 -6.543266e-04 3.042111e-02
135.000 255.000 4.386284e+01 3.469225e+01 1.167409e-01 8.802529e+00 4.460387e+01 3.388986e+01 1.364951e-01 8.776748e+00 -2.867069e-01 3.650815e-03 -1.589179e-03 4.583316e-02
135.000 285.000 3.613920e+01 2.232636e+01 2.362560e-01 7.429818e+00 3.681882e+01 2.177767e+01 2.566902e-01 7.398350e+00 -2.960968e-01 4.007308e-03 -1.948875e-03 7.165084e-02
135.000 315.000 3.288643e+01 1.902139e+01 2.671088e-01 6.942935e+00 3.342750e+01 1.854188e+01 2.864305e-01 6.906930e+00 -2.261479e-01 4.177950e-03 -1.972932e-03 7.104440e-02
135.000 345.000 2.197711e+01 4.567856e+01 -3.503246e-01 7.704056e+00 2.219215e+01 4.515453e+01 -3.409579e-01 7.714757e+00 -9.560282e-02 4.015215e-03 -8.591100e-04 -3.306333e-02
165.000 15.000 0.000000e+00 0.000000e+00 -1.000000e+01 0.000000e+00 0.000000e+00 0.000000e+00 -1.000000e+01 0.000000e+00 6.652468e-02 3.038225e-03 -1.000000e+01 -3.313291e+03
165.000 45.000 1.619826e+00 0.000000e+00 1.000000e+00 2.000000e+00 1.581542e+00 0.000000e+00 1.000000e+00 2.000000e+00 1.949611e-01 4.502750e-03 0.000000e+00 4.025185e-01
165.000 75.000 2.055732e+00 0.000000e+00 1.000000e+00 2.000000e+00 2.001074e+00 0.000000e+00 1.000000e+00 2.000000e+00 2.711578e-01 5.076331e-03 0.000000e+00 3.644199e-01
165.000 105.000 0.000000e+00 1.644451e+00 -1.000000e+00 2.000000e+00 0.000000e+00 1.698083e+00 -1.000000e+00 2.000000e+00 2.746980e-01 4.496619e-03 0.000000e+00 -6.373474e-01
165.000 135.000 0.000000e+00 2.170029e+00 -1.000000e+00 2.000000e+00 0.000000e+00 2.232190e+00 -1.000000e+00 2.000000e+00 2.046331e-01 3.029132e-03 0.000000e+00 -6.023159e-01
165.000 165.000 4.168118e+00 3.439163e+00 9.582340e-02 2.745438e+00 4.134877e+00 3.489443e+00 8.465471e-02 2.751305e+00 7.973694e-02 1.918660e-03 2.873503e-03 5.859343e-03
165.000 195.000 1.884941e+00 3.194148e+00 -2.577641e-01 2.177527e+00 1.894199e+00 3.187972e+00 -2.545710e-01 2.180095e+00 -6.652467e-02 3.038225e-03 -1.036277e-03 -8.782406e-02
165.000 225.000 4.092962e+00 0.000000e+00 1.000000e+00 2.000000e+00 4.158914e+00 0.000000e+00 1.000000e+00 2.000000e+00 -1.949610e-01 4.502750e-03 0.000000e+00 5.974790e-01
165.000 255.000 1.939681e+00 1.774269e+00 4.453808e-02 1.925249e+00 1.989581e+00 1.728356e+00 7.026069e-02 1.923430e+00 -2.711578e-01 5.076331e-03 -9.451883e-03 1.639761e-01
165.000 285.000 0.000000e+00 1.510275e+00 -1.000000e+00 2.000000e+00 0.000000e+00 1.583333e+00 -1.000000e+00 2.000000e+00 -2.746980e-01 4.496619e-03 0.000000e+00 -3.626501e-01
165.000 315.000 5.118897e+00 1.261231e+00 6.046377e-01 2.011874e+00 5.199995e+00 1.227259e+00 6.181078e-01 1.992906e+00 -2.046331e-01 3.029132e-03 -4.756680e-03 4.022467e-01
165.000 345.000 0.000000e+00 0.000000e+00 -1.000000e+01 0.000000e+00 0.000000e+00 0.000000e+00 -1.000000e+01 0.000000e+00 -7.973695e-02 1.918660e-03 -1.000000e+01 -5.170412e+03
195.000 15.000 1.205351e+00 4.017092e+00 -5.383957e-01 1.925776e+00 1.183340e+00 4.065025e+00 -5.490635e-01 1.914716e+00 7.973692e-02 1.918659e-03 3.928246e-03 -3.209783e-01
195.000 45.000 0.000000e+00 1.335074e+00 -1.000000e+00 2.000000e+00 0.000000e+00 1.355977e+00 -1.000000e+00 2.000000e+00 2.046331e-01 3.029132e-03 0.000000e+00 -6.023158e-01
195.000 75.000 3.446755e+00 0.000000e+00 1.000000e+00 2.000000e+00 3.255832e+00 0.000000e+00 1.000000e+00 2.000000e+00 2.746980e-01 4.496619e-03 0.000000e+00 3.626501e-01
195.000 105.000 1.423028e+00 3.664747e+00 -4.406088e-01 2.024859e+00 1.376242e+00 3.761438e+00 -4.642555e-01 2.007570e+00 2.711578e-01 5.076332e-03 8.293044e-03 -3.515130e-01
195.000 135.000 1.621882e+00 1.608483e+00 4.147712e-03 1.797306e+00 1.616898e+00 1.617708e+00 -2.501723e-04 1.798501e+00 1.949611e-01 4.502750e-03 1.729667e-03 -1.061660e-01
195.000 165.000 2.125773e+00 4.000996e+00 -3.060704e-01 2.356442e+00 2.103657e+00 4.050459e+00 -3.163413e-01 2.353351e+00 6.652470e-02 3.038225e-03 3.084060e-03 -1.581175e-01
195.000 195.000 5.819079e+00 0.000000e+00 1.000000e+00 2.000000e+00 5.916123e+00 0.000000e+00 1.000000e+00 2.000000e+00 -7.973690e-02 1.918659e-03 0.000000e+00 5.398682e-01
195.000 225.000 0.000000e+00 3.353023e+00 -1.000000e+00 2.000000e+00 0.000000e+00 3.252276e+00 -1.000000e+00 2.000000e+00 -2.046331e-01 3.029132e-03 0.000000e+00 -3.976830e-01
195.000 255.000 1.528143e+00 1.835309e+00 -9.132452e-02 1.826308e+00 1.562531e+00 1.773646e+00 -6.328037e-02 1.822860e+00 -2.746980e-01 4.496619e-03 -1.086834e-02 1.004064e-01
195.000 285.000 2.799446e+00 0.000000e+00 1.000000e+00 2.000000e+00 2.654024e+00 0.000000e+00 1.000000e+00 2.000000e+00 -2.711578e-01 5.076332e-03 0.000000e+00 6.355768e-01
195.000 315.000 1.358724e+00 1.484341e+00 -4.418361e-02 1.684492e+00 1.374985e+00 1.446611e+00 -2.538497e-02 1.679219e+00 -1.949611e-01 4.502750e-03 -7.903548e-03 8.950883e-02
195.000 345.000 3.307150e+00 2.328824e+00 1.735859e-01 2.337980e+00 3.333273e+00 2.297335e+00 1.839833e-01 2.332383e+00 -6.652471e-02 3.038225e-03 -3.148381e-03 1.026999e-01
225.000 15.000 2.555258e+01 1.712745e+01 1.974020e-01 6.404443e+00 2.520451e+01 1.732819e+01 1.851826e-01 6.408912e+00 9.560279e-02 4.015215e-03 1.348663e-03 1.589509e-02
225.000 45.000 2.120975e+01 3.439551e+01 -2.371314e-01 7.244205e+00 2.068314e+01 3.501239e+01 -2.572783e-01 7.211721e+00 2.261479e-01 4.177950e-03 1.970950e-03 -6.395169e-02
225.000 75.000 1.720510e+01 2.087708e+01 -9.642240e-02 6.142322e+00 1.682371e+01 2.133366e+01 -1.181935e-01 6.133867e+00 2.960968e-01 4.007308e-03 2.508030e-03 -6.390403e-02
225.000 105.000 4.713094e+01 4.240702e+01 5.275881e-02 9.449271e+00 4.584784e+01 4.294153e+01 3.273270e-02 9.417762e+00 2.867069e-01 3.650815e-03 1.501093e-03 -2.475831e-02
225.000 135.000 2.190203e+01 4.112931e+01 -3.050431e-01 7.560833e+00 2.173526e+01 4.151367e+01 -3.127074e-01 7.554077e+00 2.004940e-01 3.463399e-03 7.170988e-04 -6.686262e-02
225.000 165.000 3.162333e+01 2.907103e+01 4.205168e-02 7.783768e+00 3.182057e+01 2.897928e+01 4.673197e-02 7.788907e+00 6.055900e-02 3.659492e-03 -4.250350e-04 -2.377681e-03
225.000 195.000 3.201179e+01 3.563925e+01 -5.362013e-02 8.213193e+00 3.239376e+01 3.515974e+01 -4.094499e-02 8.212202e+00 -9.560277e-02 4.015215e-03 -1.091320e-03 5.111609e-03
225.000 225.000 4.406374e+01 3.600368e+01 1.006660e-01 8.902586e+00 4.488267e+01 3.527536e+01 1.198546e-01 8.888563e+00 -2.261479e-01 4.177950e-03 -1.525297e-03 3.670998e-02
225.000 255.000 3.113097e+01 3.101984e+01 1.787985e-03 7.883566e+00 3.180155e+01 3.027442e+01 2.460091e-02 7.876446e+00 -2.960968e-01 4.007308e-03 -2.047102e-03 3.778554e-02
225.000 285.000 4.517504e+01 2.788996e+01 2.365712e-01 8.305170e+00 4.611658e+01 2.741700e+01 2.542999e-01 8.293267e+00 -2.867069e-01 3.650815e-03 -1.510514e-03 6.300630e-02
225.000 315.000 2.974206e+01 3.339841e+01 -5.790817e-02 7.932764e+00 3.005727e+01 3.298770e+01 -4.648150e-02 7.931504e+00 -2.004940e-01 3.463399e-03 -1.018626e-03 1.797430e-02
225.000 345.000 2.871988e+01 3.797589e+01 -1.387796e-01 8.087721e+00 2.868565e+01 3.813950e+01 -1.414715e-01 8.092447e+00 -6.055902e-02 3.659492e-03 2.352844e-04 -9.671519e-03
255.000 15.000 1.834431e+02 1.737120e+02 2.724630e-02 1.889153e+01 1.820562e+02 1.747846e+02 2.037776e-02 1.888631e+01 1.147412e-01 3.893147e-03 2.571239e-04 -4.631437e-03
255.000 45.000 1.448157e+02 1.308754e+02 5.056485e-02 1.658271e+01 1.446214e+02 1.315231e+02 4.743283e-02 1.659889e+01 2.559446e-01 3.781808e-03 1.334881e-04 -1.238517e-02
255.000 75.000 1.796584e+02 2.123503e+02 -8.339588e-02 1.973024e+01 1.794484e+02 2.138942e+02 -8.757190e-02 1.975667e+01 3.285678e-01 3.724336e-03 1.495630e-04 -2.087981e-02
255.000 105.000 1.693825e+02 1.800268e+02 -3.046376e-02 1.868382e+01 1.696136e+02 1.796059e+02 -2.861318e-02 1.867976e+01 3.131515e-01 3.780715e-03 -7.004450e-05 -1.839106e-02
255.000 135.000 1.642846e+02 2.403066e+02 -1.878982e-01 1.975619e+01 1.654062e+02 2.390988e+02 -1.821798e-01 1.977573e+01 2.138266e-01 3.892085e-03 -2.045715e-04 -2.033413e-02
255.000 165.000 1.412175e+02 1.628352e+02 -7.109867e-02 1.739298e+01 1.422574e+02 1.614397e+02 -6.316271e-02 1.739211e+01 5.720696e-02 3.947116e-03 -3.226424e-04 -7.376863e-03
255.000 195.000 1.563406e+02 1.577674e+02 -4.542587e-03 1.772291e+01 1.576043e+02 1.565055e+02 3.498178e-03 1.772304e+01 -1.147412e-01 3.893147e-03 -3.208085e-04 6.217863e-03
255.000 225.000 2.684180e+02 1.489305e+02 2.863017e-01 1.957394e+01 2.696104e+02 1.481478e+02 2.907486e-01 1.955615e+01 -2.559446e-01 3.781808e-03 -1.607182e-04 2.770246e-02
255.000 255.000 1.682669e+02 1.278464e+02 1.365034e-01 1.704687e+01 1.684537e+02 1.274585e+02 1.385384e-01 1.703622e+01 -3.285678e-01 3.724336e-03 -8.443752e-05 2.728191e-02
255.000 285.000 1.812865e+02 1.141902e+02 2.270780e-01 1.674039e+01 1.811367e+02 1.150741e+02 2.230257e-01 1.677728e+01 -3.131515e-01 3.780715e-03 1.709785e-04 3.227103e-02
255.000 315.000 1.665460e+02 1.611773e+02 1.638159e-02 1.810070e+01 1.651912e+02 1.624870e+02 8.252513e-03 1.810127e+01 -2.138266e-01 3.892085e-03 3.175589e-04 1.271819e-02
255.000 345.000 1.718400e+02 1.261605e+02 1.532869e-01 1.705868e+01 1.705784e+02 1.273362e+02 1.451498e-01 1.707741e+01 -5.720697e-02 3.947116e-03 3.371063e-04 1.233940e-02
285.000 15.000 1.352651e+02 1.707177e+02 -1.158646e-01 1.737456e+01 1.347457e+02 1.714590e+02 -1.198978e-01 1.737247e+01 1.412037e-01 3.947116e-03 1.641518e-04 -1.479568e-02
285.000 45.000 1.357300e+02 1.832942e+02 -1.490927e-01 1.766162e+01 1.373806e+02 1.815589e+02 -1.385161e-01 1.768672e+01 2.979114e-01 3.892085e-03 -4.231481e-04 -2.530935e-02
285.000 75.000 2.124082e+02 1.362412e+02 2.184631e-01 1.822113e+01 2.180383e+02 1.340085e+02 2.386892e-01 1.822059e+01 3.747940e-01 3.780715e-03 -7.849241e-04 -8.579646e-03
285.000 105.000 1.101025e+02 2.733841e+02 -4.257816e-01 1.771904e+01 1.138199e+02 2.683593e+02 -4.043637e-01 1.787985e+01 3.512508e-01 3.724335e-03 -8.508445e-04 -4.385296e-02
285.000 135.000 2.781890e+02 1.604443e+02 2.684353e-01 2.017490e+01 2.844476e+02 1.569186e+02 2.889416e-01 2.011263e+01 2.335903e-01 3.781808e-03 -7.198308e-04 1.727150e-03
285.000 165.000 1.410499e+02 1.722594e+02 -9.961225e-02 1.761251e+01 1.432336e+02 1.700198e+02 -8.550970e-02 1.763414e+01 5.333939e-02 3.893147e-03 -5.658412e-04 -8.684261e-03
285.000 195.000 2.065772e+02 1.663858e+02 1.077624e-01 1.919979e+01 2.066748e+02 1.656170e+02 1.102840e-01 1.917717e+01 -1.412037e-01 3.947116e-03 -9.292094e-05 1.296713e-02
285.000 225.000 1.830146e+02 1.749910e+02 2.241209e-02 1.891628e+01 1.816727e+02 1.769303e+02 1.322472e-02 1.893516e+01 -2.979114e-01 3.892085e-03 3.432603e-04 1.693374e-02
285.000 255.000 3.137713e+02 1.664427e+02 3.067977e-01 2.085699e+01 3.084784e+02 1.706215e+02 2.877413e-01 2.096265e+01 -3.747940e-01 3.780715e-03 6.444252e-04 3.267929e-02
285.000 285.000 2.648750e+02 1.592055e+02 2.491734e-01 1.994368e+01 2.596368e+02 1.635703e+02 2.269965e-01 2.003498e+01 -3.512508e-01 3.724335e-03 7.844890e-04 3.010599e-02
285.000 315.000 1.927773e+02 1.674309e+02 7.036600e-02 1.893211e+01 1.890235e+02 1.712715e+02 4.927092e-02 1.895838e+01 -2.335903e-01 3.781808e-03 7.873464e-04 1.605507e-02
285.000 345.000 1.429852e+02 1.160174e+02 1.041217e-01 1.600608e+01 1.409909e+02 1.178044e+02 8.959402e-02 1.602242e+01 -5.333941e-02 3.893147e-03 6.414673e-04 9.837580e-03
315.000 15.000 1.869168e+02 6.990360e+01 4.556227e-01 1.426557e+01 1.860669e+02 7.033806e+01 4.513517e-01 1.428882e+01 1.600548e-01 3.659492e-03 2.115261e-04 2.071896e-02
315.000 45.000 7.809893e+01 2.830503e+02 -5.674977e-01 1.564736e+01 7.879035e+01 2.803601e+02 -5.612404e-01 1.568507e+01 3.415740e-01 3.463399e-03 -2.824291e-04 -5.809746e-02
315.000 75.000 4.518338e+01 2.101137e+02 -6.460329e-01 1.219617e+01 4.649499e+01 2.079208e+02 -6.344960e-01 1.232849e+01 4.315687e-01 3.650815e-03 -6.652642e-04 -8.835571e-02
315.000 105.000 3.607056e+01 4.094588e+02 -8.380778e-01 1.151525e+01 3.735134e+01 4.012476e+02 -8.296788e-01 1.169110e+01 4.059249e-01 4.007308e-03 -5.118214e-04 -1.080309e-01
315.000 135.000 6.492416e+01 4.855197e+02 -7.641025e-01 1.513492e+01 6.695594e+01 4.748408e+02 -7.528374e-01 1.532076e+01 2.715139e-01 4.177950e-03 -5.230858e-04 -6.842563e-02
315.000 165.000 2.607907e+02 9.729888e+01 4.565668e-01 1.683581e+01 2.656759e+02 9.542713e+01 4.714687e-01 1.675816e+01 6.435092e-02 4.015215e-03 -6.273255e-04 2.329652e-02
315.000 195.000 2.350389e+02 2.142724e+02 4.621844e-02 2.117431e+01 2.365779e+02 2.129103e+02 5.265471e-02 2.117173e+01 -1.600548e-01 3.659492e-03 -2.149495e-04 9.741674e-03
315.000 225.000 3.048335e+02 9.340877e+01 5.308948e-01 1.691148e+01 3.028562e+02 9.438670e+01 5.247909e-01 1.696585e+01 -3.415740e-01 3.463399e-03 2.548062e-04 5.159034e-02
315.000 255.000 2.916209e+02 5.929598e+01 6.620512e-01 1.403944e+01 2.884341e+02 6.083641e+01 6.516373e-01 1.417601e+01 -4.315687e-01 3.650815e-03 5.219564e-04 7.789625e-02
315.000 285.000 1.039171e+02 1.963808e+02 -3.079065e-01 1.648720e+01 1.016803e+02 2.019073e+02 -3.301417e-01 1.644684e+01 -4.059249e-01 4.007308e-03 9.547964e-04 5.945123e-03
315.000 315.000 7.792578e+01 6.606023e+01 8.240765e-02 1.195860e+01 7.635945e+01 6.823066e+01 5.621954e-02 1.200554e+01 -2.715139e-01 4.177950e-03 1.545455e-03 2.959556e-02
315.000 345.000 8.235816e+01 2.896955e+01 4.795626e-01 9.258755e+00 8.106970e+01 2.966119e+01 4.642652e-01 9.320070e+00 -6.435094e-02 4.015215e-03 1.164424e-03 5.874586e-02
345.000 15.000 2.730501e+01 3.406106e+01 -1.100941e-01 7.786030e+00 2.721199e+01 3.424099e+01 -1.143801e-01 7.787747e+00 1.459622e-01 3.038226e-03 3.891946e-04 -3.288664e-02
345.000 45.000 2.730503e+01 3.139041e+02 -8.399513e-01 1.002396e+01 2.741475e+01 3.107345e+02 -8.378541e-01 1.003836e+01 3.552339e-01 4.502750e-03 -1.478330e-04 -1.192328e-01
345.000 75.000 2.259469e+01 1.391425e+01 2.377620e-01 5.868991e+00 2.273426e+01 1.387399e+01 2.420293e-01 5.870588e+00 4.693210e-01 5.076331e-03 -5.140625e-04 -3.945463e-02
345.000 105.000 7.198314e+01 8.969266e+01 -1.095373e-01 1.263867e+01 7.337619e+01 8.863967e+01 -9.420979e-02 1.267193e+01 4.576538e-01 4.496619e-03 -8.564110e-04 -4.487744e-02
345.000 135.000 1.930887e+01 6.522488e+01 -5.431677e-01 7.719693e+00 1.956547e+01 6.439716e+01 -5.339481e-01 7.747570e+00 3.233587e-01 3.029132e-03 -8.429781e-04 -1.122488e-01
345.000 165.000 3.848919e+01 1.909756e+01 3.367377e-01 7.145408e+00 3.886714e+01 1.896836e+01 3.440582e-01 7.140670e+00 1.024199e-01 1.918660e-03 -7.246710e-04 3.279278e-02
345.000 195.000 7.384862e+01 1.827281e+02 -4.243546e-01 1.450425e+01 7.409752e+01 1.809729e+02 -4.190034e-01 1.450135e+01 -1.459622e-01 3.038225e-03 -2.609069e-04 -1.919385e-02
345.000 225.000 2.098499e+01 6.320533e+00 5.370509e-01 4.407943e+00 2.108187e+01 6.247498e+00 5.427997e-01 4.390589e+00 -3.552339e-01 4.502750e-03 -9.240292e-04 2.024265e-01
345.000 255.000 2.967314e+02 1.361448e+02 3.709759e-01 1.932104e+01 2.952301e+02 1.351731e+02 3.718769e-01 1.925829e+01 -4.693210e-01 5.076331e-03 -3.302885e-05 4.349129e-02
345.000 285.000 5.252771e+02 1.675585e+02 5.163108e-01 2.254200e+01 5.172704e+02 1.696264e+02 5.061080e-01 2.260423e+01 -4.576538e-01 4.496619e-03 3.196053e-04 4.320667e-02
345.000 315.000 5.756043e+01 1.661572e+02 -4.854188e-01 1.307680e+01 5.691994e+01 1.668149e+02 -4.911840e-01 1.302905e+01 -3.233588e-01 3.029132e-03 3.123110e-04 -1.239294e-02
345.000 345.000 4.433806e+01 1.746719e+02 -5.951045e-01 1.189318e+01 4.397681e+01 1.769601e+02 -6.019061e-01 1.186985e+01 -1.024200e-01 1.918660e-03 4.047838e-04 -4.142581e-02
