  #t  #Q2   A1M1_AVG      A_1M1     dA_1M1   A0P1_AVG      A_0P1     dA_0P1   A2M1_AVG      A_2M1     dA_2M1   A3M1_AVG      A_3M1     dA_3M1   A1P1_AVG      A_1P1     dA_1P1       Asym      Astat          t         tp         xb         Q2          W     Dilute
   4    0 -6.053e-02 -3.475e-02 2.8881e-03  4.065e-01  3.484e-01 2.8319e-03 -1.083e-02  6.091e-03 2.8531e-03 -6.932e-04  1.240e-02 2.7722e-03  2.732e-02  2.019e-02 2.7616e-03 -2.9291e-03 2.0797e-03 4.4636e-01 5.3650e-02 4.7118e-01 5.7705e+00 2.6993e+00 7.0642e-01
   Phi   PhiS      N_U_avg      N_D_avg     Asym_avg    dAsym_avg      N_U_fit      N_D_fit     Asym_fit    dAsym_fit     Asym_cal    dAsym_cal     GOOD_fit     GOOD_cal
15.000 15.000 4.667825e+02 6.273497e+02 -1.467530e-01 3.271954e+01 4.685689e+02 6.232929e+02 -1.417066e-01 3.270988e+01 1.080440e-01 2.215939e-03 -1.090733e-04 -7.787304e-03
15.000 45.000 6.974125e+02 7.129430e+02 -1.101175e-02 3.755242e+01 7.191800e+02 6.999904e+02 1.352174e-02 3.766843e+01 2.796396e-01 3.515711e-03 -4.612491e-04 -7.739882e-03
15.000 75.000 6.837521e+02 1.096268e+03 -2.317480e-01 4.104169e+01 7.116549e+02 1.062824e+03 -1.979000e-01 4.129144e+01 3.763060e-01 5.230304e-03 -5.813958e-04 -1.481552e-02
15.000 105.000 7.103932e+02 9.966787e+02 -1.677056e-01 4.073156e+01 7.465540e+02 9.696910e+02 -1.300147e-01 4.107595e+01 3.721414e-01 5.907800e-03 -6.515602e-04 -1.325378e-02
15.000 135.000 7.054118e+02 8.312764e+02 -8.190637e-02 3.906890e+01 7.300317e+02 8.103976e+02 -5.217107e-02 3.919485e+01 2.682619e-01 5.239491e-03 -5.373115e-04 -8.962840e-03
15.000 165.000 8.453122e+02 7.729104e+02 4.474156e-02 4.018685e+01 8.598777e+02 7.615160e+02 6.066491e-02 4.019237e+01 9.250187e-02 3.529363e-03 -2.801598e-04 -1.188456e-03
15.000 195.000 6.828280e+02 7.704764e+02 -6.030969e-02 3.805284e+01 6.805874e+02 7.751386e+02 -6.495126e-02 3.807341e+01 -1.080440e-01 2.215939e-03 8.622736e-05 1.254422e-03
15.000 225.000 9.765095e+02 6.567829e+02 1.957559e-01 3.963211e+01 9.598890e+02 6.743499e+02 1.747230e-01 3.980388e+01 -2.796396e-01 3.515711e-03 3.744514e-04 1.199521e-02
15.000 255.000 1.171711e+03 4.618067e+02 4.345863e-01 3.640059e+01 1.138255e+03 4.832081e+02 4.039852e-01 3.683523e+01 -3.763059e-01 5.230304e-03 5.909088e-04 2.227690e-02
15.000 285.000 1.179801e+03 6.952909e+02 2.583928e-01 4.183178e+01 1.144089e+03 7.260949e+02 2.235044e-01 4.215164e+01 -3.721415e-01 5.907800e-03 5.874873e-04 1.507309e-02
15.000 315.000 8.820930e+02 7.095559e+02 1.084014e-01 3.966038e+01 8.597516e+02 7.336428e+02 7.914474e-02 3.979213e+01 -2.682620e-01 5.239491e-03 5.207533e-04 9.497221e-03
15.000 345.000 8.001544e+02 7.921596e+02 5.020822e-03 3.990331e+01 7.889642e+02 8.052231e+02 -1.019888e-02 3.992520e+01 -9.250189e-02 3.529364e-03 2.696269e-04 2.443976e-03
45.000 15.000 7.486925e+02 8.832831e+02 -8.247093e-02 4.026010e+01 7.504388e+02 8.825210e+02 -8.088520e-02 4.027749e+01 1.069048e-01 4.658437e-03 -2.784496e-05 -4.703806e-03
45.000 45.000 1.035287e+03 1.457460e+03 -1.693606e-01 4.920617e+01 1.054861e+03 1.437288e+03 -1.534527e-01 4.933016e+01 2.832530e-01 4.836470e-03 -2.283131e-04 -9.198309e-03
45.000 75.000 7.900771e+02 1.281938e+03 -2.373828e-01 4.421827e+01 8.165687e+02 1.255018e+03 -2.116491e-01 4.448359e+01 3.837038e-01 4.647220e-03 -4.102822e-04 -1.404593e-02
45.000 105.000 9.015741e+02 1.360923e+03 -2.030273e-01 4.657506e+01 9.343939e+02 1.326447e+03 -1.734103e-01 4.682793e+01 3.813415e-01 4.255755e-03 -4.484282e-04 -1.254682e-02
45.000 135.000 8.765849e+02 9.411521e+02 -3.552065e-02 4.260802e+01 9.067425e+02 9.178168e+02 -6.069555e-03 4.271407e+01 2.767990e-01 4.052288e-03 -4.881514e-04 -7.330067e-03
45.000 165.000 1.028126e+03 1.097810e+03 -3.277803e-02 4.608309e+01 1.043231e+03 1.077493e+03 -1.615576e-02 4.604531e+01 9.808850e-02 4.268001e-03 -2.551594e-04 -2.839795e-03
45.000 195.000 9.857095e+02 1.058332e+03 -3.552891e-02 4.518253e+01 9.843460e+02 1.058427e+03 -3.626504e-02 4.516732e+01 -1.069048e-01 4.658437e-03 1.152240e-05 1.579722e-03
45.000 225.000 1.690649e+03 8.283752e+02 3.423046e-01 4.715786e+01 1.666341e+03 8.413611e+02 3.289785e-01 4.728955e+01 -2.832530e-01 4.836470e-03 1.995398e-04 1.326518e-02
45.000 255.000 1.624192e+03 7.488939e+02 3.688439e-01 4.527955e+01 1.591652e+03 7.718966e+02 3.468325e-01 4.559858e+01 -3.837038e-01 4.647220e-03 3.425314e-04 1.662003e-02
45.000 285.000 1.018925e+03 9.303822e+02 4.542275e-02 4.410539e+01 9.944210e+02 9.645347e+02 1.525625e-02 4.425494e+01 -3.813415e-01 4.255755e-03 4.828164e-04 9.676011e-03
45.000 315.000 1.162161e+03 5.560014e+02 3.527952e-01 3.878546e+01 1.135921e+03 5.710115e+02 3.309502e-01 3.898687e+01 -2.767990e-01 4.052288e-03 3.972288e-04 1.623274e-02
45.000 345.000 8.839131e+02 7.735938e+02 6.655739e-02 4.062221e+01 8.721643e+02 7.859677e+02 5.198415e-02 4.066511e+01 -9.808852e-02 4.268001e-03 2.535410e-04 4.053100e-03
75.000 15.000 1.692163e+03 1.611896e+03 2.429349e-02 5.746399e+01 1.694296e+03 1.604455e+03 2.723476e-02 5.741345e+01 7.837516e-02 4.517837e-03 -3.620887e-05 -9.411403e-04
75.000 45.000 1.419360e+03 1.983822e+03 -1.658630e-01 5.752876e+01 1.441337e+03 1.954151e+03 -1.510281e-01 5.760242e+01 2.523495e-01 4.405658e-03 -1.822247e-04 -7.269624e-03
75.000 75.000 1.137479e+03 2.230845e+03 -3.246024e-01 5.489457e+01 1.169557e+03 2.187193e+03 -3.031611e-01 5.521090e+01 3.587070e-01 4.348013e-03 -2.753953e-04 -1.244767e-02
75.000 105.000 1.467610e+03 1.963682e+03 -1.445728e-01 5.796183e+01 1.511942e+03 1.923071e+03 -1.196876e-01 5.818768e+01 3.689493e-01 4.404728e-03 -3.029965e-04 -8.859660e-03
75.000 135.000 1.556472e+03 2.242745e+03 -1.806352e-01 6.062386e+01 1.591093e+03 2.204453e+03 -1.615998e-01 6.079825e+01 2.803319e-01 4.516930e-03 -2.217071e-04 -7.603724e-03
75.000 165.000 1.460726e+03 1.515388e+03 -1.836679e-02 5.454457e+01 1.475728e+03 1.502956e+03 -9.140978e-03 5.457504e+01 1.165998e-01 4.572447e-03 -1.195685e-04 -2.474427e-03
75.000 195.000 1.476022e+03 1.493525e+03 -5.894088e-03 5.449261e+01 1.469330e+03 1.497998e+03 -9.661118e-03 5.447065e+01 -7.837514e-02 4.517837e-03 4.889157e-05 1.330108e-03
75.000 225.000 1.962016e+03 1.243789e+03 2.240394e-01 5.518056e+01 1.933753e+03 1.265564e+03 2.088538e-01 5.531512e+01 -2.523495e-01 4.405658e-03 1.943580e-04 8.633274e-03
75.000 255.000 1.973143e+03 1.166775e+03 2.568119e-01 5.415564e+01 1.934407e+03 1.198591e+03 2.348598e-01 5.440758e+01 -3.587070e-01 4.348013e-03 2.859607e-04 1.136574e-02
75.000 285.000 2.080580e+03 1.892093e+03 4.744612e-02 6.295816e+01 2.037882e+03 1.950931e+03 2.179866e-02 6.314204e+01 -3.689493e-01 4.404728e-03 2.876359e-04 6.613843e-03
75.000 315.000 1.948824e+03 1.303881e+03 1.982787e-01 5.590015e+01 1.915704e+03 1.334458e+03 1.788360e-01 5.609113e+01 -2.803319e-01 4.516930e-03 2.455208e-04 8.561884e-03
75.000 345.000 1.766140e+03 1.478242e+03 8.873731e-02 5.673477e+01 1.749777e+03 1.491522e+03 7.967657e-02 5.675141e+01 -1.165998e-01 4.572447e-03 1.129109e-04 3.619246e-03
105.000 15.000 1.972912e+03 2.189568e+03 -5.204964e-02 6.442983e+01 1.980693e+03 2.183601e+03 -4.872565e-02 6.445470e+01 6.059243e-02 4.572447e-03 -3.647322e-05 -1.748291e-03
105.000 45.000 2.067356e+03 3.031176e+03 -1.890388e-01 7.011657e+01 2.094282e+03 2.998291e+03 -1.775151e-01 7.022890e+01 2.155331e-01 4.516930e-03 -1.161198e-04 -5.769989e-03
105.000 75.000 1.990085e+03 2.675856e+03 -1.469737e-01 6.756589e+01 2.033356e+03 2.643411e+03 -1.304439e-01 6.780257e+01 3.127218e-01 4.404728e-03 -1.726896e-04 -6.803663e-03
105.000 105.000 2.554150e+03 2.699433e+03 -2.765402e-02 7.245388e+01 2.603250e+03 2.651502e+03 -9.182491e-03 7.248661e+01 3.261170e-01 4.348013e-03 -1.802305e-04 -4.882706e-03
105.000 135.000 2.216255e+03 2.807711e+03 -1.177269e-01 7.038705e+01 2.252583e+03 2.771241e+03 -1.032396e-01 7.050020e+01 2.521294e-01 4.405658e-03 -1.454226e-04 -5.254608e-03
105.000 165.000 2.582496e+03 2.263989e+03 6.571915e-02 6.946620e+01 2.598825e+03 2.251438e+03 7.162227e-02 6.946497e+01 1.105839e-01 4.517837e-03 -6.008929e-05 -6.458507e-04
105.000 195.000 2.502439e+03 2.611348e+03 -2.129714e-02 7.149453e+01 2.492541e+03 2.619396e+03 -2.481534e-02 7.147579e+01 -6.059241e-02 4.572447e-03 3.480079e-05 5.496262e-04
105.000 225.000 2.686485e+03 1.967752e+03 1.544254e-01 6.740361e+01 2.648543e+03 1.997568e+03 1.401118e-01 6.749001e+01 -2.155331e-01 4.516930e-03 1.500624e-04 5.488704e-03
105.000 255.000 2.877893e+03 2.569752e+03 5.656404e-02 7.369000e+01 2.835829e+03 2.632021e+03 3.727397e-02 7.389353e+01 -3.127218e-01 4.404728e-03 1.848462e-04 5.011343e-03
105.000 285.000 2.975280e+03 2.535084e+03 7.988500e-02 7.399459e+01 2.933162e+03 2.592447e+03 6.166110e-02 7.419299e+01 -3.261170e-01 4.348013e-03 1.739179e-04 5.486915e-03
105.000 315.000 2.400126e+03 2.281666e+03 2.530214e-02 6.840171e+01 2.370735e+03 2.320043e+03 1.080690e-02 6.848526e+01 -2.521294e-01 4.405658e-03 1.497539e-04 4.055915e-03
105.000 345.000 2.707499e+03 1.924648e+03 1.690040e-01 6.708087e+01 2.690093e+03 1.937431e+03 1.626491e-01 6.712007e+01 -1.105840e-01 4.517837e-03 6.696778e-05 4.167924e-03
135.000 15.000 2.210864e+03 2.308265e+03 -2.155294e-02 6.720885e+01 2.209234e+03 2.309939e+03 -2.228381e-02 6.720810e+01 7.048972e-02 4.268001e-03 7.689638e-06 -1.369502e-03
135.000 45.000 2.171114e+03 2.546139e+03 -7.950076e-02 6.846486e+01 2.182251e+03 2.534916e+03 -7.476192e-02 6.848942e+01 2.072990e-01 4.052288e-03 -4.893406e-05 -4.189007e-03
135.000 75.000 2.042578e+03 2.792551e+03 -1.551091e-01 6.869353e+01 2.053837e+03 2.767647e+03 -1.480477e-01 6.867173e+01 2.885627e-01 4.255755e-03 -7.269972e-05 -6.458713e-03
135.000 105.000 1.769001e+03 2.782804e+03 -2.227255e-01 6.577237e+01 1.788658e+03 2.771638e+03 -2.155518e-01 6.594250e+01 2.925063e-01 4.647220e-03 -7.702368e-05 -7.833559e-03
135.000 135.000 1.862776e+03 2.831552e+03 -2.063716e-01 6.704028e+01 1.875011e+03 2.807162e+03 -1.990853e-01 6.705666e+01 2.180730e-01 4.836470e-03 -7.684333e-05 -6.331188e-03
135.000 165.000 2.214834e+03 2.037240e+03 4.176653e-02 6.515103e+01 2.226806e+03 2.028277e+03 4.665690e-02 6.515995e+01 8.520726e-02 4.658437e-03 -5.307333e-05 -6.667697e-04
135.000 195.000 2.351736e+03 2.350433e+03 2.772431e-04 6.857236e+01 2.354989e+03 2.351987e+03 6.377170e-04 6.860739e+01 -7.048970e-02 4.268001e-03 -3.716198e-06 1.032004e-03
135.000 225.000 1.996348e+03 1.866488e+03 3.361781e-02 6.211658e+01 1.984308e+03 1.873409e+03 2.874720e-02 6.208486e+01 -2.072990e-01 4.052288e-03 5.545897e-05 3.878462e-03
135.000 255.000 2.550651e+03 1.939203e+03 1.361844e-01 6.638211e+01 2.524481e+03 1.957515e+03 1.264984e-01 6.640991e+01 -2.885627e-01 4.255755e-03 1.031537e-04 6.398517e-03
135.000 285.000 2.674308e+03 2.051594e+03 1.317662e-01 6.814580e+01 2.643045e+03 2.080785e+03 1.190264e-01 6.824153e+01 -2.925063e-01 4.647220e-03 1.321007e-04 6.225952e-03
135.000 315.000 2.624899e+03 2.188907e+03 9.057117e-02 6.909643e+01 2.604134e+03 2.206941e+03 8.255810e-02 6.912513e+01 -2.180730e-01 4.836470e-03 8.198564e-05 4.466861e-03
135.000 345.000 2.471157e+03 1.993420e+03 1.070059e-01 6.643385e+01 2.457768e+03 2.004158e+03 1.016625e-01 6.645157e+01 -8.520727e-02 4.658437e-03 5.686658e-05 2.893302e-03
165.000 15.000 1.230533e+03 1.130969e+03 4.216162e-02 4.855208e+01 1.224628e+03 1.137787e+03 3.675924e-02 4.857184e+01 7.922928e-02 3.529364e-03 7.866369e-05 -7.634619e-04
165.000 45.000 1.165448e+03 1.494992e+03 -1.238681e-01 5.118222e+01 1.152586e+03 1.502188e+03 -1.316879e-01 5.107579e+01 2.126832e-01 5.239491e-03 1.081470e-04 -6.575551e-03
165.000 75.000 1.186707e+03 1.554633e+03 -1.342139e-01 5.188410e+01 1.174021e+03 1.566364e+03 -1.431709e-01 5.180938e+01 2.891488e-01 5.907800e-03 1.221587e-04 -8.159776e-03
165.000 105.000 1.269182e+03 1.508320e+03 -8.609849e-02 5.250631e+01 1.250768e+03 1.520316e+03 -9.727188e-02 5.239145e+01 2.881372e-01 5.230304e-03 1.506376e-04 -7.127442e-03
165.000 135.000 1.278497e+03 1.487575e+03 -7.558665e-02 5.244299e+01 1.273321e+03 1.493583e+03 -7.960575e-02 5.243443e+01 2.099195e-01 3.515711e-03 5.419534e-05 -5.444124e-03
165.000 165.000 1.285315e+03 1.492794e+03 -7.468351e-02 5.256057e+01 1.286854e+03 1.493645e+03 -7.437218e-02 5.258440e+01 7.545404e-02 2.215939e-03 -4.187431e-06 -2.856467e-03
165.000 195.000 1.383907e+03 1.338019e+03 1.685875e-02 5.216466e+01 1.389344e+03 1.331683e+03 2.119082e-02 5.215175e+01 -7.922927e-02 3.529363e-03 -5.872964e-05 1.842014e-03
165.000 225.000 1.548891e+03 1.448782e+03 3.339542e-02 5.472047e+01 1.557590e+03 1.430675e+03 4.247109e-02 5.461570e+01 -2.126832e-01 5.239491e-03 -1.173896e-04 4.497011e-03
165.000 255.000 1.430149e+03 1.208408e+03 8.403876e-02 5.118517e+01 1.443406e+03 1.200734e+03 9.177724e-02 5.120419e+01 -2.891488e-01 5.907800e-03 -1.068849e-04 7.290931e-03
165.000 285.000 1.770157e+03 1.358422e+03 1.316042e-01 5.544721e+01 1.778723e+03 1.353985e+03 1.355820e-01 5.545377e+01 -2.881372e-01 5.230304e-03 -5.072525e-05 7.570108e-03
165.000 315.000 1.487500e+03 1.195727e+03 1.087397e-01 5.149272e+01 1.493750e+03 1.195774e+03 1.107913e-01 5.154136e+01 -2.099195e-01 3.515711e-03 -2.815962e-05 6.188433e-03
165.000 345.000 1.681560e+03 1.393330e+03 9.373639e-02 5.520754e+01 1.681213e+03 1.393151e+03 9.369791e-02 5.520302e+01 -7.545405e-02 2.215939e-03 4.929257e-07 3.064626e-03
195.000 15.000 1.256288e+03 1.469930e+03 -7.836570e-02 5.205262e+01 1.257165e+03 1.470871e+03 -7.833691e-02 5.207011e+01 7.545402e-02 2.215939e-03 -3.910829e-07 -2.955081e-03
195.000 45.000 1.070095e+03 1.576678e+03 -1.913968e-01 5.049569e+01 1.062671e+03 1.582633e+03 -1.965603e-01 5.042917e+01 2.099195e-01 3.515711e-03 7.235455e-05 -7.947535e-03
195.000 75.000 1.332624e+03 1.887001e+03 -1.721867e-01 5.589426e+01 1.321317e+03 1.896314e+03 -1.787020e-01 5.581109e+01 2.881372e-01 5.230304e-03 8.248594e-05 -8.235619e-03
195.000 105.000 1.354152e+03 1.398247e+03 -1.602053e-02 5.245658e+01 1.344110e+03 1.414285e+03 -2.544063e-02 5.250343e+01 2.891488e-01 5.907800e-03 1.269249e-04 -5.817560e-03
195.000 135.000 1.143582e+03 1.428408e+03 -1.107415e-01 5.040286e+01 1.134313e+03 1.436544e+03 -1.175607e-01 5.035202e+01 2.126832e-01 5.239491e-03 9.571594e-05 -6.416792e-03
195.000 165.000 1.365303e+03 1.441062e+03 -2.699566e-02 5.295583e+01 1.357959e+03 1.446369e+03 -3.152626e-02 5.292957e+01 7.922930e-02 3.529363e-03 6.051110e-05 -2.005916e-03
195.000 195.000 1.505315e+03 1.336857e+03 5.927105e-02 5.321830e+01 1.501636e+03 1.336740e+03 5.809503e-02 5.318643e+01 -7.545401e-02 2.215939e-03 1.563034e-05 2.531555e-03
195.000 225.000 1.213797e+03 1.193896e+03 8.265725e-03 4.906657e+01 1.218849e+03 1.188297e+03 1.269208e-02 4.905872e+01 -2.099195e-01 3.515711e-03 -6.379405e-05 4.446718e-03
195.000 255.000 1.403642e+03 1.086210e+03 1.274904e-01 4.949124e+01 1.413741e+03 1.078917e+03 1.343240e-01 4.947407e+01 -2.881372e-01 5.230304e-03 -9.765135e-05 8.398004e-03
195.000 285.000 1.391184e+03 1.051878e+03 1.388854e-01 4.894831e+01 1.403832e+03 1.036061e+03 1.507326e-01 4.883091e+01 -2.891488e-01 5.907800e-03 -1.713496e-04 8.744615e-03
195.000 315.000 1.912134e+03 1.209589e+03 2.250502e-01 5.443910e+01 1.924355e+03 1.197117e+03 2.329792e-01 5.433269e+01 -2.126832e-01 5.239491e-03 -1.030906e-04 8.040790e-03
195.000 345.000 1.433057e+03 1.342401e+03 3.266366e-02 5.265450e+01 1.439093e+03 1.336567e+03 3.693753e-02 5.264858e+01 -7.922931e-02 3.529363e-03 -5.739781e-05 2.125041e-03
225.000 15.000 1.836980e+03 2.268314e+03 -1.050678e-01 6.371793e+01 1.849369e+03 2.256689e+03 -9.919982e-02 6.376246e+01 8.520724e-02 4.658437e-03 -6.509684e-05 -2.986209e-03
225.000 45.000 2.114469e+03 2.267502e+03 -3.492330e-02 6.615608e+01 2.128718e+03 2.252465e+03 -2.824519e-02 6.616410e+01 2.180730e-01 4.836470e-03 -7.137436e-05 -3.824233e-03
225.000 75.000 2.194793e+03 3.243417e+03 -1.928252e-01 7.236027e+01 2.229247e+03 3.224510e+03 -1.824912e-01 7.260943e+01 2.925063e-01 4.647220e-03 -1.008100e-04 -6.707154e-03
225.000 105.000 1.943666e+03 2.678313e+03 -1.589465e-01 6.712085e+01 1.963318e+03 2.659379e+03 -1.505747e-01 6.721523e+01 2.885627e-01 4.255755e-03 -8.813339e-05 -6.667216e-03
225.000 135.000 1.815389e+03 2.516346e+03 -1.618190e-01 6.494849e+01 1.819518e+03 2.504382e+03 -1.583904e-01 6.492630e+01 2.072990e-01 4.052288e-03 -3.733415e-05 -5.683243e-03
225.000 165.000 2.442549e+03 2.611724e+03 -3.347156e-02 7.105358e+01 2.438686e+03 2.620123e+03 -3.586560e-02 7.107954e+01 7.048973e-02 4.268001e-03 2.382050e-05 -1.463139e-03
225.000 195.000 2.545693e+03 1.904199e+03 1.441594e-01 6.601072e+01 2.530807e+03 1.916448e+03 1.381435e-01 6.604835e+01 -8.520722e-02 4.658437e-03 6.442363e-05 3.474687e-03
225.000 225.000 2.501572e+03 2.390149e+03 2.277795e-02 6.992270e+01 2.486943e+03 2.417661e+03 1.412601e-02 7.002589e+01 -2.180730e-01 4.836470e-03 8.742985e-05 3.444531e-03
225.000 255.000 2.954970e+03 1.971905e+03 1.995311e-01 6.878026e+01 2.927670e+03 2.003647e+03 1.873786e-01 6.897953e+01 -2.925062e-01 4.647220e-03 1.247544e-04 7.153758e-03
225.000 285.000 2.475114e+03 1.910782e+03 1.286697e-01 6.567560e+01 2.446032e+03 1.931524e+03 1.175332e-01 6.570452e+01 -2.885627e-01 4.255755e-03 1.198764e-04 6.352929e-03
225.000 315.000 2.257608e+03 1.904788e+03 8.476371e-02 6.428445e+01 2.258304e+03 1.914041e+03 8.251052e-02 6.437344e+01 -2.072990e-01 4.052288e-03 2.476715e-05 4.543288e-03
225.000 345.000 2.527500e+03 2.183510e+03 7.301828e-02 6.845358e+01 2.528176e+03 2.178528e+03 7.428717e-02 6.841586e+01 -7.048975e-02 4.268001e-03 -1.311090e-05 2.096428e-03
255.000 15.000 2.058665e+03 2.161361e+03 -2.433538e-02 6.494249e+01 2.072938e+03 2.149731e+03 -1.818586e-02 6.497133e+01 1.105839e-01 4.517837e-03 -6.694232e-05 -2.077520e-03
255.000 45.000 2.037512e+03 2.842479e+03 -1.649526e-01 6.889999e+01 2.070797e+03 2.804444e+03 -1.504842e-01 6.902781e+01 2.521294e-01 4.405658e-03 -1.483478e-04 -6.053440e-03
255.000 75.000 2.227325e+03 2.889525e+03 -1.294157e-01 7.093060e+01 2.278845e+03 2.841119e+03 -1.098199e-01 7.112113e+01 3.261170e-01 4.348013e-03 -1.950877e-04 -6.422230e-03
255.000 105.000 2.344148e+03 3.144214e+03 -1.457750e-01 7.329210e+01 2.395631e+03 3.088703e+03 -1.263731e-01 7.346256e+01 3.127218e-01 4.404728e-03 -1.869682e-04 -6.255747e-03
255.000 135.000 2.530777e+03 2.820032e+03 -5.405817e-02 7.304227e+01 2.564965e+03 2.796994e+03 -4.327317e-02 7.315681e+01 2.155331e-01 4.516930e-03 -1.043255e-04 -3.690894e-03
255.000 165.000 2.379508e+03 2.575448e+03 -3.954429e-02 7.033639e+01 2.387998e+03 2.556702e+03 -3.411799e-02 7.027762e+01 6.059244e-02 4.572447e-03 -5.457449e-05 -1.423683e-03
255.000 195.000 2.345598e+03 2.421837e+03 -1.599154e-02 6.903778e+01 2.331209e+03 2.439674e+03 -2.273469e-02 6.905373e+01 -1.105839e-01 4.517837e-03 6.905756e-05 1.370154e-03
255.000 225.000 2.450256e+03 2.089662e+03 7.942750e-02 6.716604e+01 2.418773e+03 2.128337e+03 6.387271e-02 6.729457e+01 -2.521294e-01 4.405658e-03 1.636002e-04 4.936377e-03
255.000 255.000 2.914846e+03 2.004462e+03 1.850634e-01 6.892626e+01 2.862697e+03 2.050762e+03 1.652471e-01 6.913240e+01 -3.261170e-01 4.348013e-03 2.029900e-04 7.416337e-03
255.000 285.000 2.981259e+03 2.267710e+03 1.359409e-01 7.177721e+01 2.929829e+03 2.314777e+03 1.172734e-01 7.191993e+01 -3.127218e-01 4.404728e-03 1.837191e-04 6.250769e-03
255.000 315.000 2.669977e+03 2.319741e+03 7.019155e-02 7.046371e+01 2.642694e+03 2.351819e+03 5.823893e-02 7.055192e+01 -2.155331e-01 4.516930e-03 1.198701e-04 4.054919e-03
255.000 345.000 2.079193e+03 2.286548e+03 -4.749588e-02 6.599918e+01 2.076557e+03 2.294083e+03 -4.976981e-02 6.602888e+01 -6.059246e-02 4.572447e-03 2.435704e-05 1.984354e-04
285.000 15.000 1.424032e+03 1.520421e+03 -3.273591e-02 5.423373e+01 1.438407e+03 1.509364e+03 -2.407122e-02 5.427765e+01 1.165998e-01 4.572447e-03 -1.129257e-04 -2.753557e-03
285.000 45.000 1.155678e+03 2.024361e+03 -2.731674e-01 5.424706e+01 1.181832e+03 1.989510e+03 -2.546801e-01 5.445772e+01 2.803318e-01 4.516930e-03 -2.405129e-04 -1.020330e-02
285.000 75.000 1.387501e+03 1.963175e+03 -1.718085e-01 5.702430e+01 1.429877e+03 1.923160e+03 -1.471154e-01 5.727536e+01 3.689493e-01 4.404728e-03 -3.055231e-04 -9.482935e-03
285.000 105.000 1.729142e+03 1.984551e+03 -6.877487e-02 6.079579e+01 1.775467e+03 1.943695e+03 -4.523280e-02 6.092252e+01 3.587070e-01 4.348013e-03 -2.735291e-04 -7.031439e-03
285.000 135.000 1.773244e+03 2.350487e+03 -1.399807e-01 6.358403e+01 1.803020e+03 2.326932e+03 -1.268568e-01 6.374551e+01 2.523495e-01 4.405658e-03 -1.457634e-04 -6.170264e-03
285.000 165.000 1.703801e+03 1.760407e+03 -1.634035e-02 5.884966e+01 1.709699e+03 1.752095e+03 -1.224701e-02 5.883260e+01 7.837517e-02 4.517837e-03 -4.919054e-05 -1.609449e-03
285.000 195.000 2.062164e+03 1.867824e+03 4.945050e-02 6.261292e+01 2.040310e+03 1.886330e+03 3.921412e-02 6.261470e+01 -1.165997e-01 4.572447e-03 1.156009e-04 2.652012e-03
285.000 225.000 1.737395e+03 1.289510e+03 1.479679e-01 5.441169e+01 1.708660e+03 1.320248e+03 1.282348e-01 5.458114e+01 -2.803318e-01 4.516930e-03 2.560428e-04 7.871465e-03
285.000 255.000 2.014222e+03 1.306331e+03 2.131849e-01 5.629957e+01 1.976980e+03 1.347179e+03 1.894619e-01 5.661126e+01 -3.689492e-01 4.404728e-03 2.971295e-04 1.033994e-02
285.000 285.000 2.057069e+03 1.536080e+03 1.449951e-01 5.930943e+01 2.020213e+03 1.582032e+03 1.216410e-01 5.957301e+01 -3.587070e-01 4.348013e-03 2.778171e-04 8.492783e-03
285.000 315.000 2.283149e+03 1.693800e+03 1.481912e-01 6.236677e+01 2.248831e+03 1.720085e+03 1.332219e-01 6.243777e+01 -2.523495e-01 4.405658e-03 1.696239e-04 6.422343e-03
285.000 345.000 2.023348e+03 1.582851e+03 1.221500e-01 5.960195e+01 2.016917e+03 1.591653e+03 1.178483e-01 5.965278e+01 -7.837519e-02 4.517837e-03 5.101291e-05 3.364407e-03
315.000 15.000 6.539862e+02 1.335097e+03 -3.424244e-01 4.190291e+01 6.647249e+02 1.318368e+03 -3.296080e-01 4.204339e+01 9.808849e-02 4.268000e-03 -2.159137e-04 -1.051270e-02
315.000 45.000 7.868828e+02 1.237267e+03 -2.225053e-01 4.386270e+01 8.151477e+02 1.209709e+03 -1.948589e-01 4.413585e+01 2.767990e-01 4.052288e-03 -4.442994e-04 -1.138335e-02
315.000 75.000 8.363416e+02 1.152319e+03 -1.588895e-01 4.402789e+01 8.678522e+02 1.122199e+03 -1.278092e-01 4.424413e+01 3.813415e-01 4.255755e-03 -4.979392e-04 -1.227020e-02
315.000 105.000 8.967219e+02 1.468663e+03 -2.417961e-01 4.719207e+01 9.241152e+02 1.437940e+03 -2.175331e-01 4.743713e+01 3.837038e-01 4.647220e-03 -3.626050e-04 -1.325434e-02
315.000 135.000 8.621300e+02 9.270789e+02 -3.630032e-02 4.227116e+01 8.771192e+02 9.159500e+02 -2.165605e-02 4.233472e+01 2.832530e-01 4.836471e-03 -2.447834e-04 -7.559606e-03
315.000 165.000 8.649720e+02 8.689056e+02 -2.268653e-03 4.163975e+01 8.617652e+02 8.703267e+02 -4.942868e-03 4.161790e+01 1.069048e-01 4.658437e-03 4.542418e-05 -2.621857e-03
315.000 195.000 9.935289e+02 1.275851e+03 -1.244050e-01 4.726793e+01 9.794752e+02 1.295630e+03 -1.389625e-01 4.723527e+01 -9.808846e-02 4.268000e-03 2.178498e-04 -5.567519e-04
315.000 225.000 1.160487e+03 1.036454e+03 5.645711e-02 4.679677e+01 1.131107e+03 1.067351e+03 2.900042e-02 4.686799e+01 -2.767990e-01 4.052288e-03 4.145594e-04 7.121348e-03
315.000 255.000 1.582310e+03 8.509390e+02 3.005740e-01 4.704698e+01 1.541807e+03 8.836241e+02 2.713673e-01 4.740065e+01 -3.813415e-01 4.255755e-03 4.373238e-04 1.449435e-02
315.000 285.000 8.900665e+02 6.993713e+02 1.199765e-01 3.957978e+01 8.703584e+02 7.216508e+02 9.340874e-02 3.972554e+01 -3.837038e-01 4.647220e-03 4.737696e-04 1.272570e-02
315.000 315.000 1.483706e+03 8.317109e+02 2.815887e-01 4.617167e+01 1.464329e+03 8.437853e+02 2.688531e-01 4.627396e+01 -2.832530e-01 4.836471e-03 1.948259e-04 1.223351e-02
315.000 345.000 1.275663e+03 1.025432e+03 1.087443e-01 4.768526e+01 1.275790e+03 1.024647e+03 1.091719e-01 4.767620e+01 -1.069048e-01 4.658437e-03 -6.340524e-06 4.522343e-03
345.000 15.000 6.119829e+02 6.999426e+02 -6.704624e-02 3.613901e+01 6.214955e+02 6.923414e+02 -5.392285e-02 3.619415e+01 9.250185e-02 3.529364e-03 -2.565803e-04 -4.414844e-03
345.000 45.000 4.948447e+02 1.023568e+03 -3.482078e-01 3.652817e+01 5.126825e+02 9.982338e+02 -3.213622e-01 3.680867e+01 2.682619e-01 5.239491e-03 -5.176820e-04 -1.687656e-02
345.000 75.000 6.691534e+02 7.791919e+02 -7.597535e-02 3.794714e+01 7.020069e+02 7.561759e+02 -3.714827e-02 3.815980e+01 3.721414e-01 5.907800e-03 -7.214791e-04 -1.180898e-02
345.000 105.000 6.114633e+02 9.065159e+02 -1.943720e-01 3.821818e+01 6.377596e+02 8.822213e+02 -1.608321e-01 3.847939e+01 3.763060e-01 5.230304e-03 -6.184321e-04 -1.493211e-02
345.000 135.000 7.104305e+02 7.123448e+02 -1.345468e-03 3.771966e+01 7.308284e+02 6.995185e+02 2.188973e-02 3.781086e+01 2.796396e-01 3.515711e-03 -4.350494e-04 -7.449300e-03
345.000 165.000 4.866475e+02 7.890779e+02 -2.370655e-01 3.469913e+01 4.890443e+02 7.865830e+02 -2.332490e-01 3.473077e+01 1.080440e-01 2.215940e-03 -7.773886e-05 -9.945770e-03
345.000 195.000 6.713236e+02 6.122715e+02 4.600529e-02 3.578936e+01 6.615106e+02 6.206219e+02 3.189121e-02 3.578866e+01 -9.250183e-02 3.529364e-03 2.788611e-04 3.870064e-03
345.000 225.000 7.499986e+02 5.763062e+02 1.309597e-01 3.610482e+01 7.286573e+02 5.994215e+02 9.731037e-02 3.626986e+01 -2.682619e-01 5.239491e-03 6.575110e-04 1.105729e-02
345.000 255.000 9.236008e+02 5.759418e+02 2.318433e-01 3.766882e+01 8.982768e+02 6.046015e+02 1.954086e-01 3.801962e+01 -3.721414e-01 5.907800e-03 6.807645e-04 1.603408e-02
345.000 285.000 7.851747e+02 7.045224e+02 5.414006e-02 3.853999e+01 7.626279e+02 7.345856e+02 1.872964e-02 3.868706e+01 -3.763060e-01 5.230304e-03 6.484491e-04 1.116882e-02
345.000 315.000 1.165045e+03 4.519397e+02 4.410092e-01 3.609015e+01 1.140763e+03 4.633295e+02 4.223158e-01 3.630430e+01 -2.796396e-01 3.515711e-03 3.651711e-04 1.996802e-02
345.000 345.000 6.917009e+02 9.883005e+02 -1.765473e-01 4.034399e+01 6.877137e+02 9.926642e+02 -1.814773e-01 4.031174e+01 -1.080441e-01 2.215940e-03 8.644311e-05 -1.697978e-03
