  #t  #Q2   A1M1_AVG      A_1M1     dA_1M1   A0P1_AVG      A_0P1     dA_0P1   A2M1_AVG      A_2M1     dA_2M1   A3M1_AVG      A_3M1     dA_3M1   A1P1_AVG      A_1P1     dA_1P1       Asym      Astat          t         tp         xb         Q2          W     Dilute
   7    0 -9.312e-02 -1.910e-02 1.3588e-02  3.520e-01  4.675e-01 1.2932e-02 -3.212e-02 -5.136e-02 1.3077e-02 -5.189e-03  1.736e-02 1.2702e-02  5.373e-02  3.736e-02 1.2704e-02 -1.7410e-01 3.2350e-02 1.1170e+00 3.3032e-01 5.1809e-01 6.1861e+00 2.5716e+00 3.6644e-01
   Phi   PhiS      N_U_avg      N_D_avg     Asym_avg    dAsym_avg      N_U_fit      N_D_fit     Asym_fit    dAsym_fit     Asym_cal    dAsym_cal     GOOD_fit     GOOD_cal
15.000 15.000 6.555304e+00 0.000000e+00 1.000000e+00 2.000000e+00 6.468935e+00 0.000000e+00 1.000000e+00 2.000000e+00 1.350650e-01 1.016569e-02 0.000000e+00 4.324619e-01
15.000 45.000 9.568975e+00 1.553288e+01 -2.375881e-01 4.866714e+00 9.383202e+00 1.579820e+01 -2.547515e-01 4.852543e+00 3.857701e-01 1.619493e-02 2.497373e-03 -1.280854e-01
15.000 75.000 0.000000e+00 3.209414e+01 -1.000000e+00 2.000000e+00 0.000000e+00 3.251777e+01 -1.000000e+00 2.000000e+00 5.331084e-01 2.411929e-02 0.000000e+00 -7.664985e-01
15.000 105.000 0.000000e+00 7.170631e+00 -1.000000e+00 2.000000e+00 0.000000e+00 7.183122e+00 -1.000000e+00 2.000000e+00 5.376008e-01 2.724462e-02 0.000000e+00 -7.687291e-01
15.000 135.000 0.000000e+00 1.783840e+01 -1.000000e+00 2.000000e+00 0.000000e+00 1.803833e+01 -1.000000e+00 2.000000e+00 3.980435e-01 2.415233e-02 0.000000e+00 -6.989708e-01
15.000 165.000 0.000000e+00 2.365118e+00 -1.000000e+00 2.000000e+00 0.000000e+00 2.369831e+00 -1.000000e+00 2.000000e+00 1.518307e-01 1.624410e-02 0.000000e+00 -5.758964e-01
15.000 195.000 2.265895e+00 0.000000e+00 1.000000e+00 2.000000e+00 2.272703e+00 0.000000e+00 1.000000e+00 2.000000e+00 -1.350649e-01 1.016569e-02 0.000000e+00 5.675251e-01
15.000 225.000 7.191768e+00 5.824196e+00 1.050688e-01 3.587795e+00 7.252204e+00 5.715002e+00 1.185453e-01 3.575609e+00 -3.857700e-01 1.619493e-02 -2.660551e-03 1.368066e-01
15.000 255.000 0.000000e+00 4.353295e+00 -1.000000e+00 2.000000e+00 0.000000e+00 4.260481e+00 -1.000000e+00 2.000000e+00 -5.331084e-01 2.411929e-02 0.000000e+00 -2.334288e-01
15.000 285.000 0.000000e+00 5.627265e+00 -1.000000e+00 2.000000e+00 0.000000e+00 5.589385e+00 -1.000000e+00 2.000000e+00 -5.376008e-01 2.724462e-02 0.000000e+00 -2.311782e-01
15.000 315.000 1.284459e+01 7.315995e+00 2.742279e-01 4.317927e+00 1.284083e+01 7.316734e+00 2.740458e-01 4.317836e+00 -3.980435e-01 2.415233e-02 2.983326e-05 1.556907e-01
15.000 345.000 0.000000e+00 0.000000e+00 -1.000000e+01 0.000000e+00 0.000000e+00 0.000000e+00 -1.000000e+01 0.000000e+00 -1.518308e-01 1.624410e-02 -1.000000e+01 -6.062613e+02
45.000 15.000 5.916127e+00 4.531684e+00 1.325103e-01 3.203804e+00 5.657446e+00 4.622398e+00 1.006871e-01 3.189926e+00 1.092269e-01 2.142342e-02 7.038879e-03 7.267272e-03
45.000 45.000 7.141400e+00 1.230136e+01 -2.653922e-01 4.251276e+00 6.997804e+00 1.277025e+01 -2.920088e-01 4.252346e+00 3.489754e-01 2.217780e-02 4.426516e-03 -1.445118e-01
45.000 75.000 2.967252e+01 3.725267e+00 7.769154e-01 3.638539e+00 2.854024e+01 3.813428e+00 7.642661e-01 3.668215e+00 4.952163e-01 2.134706e-02 2.448229e-03 7.741960e-02
45.000 105.000 4.576469e+00 1.083735e+01 -4.061863e-01 3.587581e+00 4.510659e+00 1.098446e+01 -4.177963e-01 3.576365e+00 5.087644e-01 1.966336e-02 2.291893e-03 -2.550289e-01
45.000 135.000 9.787952e+00 1.356255e+01 -1.616497e-01 4.768683e+00 9.728800e+00 1.375759e+01 -1.715374e-01 4.774443e+00 3.859894e-01 1.880840e-02 1.465279e-03 -1.148398e-01
45.000 165.000 0.000000e+00 1.240229e+01 -1.000000e+00 2.000000e+00 0.000000e+00 1.241671e+01 -1.000000e+00 2.000000e+00 1.597890e-01 1.974623e-02 0.000000e+00 -5.798662e-01
45.000 195.000 0.000000e+00 7.595233e+00 -1.000000e+00 2.000000e+00 0.000000e+00 7.453219e+00 -1.000000e+00 2.000000e+00 -1.092268e-01 2.142342e-02 0.000000e+00 -4.453610e-01
45.000 225.000 9.296382e+00 1.758611e+01 -3.083690e-01 4.932160e+00 9.394700e+00 1.705605e+01 -2.896458e-01 4.922567e+00 -3.489754e-01 2.217780e-02 -2.686897e-03 8.232899e-03
45.000 255.000 1.253085e+01 0.000000e+00 1.000000e+00 2.000000e+00 1.266642e+01 0.000000e+00 1.000000e+00 2.000000e+00 -4.952163e-01 2.134706e-02 0.000000e+00 7.475656e-01
45.000 285.000 9.189932e+00 7.507198e+00 1.007798e-01 4.065408e+00 9.346068e+00 7.401761e+00 1.160931e-01 4.064740e+00 -5.087644e-01 1.966336e-02 -2.663697e-03 1.499326e-01
45.000 315.000 0.000000e+00 2.552184e+00 -1.000000e+00 2.000000e+00 0.000000e+00 2.527187e+00 -1.000000e+00 2.000000e+00 -3.859895e-01 1.880840e-02 0.000000e+00 -3.069917e-01
45.000 345.000 4.162959e+00 2.815381e+01 -7.423654e-01 3.808778e+00 4.092375e+00 2.825539e+01 -7.469763e-01 3.781344e+00 -1.597890e-01 1.974623e-02 8.591209e-04 -1.529542e-01
75.000 15.000 1.042528e+00 9.163678e+00 -7.957070e-01 1.934981e+00 1.031082e+00 9.234063e+00 -7.991101e-01 1.926151e+00 9.681981e-02 2.090236e-02 1.246452e-03 -4.612319e-01
75.000 45.000 0.000000e+00 1.120497e+01 -1.000000e+00 2.000000e+00 0.000000e+00 1.196123e+01 -1.000000e+00 2.000000e+00 3.037672e-01 2.025767e-02 0.000000e+00 -6.518502e-01
75.000 75.000 3.842208e+00 4.734691e+00 -1.040567e-01 2.912736e+00 3.599994e+00 4.860683e+00 -1.490056e-01 2.876252e+00 4.293204e-01 1.990652e-02 1.098052e-02 -1.831146e-01
75.000 105.000 7.630605e+00 1.846154e+01 -4.151033e-01 4.647170e+00 7.108966e+00 1.923694e+01 -4.603363e-01 4.556639e+00 4.398375e-01 2.021638e-02 6.949956e-03 -1.839685e-01
75.000 135.000 9.269363e+00 3.138515e+00 4.941094e-01 3.062445e+00 9.180315e+00 3.166804e+00 4.870376e-01 3.068927e+00 3.325006e-01 2.086235e-02 1.631125e-03 5.276994e-02
75.000 165.000 1.628459e+00 1.738752e+01 -8.287274e-01 2.440495e+00 1.645263e+00 1.732948e+01 -8.265839e-01 2.451617e+00 1.360704e-01 2.119767e-02 -6.196365e-04 -3.953138e-01
75.000 195.000 5.145325e+00 8.598646e+00 -2.512608e-01 3.588354e+00 5.252075e+00 8.524007e+00 -2.375081e-01 3.605409e+00 -9.681979e-02 2.090236e-02 -2.703623e-03 -4.303879e-02
75.000 225.000 1.914131e+01 2.209575e+00 7.930226e-01 2.814896e+00 1.966558e+01 2.159702e+00 8.020918e-01 2.789975e+00 -3.037672e-01 2.025767e-02 -2.288296e-03 3.896277e-01
75.000 255.000 6.238215e+00 1.221143e+01 -3.237579e-01 4.063960e+00 6.343177e+00 1.181849e+01 -3.014765e-01 4.063372e+00 -4.293204e-01 1.990652e-02 -3.877113e-03 2.597496e-02
75.000 285.000 1.141355e+01 2.579451e+00 6.313226e-01 2.901006e+00 1.178645e+01 2.485040e+00 6.517477e-01 2.865191e+00 -4.398375e-01 2.021638e-02 -5.009356e-03 3.692285e-01
75.000 315.000 0.000000e+00 0.000000e+00 -1.000000e+01 0.000000e+00 0.000000e+00 0.000000e+00 -1.000000e+01 0.000000e+00 -3.325006e-01 2.086235e-02 -1.000000e+01 -4.633945e+02
75.000 345.000 1.733721e+01 1.578188e+01 4.696151e-02 5.748569e+00 1.735002e+01 1.577173e+01 4.765124e-02 5.748612e+00 -1.360704e-01 2.119767e-02 -8.483994e-05 3.183934e-02
105.000 15.000 8.417175e+00 1.151316e+01 -1.553404e-01 4.410148e+00 7.887722e+00 1.184235e+01 -2.004364e-01 4.351714e+00 1.325114e-01 2.119767e-02 7.278577e-03 -6.526957e-02
105.000 45.000 1.058835e+01 3.590281e+00 4.935643e-01 3.274848e+00 9.829635e+00 3.861432e+00 4.359195e-01 3.330077e+00 3.020584e-01 2.086235e-02 1.234219e-02 5.847662e-02
105.000 75.000 3.414168e+00 0.000000e+00 1.000000e+00 2.000000e+00 3.180740e+00 0.000000e+00 1.000000e+00 2.000000e+00 3.906691e-01 2.021638e-02 0.000000e+00 3.046499e-01
105.000 105.000 2.646874e+00 4.381920e+00 -2.468483e-01 2.569144e+00 2.506828e+00 4.487961e+00 -2.832299e-01 2.536469e+00 3.746004e-01 1.990652e-02 1.007721e-02 -2.418821e-01
105.000 135.000 1.221531e+01 1.255205e+01 -1.359586e-02 4.976222e+00 1.170563e+01 1.281616e+01 -4.528742e-02 4.946867e+00 2.581578e-01 2.025767e-02 4.516581e-03 -5.460998e-02
105.000 165.000 1.363827e+01 1.221779e+01 5.493803e-02 5.077207e+00 1.377177e+01 1.236956e+01 5.363969e-02 5.105498e+00 7.254201e-02 2.090236e-02 1.803184e-04 -3.467227e-03
105.000 195.000 2.091686e+00 1.283990e+01 -7.198306e-01 2.682292e+00 2.177180e+00 1.240762e+01 -7.014454e-01 2.721894e+00 -1.325113e-01 2.119767e-02 -4.811077e-03 -2.189549e-01
105.000 225.000 5.440248e+00 4.625607e+00 8.093109e-02 3.162266e+00 5.715617e+00 4.291384e+00 1.423237e-01 3.131182e+00 -3.020584e-01 2.086235e-02 -1.379549e-02 1.211097e-01
105.000 255.000 2.309351e+01 0.000000e+00 1.000000e+00 2.000000e+00 2.429537e+01 0.000000e+00 1.000000e+00 2.000000e+00 -3.906691e-01 2.021638e-02 0.000000e+00 6.952990e-01
105.000 285.000 5.341353e+00 4.379797e+00 9.891377e-02 3.102586e+00 5.717968e+00 4.066866e+00 1.687410e-01 3.083217e+00 -3.746004e-01 1.990652e-02 -1.596399e-02 1.526161e-01
105.000 315.000 1.419340e+01 1.667120e+01 -8.027990e-02 5.537660e+00 1.441899e+01 1.612008e+01 -5.570202e-02 5.517636e+00 -2.581578e-01 2.025767e-02 -3.144042e-03 3.212127e-02
105.000 345.000 9.140554e+00 4.438857e+00 3.462371e-01 3.457096e+00 9.010715e+00 4.490805e+00 3.347704e-01 3.462425e+00 -7.254203e-02 2.090236e-02 2.343569e-03 1.211339e-01
135.000 15.000 3.826411e+00 0.000000e+00 1.000000e+00 2.000000e+00 3.627025e+00 0.000000e+00 1.000000e+00 2.000000e+00 1.814268e-01 1.974623e-02 0.000000e+00 4.092667e-01
135.000 45.000 0.000000e+00 1.711609e+00 -1.000000e+00 2.000000e+00 0.000000e+00 1.813395e+00 -1.000000e+00 2.000000e+00 3.477894e-01 1.880840e-02 0.000000e+00 -6.738649e-01
135.000 75.000 0.000000e+00 2.774994e+00 -1.000000e+00 2.000000e+00 0.000000e+00 3.000332e+00 -1.000000e+00 2.000000e+00 4.209622e-01 1.966336e-02 0.000000e+00 -7.104468e-01
135.000 105.000 6.613081e+00 1.700885e+00 5.908367e-01 2.326297e+00 6.192299e+00 1.789513e+00 5.516022e-01 2.356528e+00 3.813385e-01 2.134706e-02 1.184856e-02 9.005272e-02
135.000 135.000 6.657216e+00 5.306920e+00 1.128619e-01 3.436821e+00 6.366045e+00 5.574194e+00 6.631788e-02 3.447858e+00 2.395354e-01 2.217780e-02 9.560812e-03 -3.685699e-02
135.000 165.000 0.000000e+00 1.788409e+00 -1.000000e+00 2.000000e+00 0.000000e+00 1.751306e+00 -1.000000e+00 2.000000e+00 3.354906e-02 2.142342e-02 0.000000e+00 -5.167449e-01
135.000 195.000 1.847910e+00 1.511045e+00 1.002887e-01 1.823505e+00 1.926248e+00 1.410177e+00 1.546777e-01 1.804606e+00 -1.814267e-01 1.974623e-02 -2.120020e-02 1.544821e-01
135.000 225.000 7.027273e+00 3.112578e+00 3.860702e-01 2.937432e+00 7.534927e+00 2.836562e+00 4.530077e-01 2.871079e+00 -3.477894e-01 1.880840e-02 -1.629639e-02 2.498253e-01
135.000 255.000 0.000000e+00 1.867098e+00 -1.000000e+00 2.000000e+00 0.000000e+00 1.659203e+00 -1.000000e+00 2.000000e+00 -4.209622e-01 1.966336e-02 0.000000e+00 -2.895049e-01
135.000 285.000 6.910126e+00 4.780219e+00 1.821936e-01 3.361888e+00 7.217236e+00 4.331968e+00 2.498240e-01 3.290653e+00 -3.813385e-01 2.134706e-02 -1.437621e-02 1.676203e-01
135.000 315.000 4.905643e+00 3.780428e+00 1.295425e-01 2.922380e+00 4.993501e+00 3.718365e+00 1.463677e-01 2.919799e+00 -2.395354e-01 2.217780e-02 -4.072868e-03 1.262900e-01
135.000 345.000 6.603165e+00 0.000000e+00 1.000000e+00 2.000000e+00 6.615746e+00 0.000000e+00 1.000000e+00 2.000000e+00 -3.354909e-02 2.142342e-02 0.000000e+00 5.167449e-01
165.000 15.000 0.000000e+00 2.932239e+00 -1.000000e+00 2.000000e+00 0.000000e+00 3.090502e+00 -1.000000e+00 2.000000e+00 1.627991e-01 1.624410e-02 0.000000e+00 -5.813804e-01
165.000 45.000 7.613358e+00 1.572878e+01 -3.476726e-01 4.529970e+00 6.802997e+00 1.728256e+01 -4.350974e-01 4.418815e+00 3.623213e-01 2.415233e-02 1.381504e-02 -1.567303e-01
165.000 75.000 4.571959e+00 4.050606e+00 6.046387e-02 2.931048e+00 3.995058e+00 4.352842e+00 -4.285920e-02 2.886618e+00 4.647598e-01 2.724462e-02 2.511602e-02 -1.379297e-01
165.000 105.000 0.000000e+00 2.519166e+00 -1.000000e+00 2.000000e+00 0.000000e+00 2.774621e+00 -1.000000e+00 2.000000e+00 4.426662e-01 2.411929e-02 0.000000e+00 -7.212807e-01
165.000 135.000 5.285594e+00 1.223202e+01 -3.965395e-01 3.842276e+00 4.854325e+00 1.303658e+01 -4.573417e-01 3.761492e+00 3.019607e-01 1.619493e-02 1.130788e-02 -1.817917e-01
165.000 165.000 8.250018e+00 1.168677e+01 -1.723826e-01 4.398222e+00 8.041182e+00 1.157284e+01 -1.800578e-01 4.356388e+00 8.034497e-02 1.016569e-02 1.239825e-03 -5.746116e-02
165.000 195.000 9.177903e+00 0.000000e+00 1.000000e+00 2.000000e+00 9.750252e+00 0.000000e+00 1.000000e+00 2.000000e+00 -1.627991e-01 1.624410e-02 0.000000e+00 5.813804e-01
165.000 225.000 1.960586e+00 1.535430e+00 1.216117e-01 1.855886e+00 2.152108e+00 1.398163e+00 2.123626e-01 1.841239e+00 -3.623213e-01 2.415233e-02 -3.471350e-02 2.607337e-01
165.000 255.000 4.035498e+00 1.132807e+01 -4.746666e-01 3.449932e+00 4.291278e+00 9.758303e+00 -3.891237e-01 3.452858e+00 -4.647598e-01 2.724462e-02 -1.752565e-02 -2.871522e-03
165.000 285.000 1.103664e+01 0.000000e+00 1.000000e+00 2.000000e+00 1.233712e+01 0.000000e+00 1.000000e+00 2.000000e+00 -4.426663e-01 2.411929e-02 0.000000e+00 7.212807e-01
165.000 315.000 1.389296e+00 5.726624e+00 -6.095245e-01 2.114761e+00 1.523094e+00 5.354605e+00 -5.570919e-01 2.177888e+00 -3.019607e-01 1.619493e-02 -1.727207e-02 -1.454325e-01
165.000 345.000 1.669602e+01 2.396188e+00 7.489879e-01 2.895135e+00 1.665577e+01 2.458146e+00 7.427899e-01 2.927126e+00 -8.034500e-02 1.016569e-02 1.505468e-03 2.864557e-01
195.000 15.000 5.764559e+00 6.990006e+00 -9.607912e-02 3.554831e+00 5.507973e+00 7.063055e+00 -1.237036e-01 3.518332e+00 8.034496e-02 1.016568e-02 5.523192e-03 -4.962918e-02
195.000 45.000 3.053006e+00 5.764299e+00 -3.074967e-01 2.825525e+00 2.770411e+00 6.173146e+00 -3.804678e-01 2.765669e+00 3.019607e-01 1.619493e-02 1.845595e-02 -2.156935e-01
195.000 75.000 2.125662e+00 1.416321e+01 -7.390044e-01 2.719020e+00 1.925123e+00 1.574159e+01 -7.820621e-01 2.619423e+00 4.426662e-01 2.411929e-02 1.140448e-02 -4.345772e-01
195.000 105.000 3.755597e+00 2.663705e+00 1.700951e-01 2.496713e+00 3.247210e+00 2.869041e+00 6.183016e-02 2.468374e+00 4.647598e-01 2.724462e-02 3.083676e-02 -1.180140e-01
195.000 135.000 0.000000e+00 9.247206e+00 -1.000000e+00 2.000000e+00 0.000000e+00 1.018507e+01 -1.000000e+00 2.000000e+00 3.623213e-01 2.415233e-02 0.000000e+00 -6.811110e-01
195.000 165.000 0.000000e+00 3.884626e+00 -1.000000e+00 2.000000e+00 0.000000e+00 3.927950e+00 -1.000000e+00 2.000000e+00 1.627991e-01 1.624410e-02 0.000000e+00 -5.813804e-01
195.000 195.000 4.368914e+00 4.070089e+00 3.540992e-02 2.903174e+00 4.347207e+00 3.885288e+00 5.610927e-02 2.864712e+00 -8.034494e-02 1.016568e-02 -5.075108e-03 3.987158e-02
195.000 225.000 2.461622e+00 4.760298e+00 -3.182915e-01 2.547601e+00 2.563533e+00 4.443120e+00 -2.682574e-01 2.549988e+00 -3.019606e-01 1.619493e-02 -1.388086e-02 -6.410171e-03
195.000 255.000 3.120278e-04 2.122116e+00 -9.997060e-01 3.532602e-02 3.517684e-04 1.930020e+00 -9.996355e-01 3.750756e-02 -4.426662e-01 2.411929e-02 -1.366882e-03 -1.302267e+01
195.000 285.000 2.201904e+00 0.000000e+00 1.000000e+00 2.000000e+00 2.435617e+00 0.000000e+00 1.000000e+00 2.000000e+00 -4.647598e-01 2.724462e-02 0.000000e+00 7.323119e-01
195.000 315.000 0.000000e+00 5.362153e+00 -1.000000e+00 2.000000e+00 0.000000e+00 4.832826e+00 -1.000000e+00 2.000000e+00 -3.623213e-01 2.415233e-02 0.000000e+00 -3.188161e-01
195.000 345.000 2.503381e+00 8.000252e-01 5.156361e-01 1.557271e+00 2.585635e+00 7.612585e-01 5.450954e-01 1.533765e+00 -1.627991e-01 1.624410e-02 -1.347785e-02 4.356327e-01
225.000 15.000 2.376824e+00 2.170341e+01 -8.025913e-01 2.927266e+00 2.444247e+00 2.126842e+01 -7.938446e-01 2.961283e+00 3.354904e-02 2.142342e-02 -2.100591e-03 -2.856310e-01
225.000 45.000 1.701388e+01 4.605952e+00 5.739142e-01 3.807722e+00 1.606315e+01 4.776669e+00 5.415825e-01 3.837611e+00 2.395354e-01 2.217780e-02 5.980586e-03 8.781448e-02
225.000 75.000 1.282551e+01 1.644072e+01 -1.235283e-01 5.368394e+00 1.169443e+01 1.772870e+01 -2.050861e-01 5.309010e+00 3.813385e-01 2.134706e-02 1.080210e-02 -9.404356e-02
225.000 105.000 3.418566e+00 0.000000e+00 1.000000e+00 2.000000e+00 3.104549e+00 0.000000e+00 1.000000e+00 2.000000e+00 4.209622e-01 1.966336e-02 0.000000e+00 2.895049e-01
225.000 135.000 1.857056e+00 1.120415e+00 2.474049e-01 1.671892e+00 1.640886e+00 1.213234e+00 1.498366e-01 1.670342e+00 3.477894e-01 1.880840e-02 4.128445e-02 -6.003869e-02
225.000 165.000 1.371343e+01 5.266972e-01 9.260264e-01 1.424382e+00 1.294307e+01 5.527701e-01 9.180829e-01 1.456200e+00 1.814268e-01 1.974623e-02 3.899581e-03 5.227023e-01
225.000 195.000 3.336506e+00 2.181280e-04 9.998693e-01 2.953735e-02 3.309030e+00 2.215434e-04 9.998661e-01 2.976767e-02 -3.354902e-02 2.142342e-02 7.510611e-05 2.832168e+01
225.000 225.000 5.023003e+00 1.240485e+01 -4.235661e-01 3.781687e+00 5.150211e+00 1.187662e+01 -3.950477e-01 3.790723e+00 -2.395354e-01 2.217780e-02 -5.326065e-03 -4.866283e-02
225.000 255.000 4.933924e+00 9.641637e+00 -3.229867e-01 3.613175e+00 5.135024e+00 9.043868e+00 -2.756805e-01 3.619572e+00 -3.813385e-01 2.134706e-02 -9.249753e-03 1.614943e-02
225.000 285.000 1.501902e+01 3.943492e+00 5.840748e-01 3.534625e+00 1.618870e+01 3.604596e+00 6.357761e-01 3.434039e+00 -4.209622e-01 1.966336e-02 -1.049111e-02 2.843361e-01
225.000 315.000 0.000000e+00 2.360288e+00 -1.000000e+00 2.000000e+00 0.000000e+00 2.152765e+00 -1.000000e+00 2.000000e+00 -3.477895e-01 1.880840e-02 0.000000e+00 -3.260909e-01
225.000 345.000 9.116565e+00 1.174969e+01 -1.261908e-01 4.531444e+00 9.566405e+00 1.117096e+01 -7.737503e-02 4.540178e+00 -1.814268e-01 1.974623e-02 -7.610094e-03 1.218938e-02
255.000 15.000 1.002473e+01 9.014028e+00 5.308666e-02 4.357190e+00 1.012423e+01 8.937759e+00 6.224297e-02 4.357539e+00 7.254197e-02 2.090236e-02 -1.485872e-03 -4.465054e-03
255.000 45.000 2.792133e+00 8.837627e+00 -5.198297e-01 2.913268e+00 2.781485e+00 9.209185e+00 -5.360584e-01 2.923191e+00 2.581577e-01 2.025767e-02 3.932323e-03 -2.670433e-01
255.000 75.000 4.446258e+00 1.562498e+01 -5.569522e-01 3.720917e+00 4.038249e+00 1.644042e+01 -6.056141e-01 3.601075e+00 3.746004e-01 1.990652e-02 9.397581e-03 -2.503521e-01
255.000 105.000 5.605734e+00 1.806777e+01 -5.264129e-01 4.136826e+00 5.140083e+00 1.917575e+01 -5.772233e-01 4.026676e+00 3.906691e-01 2.021638e-02 8.801402e-03 -2.216847e-01
255.000 135.000 6.473514e+00 0.000000e+00 1.000000e+00 2.000000e+00 6.059714e+00 0.000000e+00 1.000000e+00 2.000000e+00 3.020584e-01 2.086235e-02 0.000000e+00 3.489518e-01
255.000 165.000 1.257170e+01 5.655579e+00 3.794379e-01 3.950068e+00 1.200014e+01 5.995849e+00 3.336461e-01 3.999085e+00 1.325114e-01 2.119767e-02 8.146552e-03 6.251105e-02
255.000 195.000 7.032818e+00 2.520789e+00 4.722854e-01 2.724453e+00 6.975487e+00 2.577593e+00 4.603639e-01 2.743802e+00 -7.254195e-02 2.090236e-02 3.083143e-03 1.999709e-01
255.000 225.000 5.459015e+00 1.536202e+01 -4.756251e-01 4.013841e+00 5.557560e+00 1.494095e+01 -4.577596e-01 4.025316e+00 -2.581577e-01 2.025767e-02 -3.142817e-03 -5.417867e-02
255.000 255.000 3.515350e+00 8.249234e+00 -4.023843e-01 3.140023e+00 3.671705e+00 7.726240e+00 -3.557251e-01 3.155257e+00 -3.746004e-01 1.990652e-02 -1.048182e-02 -8.848159e-03
255.000 285.000 1.717008e+00 4.081515e+00 -4.077774e-01 2.198711e+00 1.780995e+00 3.745743e+00 -3.554988e-01 2.197333e+00 -3.906691e-01 2.021638e-02 -1.681811e-02 -7.780717e-03
255.000 315.000 8.063499e+00 7.513595e+00 3.530205e-02 3.944323e+00 8.486345e+00 6.944979e+00 9.988550e-02 3.908627e+00 -3.020584e-01 2.086235e-02 -1.163051e-02 8.552945e-02
255.000 345.000 2.609711e+00 0.000000e+00 1.000000e+00 2.000000e+00 2.737424e+00 0.000000e+00 1.000000e+00 2.000000e+00 -1.325114e-01 2.119767e-02 0.000000e+00 5.662239e-01
285.000 15.000 1.208600e+01 1.041659e+01 7.418763e-02 4.730617e+00 1.207972e+01 1.048749e+01 7.055476e-02 4.738657e+00 1.360703e-01 2.119767e-02 5.425605e-04 -1.308119e-02
285.000 45.000 2.099394e+00 5.388701e+00 -4.392715e-01 2.458291e+00 2.079769e+00 5.461830e+00 -4.484540e-01 2.454567e+00 3.325005e-01 2.086235e-02 2.643278e-03 -3.139352e-01
285.000 75.000 1.531949e+01 5.378315e+00 4.803010e-01 3.990370e+00 1.440296e+01 5.396224e+00 4.549045e-01 3.962572e+00 4.398375e-01 2.021638e-02 4.516056e-03 1.014017e-02
285.000 105.000 4.370961e+00 6.451664e+00 -1.922549e-01 3.228405e+00 4.163452e+00 6.600437e+00 -2.264038e-01 3.195645e+00 4.293204e-01 1.990652e-02 7.517567e-03 -1.925296e-01
285.000 135.000 2.166318e+00 5.773302e+00 -4.543019e-01 2.510171e+00 2.018141e+00 6.150110e+00 -5.058573e-01 2.465373e+00 3.037672e-01 2.025767e-02 1.465313e-02 -3.019891e-01
285.000 165.000 9.441157e+00 5.052331e+00 3.028136e-01 3.628290e+00 9.033662e+00 5.097373e+00 2.785563e-01 3.610340e+00 9.681984e-02 2.090236e-02 4.739144e-03 5.677340e-02
285.000 195.000 2.071153e+00 5.934434e+00 -4.825732e-01 2.478159e+00 2.044708e+00 5.998427e+00 -4.915645e-01 2.469742e+00 -1.360703e-01 2.119767e-02 2.569883e-03 -1.398176e-01
285.000 225.000 1.330570e+01 3.756696e+00 5.596519e-01 3.423197e+00 1.351045e+01 3.724601e+00 5.677876e-01 3.417421e+00 -3.325005e-01 2.086235e-02 -1.681959e-03 2.606148e-01
285.000 255.000 2.165902e+01 1.166808e+01 2.997843e-01 5.507447e+00 2.214212e+01 1.102065e+01 3.353600e-01 5.425226e+00 -4.398375e-01 2.021638e-02 -4.601828e-03 1.342940e-01
285.000 285.000 4.263202e+00 0.000000e+00 1.000000e+00 2.000000e+00 4.460514e+00 0.000000e+00 1.000000e+00 2.000000e+00 -4.293204e-01 1.990652e-02 0.000000e+00 7.146248e-01
285.000 315.000 0.000000e+00 1.042473e+01 -1.000000e+00 2.000000e+00 0.000000e+00 9.923954e+00 -1.000000e+00 2.000000e+00 -3.037672e-01 2.025767e-02 0.000000e+00 -3.480985e-01
285.000 345.000 3.638748e+00 4.026834e+00 -5.062715e-02 2.765128e+00 3.724419e+00 3.985254e+00 -3.383211e-02 2.775040e+00 -9.681986e-02 2.090236e-02 -4.287187e-03 1.670497e-02
315.000 15.000 8.493042e+00 2.535743e+00 5.401591e-01 2.794798e+00 8.571940e+00 2.526165e+00 5.447574e-01 2.793676e+00 1.597889e-01 1.974623e-02 -1.163645e-03 1.360959e-01
315.000 45.000 9.187882e+00 7.191428e+00 1.218888e-01 4.016960e+00 8.999827e+00 7.279710e+00 1.056613e-01 4.012205e+00 3.859894e-01 1.880840e-02 2.858223e-03 -6.574568e-02
315.000 75.000 0.000000e+00 5.471151e+00 -1.000000e+00 2.000000e+00 0.000000e+00 5.719032e+00 -1.000000e+00 2.000000e+00 5.087643e-01 1.966336e-02 0.000000e+00 -7.543457e-01
315.000 105.000 0.000000e+00 3.179849e+01 -1.000000e+00 2.000000e+00 0.000000e+00 3.247027e+01 -1.000000e+00 2.000000e+00 4.952163e-01 2.134706e-02 0.000000e+00 -7.475656e-01
315.000 135.000 3.953338e+00 8.171945e+00 -3.479182e-01 3.264591e+00 3.787303e+00 8.264057e+00 -3.714729e-01 3.223099e+00 3.489754e-01 2.217780e-02 5.134457e-03 -2.134655e-01
315.000 165.000 1.058039e+01 1.315169e+01 -1.083470e-01 4.842880e+00 1.034173e+01 1.314025e+01 -1.191776e-01 4.811284e+00 1.092269e-01 2.142342e-02 1.586538e-03 -4.492610e-02
315.000 195.000 3.261543e+00 2.555125e+00 1.214472e-01 2.393925e+00 3.245580e+00 2.549557e+00 1.201047e-01 2.389883e+00 -1.597889e-01 1.974623e-02 3.968809e-04 1.174751e-01
315.000 225.000 9.853929e+00 1.997531e+01 -3.393107e-01 5.137601e+00 9.948437e+00 1.966231e+01 -3.280522e-01 5.140437e+00 -3.859894e-01 1.880840e-02 -1.549122e-03 9.085629e-03
315.000 255.000 1.693826e+01 1.137513e+01 1.964843e-01 5.217310e+00 1.717633e+01 1.100438e+01 2.190135e-01 5.179669e+00 -5.087643e-01 1.966336e-02 -3.064434e-03 1.351738e-01
315.000 285.000 0.000000e+00 1.008202e+01 -1.000000e+00 2.000000e+00 0.000000e+00 9.670844e+00 -1.000000e+00 2.000000e+00 -4.952163e-01 2.134706e-02 0.000000e+00 -2.523775e-01
315.000 315.000 2.131174e+00 1.168360e+01 -6.914646e-01 2.685072e+00 2.170459e+00 1.135919e+01 -6.791551e-01 2.699829e+00 -3.489754e-01 2.217780e-02 -3.232797e-03 -1.275487e-01
315.000 345.000 1.009465e+01 5.864980e+00 2.650230e-01 3.852099e+00 1.025726e+01 5.713019e+00 2.845435e-01 3.831089e+00 -1.092269e-01 2.142342e-02 -3.593046e-03 9.715330e-02
345.000 15.000 5.456053e+00 1.348536e+01 -4.239021e-01 3.941798e+00 5.516802e+00 1.361764e+01 -4.233641e-01 3.962933e+00 1.518307e-01 1.624410e-02 -9.625700e-05 -1.460572e-01
345.000 45.000 6.911574e+00 0.000000e+00 1.000000e+00 2.000000e+00 6.842252e+00 0.000000e+00 1.000000e+00 2.000000e+00 3.980435e-01 2.415233e-02 0.000000e+00 3.009563e-01
345.000 75.000 2.065347e+00 2.778429e+00 -1.472162e-01 2.176878e+00 2.049766e+00 2.783792e+00 -1.518604e-01 2.173037e+00 5.376008e-01 2.724462e-02 1.509889e-03 -3.145621e-01
345.000 105.000 7.745765e+00 0.000000e+00 1.000000e+00 2.000000e+00 7.574257e+00 0.000000e+00 1.000000e+00 2.000000e+00 5.331084e-01 2.411928e-02 0.000000e+00 2.334288e-01
345.000 135.000 1.300129e+01 0.000000e+00 1.000000e+00 2.000000e+00 1.278926e+01 0.000000e+00 1.000000e+00 2.000000e+00 3.857701e-01 1.619493e-02 0.000000e+00 3.071049e-01
345.000 165.000 1.802659e+00 3.398409e+00 -3.068120e-01 2.170593e+00 1.790534e+00 3.421358e+00 -3.129045e-01 2.168317e+00 1.350650e-01 1.016569e-02 1.985796e-03 -2.035721e-01
345.000 195.000 1.901964e+01 1.836027e+00 8.239302e-01 2.587967e+00 1.896968e+01 1.843318e+00 8.228686e-01 2.592345e+00 -1.518307e-01 1.624410e-02 2.897885e-04 3.770302e-01
345.000 225.000 0.000000e+00 1.311612e+01 -1.000000e+00 2.000000e+00 0.000000e+00 1.317295e+01 -1.000000e+00 2.000000e+00 -3.980434e-01 2.415233e-02 0.000000e+00 -3.009563e-01
345.000 255.000 2.089375e+00 4.558429e+00 -3.714089e-01 2.393904e+00 2.104706e+00 4.494643e+00 -3.621473e-01 2.394544e+00 -5.376008e-01 2.724462e-02 -2.735294e-03 6.941846e-02
345.000 285.000 1.634674e+01 6.487913e+00 4.317486e-01 4.310235e+00 1.664863e+01 6.274481e+00 4.525629e-01 4.269444e+00 -5.331084e-01 2.411929e-02 -3.430847e-03 2.238490e-01
345.000 315.000 9.999302e+00 2.863608e+01 -4.823760e-01 5.444764e+00 1.002127e+01 2.796007e+01 -4.723056e-01 5.432195e+00 -3.857701e-01 1.619493e-02 -1.309340e-03 -1.774281e-02
345.000 345.000 5.279137e+00 5.533475e+00 -2.352236e-02 3.287344e+00 5.346810e+00 5.458535e+00 -1.033974e-02 3.286973e+00 -1.350650e-01 1.016569e-02 -2.835738e-03 3.393077e-02
