  #t  #Q2   A1M1_AVG      A_1M1     dA_1M1   A0P1_AVG      A_0P1     dA_0P1   A2M1_AVG      A_2M1     dA_2M1   A3M1_AVG      A_3M1     dA_3M1   A1P1_AVG      A_1P1     dA_1P1       Asym      Astat          t         tp         xb         Q2          W     Dilute
   4    0 -9.937e-02  3.090e-03 1.4902e-02  3.737e-01  4.832e-01 1.4132e-02 -2.051e-02 -6.104e-02 1.4358e-02 -2.175e-03  3.583e-02 1.3925e-02  4.021e-02  4.164e-02 1.3955e-02 -3.3231e-02 1.5389e-02 4.6699e-01 8.7000e-02 4.4316e-01 5.3934e+00 2.7552e+00 6.6496e-01
   Phi   PhiS      N_U_avg      N_D_avg     Asym_avg    dAsym_avg      N_U_fit      N_D_fit     Asym_fit    dAsym_fit     Asym_cal    dAsym_cal     GOOD_fit     GOOD_cal
15.000 15.000 6.789097e+01 6.162589e+01 4.837266e-02 1.136723e+01 6.715902e+01 6.263197e+01 3.487952e-02 1.138565e+01 1.479980e-01 1.115122e-02 8.386712e-04 -8.764262e-03
15.000 45.000 7.205220e+01 9.783260e+00 7.609041e-01 5.869818e+00 7.066156e+01 9.832123e+00 7.557045e-01 5.875764e+00 3.919886e-01 1.775500e-02 6.260597e-04 6.284928e-02
15.000 75.000 2.187990e+01 0.000000e+00 1.000000e+00 2.000000e+00 2.123127e+01 0.000000e+00 1.000000e+00 2.000000e+00 5.309461e-01 2.644205e-02 0.000000e+00 2.345064e-01
15.000 105.000 1.124440e+01 0.000000e+00 1.000000e+00 2.000000e+00 1.121442e+01 0.000000e+00 1.000000e+00 2.000000e+00 5.276371e-01 2.987027e-02 0.000000e+00 2.361551e-01
15.000 135.000 3.380117e+01 3.760653e+01 -5.329055e-02 8.438300e+00 3.390698e+01 3.750937e+01 -5.044207e-02 8.440062e+00 3.829481e-01 2.648287e-02 -2.386700e-04 -5.169720e-02
15.000 165.000 2.303092e+01 4.901505e+01 -3.606604e-01 7.916724e+00 2.336163e+01 4.868080e+01 -3.514480e-01 7.946324e+00 1.356485e-01 1.781575e-02 -8.213013e-04 -6.269104e-02
15.000 195.000 3.195115e+01 4.096308e+01 -1.235963e-01 8.473511e+00 3.249178e+01 4.011289e+01 -1.049672e-01 8.473766e+00 -1.479980e-01 1.115122e-02 -1.554557e-03 2.879768e-03
15.000 225.000 1.548279e+01 0.000000e+00 1.000000e+00 2.000000e+00 1.557843e+01 0.000000e+00 1.000000e+00 2.000000e+00 -3.919886e-01 1.775500e-02 0.000000e+00 6.959669e-01
15.000 255.000 2.397063e+01 2.609333e+01 -4.239971e-02 7.069226e+00 2.402146e+01 2.579848e+01 -3.566883e-02 7.053833e+00 -5.309461e-01 2.644205e-02 -6.739959e-04 6.910842e-02
15.000 285.000 6.062087e+01 2.821891e+01 3.647236e-01 8.776219e+00 6.094069e+01 2.798889e+01 3.705381e-01 8.758978e+00 -5.276371e-01 2.987027e-02 -4.689407e-04 1.016788e-01
15.000 315.000 4.792608e+01 2.672470e+01 2.840075e-01 8.284288e+00 4.784491e+01 2.685411e+01 2.810050e-01 8.294607e+00 -3.829481e-01 2.648288e-02 2.561147e-04 8.050808e-02
15.000 345.000 4.737434e+01 4.177780e+01 6.277513e-02 9.423418e+00 4.707092e+01 4.309883e+01 4.405120e-02 9.486557e+00 -1.356485e-01 1.781575e-02 1.400292e-03 2.105640e-02
45.000 15.000 4.028372e+01 3.868656e+01 2.022486e-02 8.884705e+00 3.904884e+01 3.970382e+01 -8.316862e-03 8.873963e+00 1.347372e-01 2.351008e-02 2.272923e-03 -1.288866e-02
45.000 45.000 4.166206e+00 5.439134e+01 -8.577056e-01 3.934357e+00 4.047529e+00 5.586317e+01 -8.648813e-01 3.885399e+00 3.759822e-01 2.432243e-02 1.297704e-03 -3.135618e-01
45.000 75.000 3.408924e+01 2.858743e+01 8.778091e-02 7.886299e+00 3.261488e+01 2.913394e+01 5.637254e-02 7.845546e+00 5.164830e-01 2.339119e-02 2.823445e-03 -5.436013e-02
45.000 105.000 6.205412e+00 3.669667e+01 -7.107174e-01 4.607756e+00 6.037889e+00 3.753153e+01 -7.228382e-01 4.561207e+00 5.185927e-01 2.153738e-02 1.869478e-03 -2.667886e-01
45.000 135.000 4.144286e+01 2.999931e+01 1.601792e-01 8.343210e+00 4.138060e+01 3.003968e+01 1.587913e-01 8.343827e+00 3.817458e-01 2.061559e-02 1.176235e-04 -2.655644e-02
45.000 165.000 2.027583e+01 4.938043e+01 -4.178318e-01 7.582574e+00 2.073261e+01 4.866175e+01 -4.024698e-01 7.625859e+00 1.426105e-01 2.166645e-02 -1.428489e-03 -7.391158e-02
45.000 195.000 3.854005e+01 3.226940e+01 8.855666e-02 8.381775e+00 4.000833e+01 3.111992e+01 1.249632e-01 8.367647e+00 -1.347372e-01 2.351008e-02 -3.073931e-03 2.664030e-02
45.000 225.000 3.368898e+01 3.337529e+01 4.677569e-03 8.189188e+00 3.500455e+01 3.171500e+01 4.930407e-02 8.158269e+00 -3.759822e-01 2.432243e-02 -3.860618e-03 4.648300e-02
45.000 255.000 5.420860e+01 4.191526e+01 1.278906e-01 9.723768e+00 5.542592e+01 4.059543e+01 1.544499e-01 9.681466e+00 -5.164830e-01 2.339119e-02 -1.935585e-03 6.626770e-02
45.000 285.000 3.949024e+01 0.000000e+00 1.000000e+00 2.000000e+00 4.023441e+01 0.000000e+00 1.000000e+00 2.000000e+00 -5.185927e-01 2.153738e-02 0.000000e+00 7.592523e-01
45.000 315.000 6.485425e+01 2.905289e+01 3.812422e-01 8.958691e+00 6.494285e+01 2.874927e+01 3.863034e-01 8.928069e+00 -3.817458e-01 2.061559e-02 -4.001615e-04 8.516713e-02
45.000 345.000 5.179913e+01 2.098311e+01 4.234003e-01 7.728824e+00 5.089830e+01 2.135671e+01 4.088518e-01 7.757375e+00 -1.426105e-01 2.166645e-02 1.328575e-03 7.323346e-02
75.000 15.000 2.749797e+01 3.636083e+01 -1.387885e-01 7.913832e+00 2.662881e+01 3.731295e+01 -1.670918e-01 7.883941e+00 1.083006e-01 2.293959e-02 2.533708e-03 -3.122230e-02
75.000 45.000 5.981213e+01 3.161251e+01 3.084466e-01 9.095414e+00 5.720699e+01 3.291809e+01 2.695021e-01 9.142164e+00 3.203202e-01 2.222101e-02 3.019901e-03 -1.305441e-03
75.000 75.000 2.492153e+01 7.135379e+01 -4.822861e-01 8.595446e+00 2.375215e+01 7.365236e+01 -5.122987e-01 8.475889e+00 4.465102e-01 2.181375e-02 2.486227e-03 -1.080565e-01
75.000 105.000 0.000000e+00 6.663109e+01 -1.000000e+00 2.000000e+00 0.000000e+00 6.881248e+01 -1.000000e+00 2.000000e+00 4.530583e-01 2.214403e-02 0.000000e+00 -7.264846e-01
75.000 135.000 6.353860e+01 7.698641e+01 -9.569693e-02 1.179992e+01 6.337031e+01 7.742333e+01 -9.981285e-02 1.180640e+01 3.382097e-01 2.286503e-02 2.465779e-04 -3.677193e-02
75.000 165.000 4.063998e+01 4.700056e+01 -7.257581e-02 9.336965e+00 4.129274e+01 4.644206e+01 -5.869178e-02 9.350539e+00 1.327381e-01 2.325389e-02 -1.050700e-03 -2.198929e-02
75.000 195.000 3.561998e+01 3.284630e+01 4.051157e-02 8.267643e+00 3.638886e+01 3.222943e+01 6.061684e-02 8.268383e+00 -1.083006e-01 2.293959e-02 -1.719467e-03 1.799927e-02
75.000 225.000 2.864333e+01 3.720220e+01 -1.299840e-01 8.045683e+00 3.011607e+01 3.606737e+01 -8.992128e-02 8.102363e+00 -3.203202e-01 2.222101e-02 -3.508591e-03 2.365684e-02
75.000 255.000 1.306778e+02 5.652967e+01 3.960745e-01 1.256341e+01 1.350409e+02 5.316870e+01 4.350056e-01 1.235292e+01 -4.465102e-01 2.181375e-02 -2.209589e-03 6.706646e-02
75.000 285.000 8.889430e+00 3.124872e+00 4.798080e-01 3.041122e+00 9.026274e+00 3.087203e+00 4.902862e-01 3.033419e+00 -4.530583e-01 2.214403e-02 -2.439440e-03 3.067426e-01
75.000 315.000 7.329766e+01 6.514140e+01 5.891585e-02 1.174557e+01 7.350002e+01 6.502432e+01 6.118564e-02 1.174758e+01 -3.382097e-01 2.286503e-02 -1.366338e-04 3.381059e-02
75.000 345.000 8.041300e+01 5.953904e+01 1.491508e-01 1.169781e+01 7.904115e+01 6.015918e+01 1.356460e-01 1.168927e+01 -1.327381e-01 2.325389e-02 8.166329e-04 2.409754e-02
105.000 15.000 2.527629e+01 1.310149e+01 3.172358e-01 5.874989e+00 2.316523e+01 1.368345e+01 2.573167e-01 5.865906e+00 1.489813e-01 2.325389e-02 7.217372e-03 2.863889e-02
105.000 45.000 0.000000e+00 7.040218e+01 -1.000000e+00 2.000000e+00 0.000000e+00 7.517311e+01 -1.000000e+00 2.000000e+00 3.135417e-01 2.286503e-02 0.000000e+00 -6.567279e-01
105.000 75.000 7.286065e+01 4.201699e+00 8.909533e-01 3.986280e+00 6.916839e+01 4.376322e+00 8.809888e-01 4.057539e+00 3.940889e-01 2.214403e-02 1.751818e-03 1.246417e-01
105.000 105.000 1.645415e+01 3.179405e+01 -3.179372e-01 6.585673e+00 1.611636e+01 3.283392e+01 -3.415211e-01 6.575780e+00 3.690403e-01 2.181375e-02 2.534123e-03 -1.043134e-01
105.000 135.000 1.343945e+01 1.901232e+01 -1.717278e-01 5.612019e+00 1.357273e+01 1.877859e+01 -1.609162e-01 5.613699e+00 2.451076e-01 2.222101e-02 -1.362032e-03 -7.427490e-02
105.000 165.000 5.532680e+01 3.187786e+01 2.688955e-01 8.994406e+00 5.718643e+01 3.055361e+01 3.035424e-01 8.925013e+00 5.549857e-02 2.293959e-02 -2.734331e-03 2.372544e-02
105.000 195.000 0.000000e+00 1.824192e+01 -1.000000e+00 2.000000e+00 0.000000e+00 1.763251e+01 -1.000000e+00 2.000000e+00 -1.489813e-01 2.325389e-02 0.000000e+00 -4.254806e-01
105.000 225.000 3.893278e+01 6.112789e+01 -2.218165e-01 9.753842e+00 4.153947e+01 5.815859e+01 -1.666945e-01 9.845189e+00 -3.135417e-01 2.286503e-02 -3.977414e-03 9.403975e-03
105.000 255.000 3.207496e+01 3.379255e+01 -2.607640e-02 8.113120e+00 3.287857e+01 3.179368e+01 1.677523e-02 8.040774e+00 -3.940889e-01 2.214403e-02 -3.751463e-03 4.535999e-02
105.000 285.000 1.339284e+01 2.578044e+01 -3.162258e-01 5.937676e+00 1.359247e+01 2.539359e+01 -3.027011e-01 5.950954e+00 -3.690403e-01 2.181375e-02 -1.608829e-03 8.894750e-03
105.000 315.000 2.680292e+01 7.938428e+01 -4.951761e-01 8.952663e+00 2.640645e+01 7.895386e+01 -4.987400e-01 8.896787e+00 -2.451076e-01 2.222101e-02 2.823687e-04 -2.793221e-02
105.000 345.000 3.730227e+01 5.130598e+01 -1.580407e-01 9.294896e+00 3.629734e+01 5.338655e+01 -1.905493e-01 9.296642e+00 -5.549859e-02 2.293959e-02 2.472853e-03 -1.103205e-02
135.000 15.000 0.000000e+00 3.995127e+01 -1.000000e+00 2.000000e+00 0.000000e+00 4.420791e+01 -1.000000e+00 2.000000e+00 2.254325e-01 2.166645e-02 0.000000e+00 -6.126803e-01
135.000 45.000 1.969378e+01 0.000000e+00 1.000000e+00 2.000000e+00 1.767039e+01 0.000000e+00 1.000000e+00 2.000000e+00 3.879258e-01 2.061559e-02 0.000000e+00 3.060209e-01
135.000 75.000 8.509242e+00 0.000000e+00 1.000000e+00 2.000000e+00 7.845053e+00 0.000000e+00 1.000000e+00 2.000000e+00 4.464747e-01 2.153738e-02 0.000000e+00 2.767466e-01
135.000 105.000 0.000000e+00 0.000000e+00         -nan         -nan 0.000000e+00 0.000000e+00         -nan         -nan 3.853911e-01 2.339119e-02         -nan         -nan
135.000 135.000 4.441998e+01 2.858476e+01 2.169068e-01 8.340861e+00 4.374502e+01 2.798839e+01 2.196553e-01 8.262711e+00 2.210422e-01 2.432243e-02 -2.340972e-04 -4.957934e-04
135.000 165.000 2.854874e+01 4.814239e+00 7.114023e-01 4.059335e+00 3.007654e+01 4.568142e+00 7.362861e-01 3.982864e+00 -2.534716e-03 2.351008e-02 -4.375595e-03 1.758724e-01
135.000 195.000 5.555663e+00 5.874973e+01 -8.272101e-01 4.505855e+00 5.926269e+00 5.201236e+01 -7.954294e-01 4.613068e+00 -2.254325e-01 2.166645e-02 -4.928375e-03 -1.335531e-01
135.000 225.000 0.000000e+00 0.000000e+00         -nan         -nan 0.000000e+00 0.000000e+00         -nan         -nan -3.879258e-01 2.061559e-02         -nan         -nan
135.000 255.000 0.000000e+00 3.561689e+01 -1.000000e+00 2.000000e+00 0.000000e+00 3.155660e+01 -1.000000e+00 2.000000e+00 -4.464747e-01 2.153738e-02 0.000000e+00 -2.767466e-01
135.000 285.000 3.207647e+01 2.032957e+01 2.241518e-01 7.054995e+00 3.344146e+01 1.849157e+01 2.878687e-01 6.901407e+00 -3.853911e-01 2.339119e-02 -6.456103e-03 8.639829e-02
135.000 315.000 0.000000e+00 0.000000e+00         -nan         -nan 0.000000e+00 0.000000e+00         -nan         -nan -2.210422e-01 2.432243e-02         -nan         -nan
135.000 345.000 1.581102e+01 1.730732e+01 -4.518056e-02 5.748977e+00 1.519611e+01 1.835031e+01 -9.402488e-02 5.766268e+00 2.534692e-03 2.351008e-02 5.998676e-03 -8.299713e-03
165.000 15.000 7.309254e+00 0.000000e+00 1.000000e+00 2.000000e+00 7.050503e+00 0.000000e+00 1.000000e+00 2.000000e+00 2.007979e-01 1.781575e-02 0.000000e+00 3.995852e-01
165.000 45.000 0.000000e+00 0.000000e+00         -nan         -nan 0.000000e+00 0.000000e+00         -nan         -nan 4.183201e-01 2.648287e-02         -nan         -nan
165.000 75.000 1.253754e+01 2.267790e+01 -2.879521e-01 5.682913e+00 1.063112e+01 2.531343e+01 -4.084713e-01 5.472408e+00 5.237539e-01 2.987027e-02 1.527607e-02 -1.428308e-01
165.000 105.000 0.000000e+00 2.241754e+01 -1.000000e+00 2.000000e+00 0.000000e+00 2.388855e+01 -1.000000e+00 2.000000e+00 4.888482e-01 2.644205e-02 0.000000e+00 -7.443590e-01
165.000 135.000 0.000000e+00 0.000000e+00         -nan         -nan 0.000000e+00 0.000000e+00         -nan         -nan 3.229560e-01 1.775501e-02         -nan         -nan
165.000 165.000 1.357438e+01 0.000000e+00 1.000000e+00 2.000000e+00 1.393335e+01 0.000000e+00 1.000000e+00 2.000000e+00 7.052806e-02 1.115122e-02 0.000000e+00 4.647287e-01
165.000 195.000 0.000000e+00 5.129859e+01 -1.000000e+00 2.000000e+00 0.000000e+00 4.701352e+01 -1.000000e+00 2.000000e+00 -2.007978e-01 1.781575e-02 0.000000e+00 -3.995852e-01
165.000 225.000 2.931686e+01 0.000000e+00 1.000000e+00 2.000000e+00 3.313698e+01 0.000000e+00 1.000000e+00 2.000000e+00 -4.183201e-01 2.648287e-02 0.000000e+00 7.090979e-01
165.000 255.000 4.042476e+00 0.000000e+00 1.000000e+00 2.000000e+00 4.389064e+00 0.000000e+00 1.000000e+00 2.000000e+00 -5.237539e-01 2.987027e-02 0.000000e+00 7.617920e-01
165.000 285.000 0.000000e+00 1.123093e+01 -1.000000e+00 2.000000e+00 0.000000e+00 1.037424e+01 -1.000000e+00 2.000000e+00 -4.888482e-01 2.644205e-02 0.000000e+00 -2.555536e-01
165.000 315.000 2.740964e+01 0.000000e+00 1.000000e+00 2.000000e+00 2.902318e+01 0.000000e+00 1.000000e+00 2.000000e+00 -3.229560e-01 1.775501e-02 0.000000e+00 6.614520e-01
165.000 345.000 0.000000e+00 0.000000e+00         -nan         -nan 0.000000e+00 0.000000e+00         -nan         -nan -7.052809e-02 1.115122e-02         -nan         -nan
195.000 15.000 4.139999e+01 7.049237e+00 7.090052e-01 4.908601e+00 4.109027e+01 7.310662e+00 6.979124e-01 4.982542e+00 7.052806e-02 1.115122e-02 1.585979e-03 1.300728e-01
195.000 45.000 2.067468e+01 0.000000e+00 1.000000e+00 2.000000e+00 1.807444e+01 0.000000e+00 1.000000e+00 2.000000e+00 3.229560e-01 1.775501e-02 0.000000e+00 3.385087e-01
195.000 75.000 1.289418e+01 0.000000e+00 1.000000e+00 2.000000e+00 1.145506e+01 0.000000e+00 1.000000e+00 2.000000e+00 4.888482e-01 2.644205e-02 0.000000e+00 2.555536e-01
195.000 105.000 1.567854e+01 2.920943e+01 -3.014368e-01 6.388213e+00 1.377926e+01 3.302934e+01 -4.112509e-01 6.236344e+00 5.237539e-01 2.987027e-02 1.230058e-02 -1.291725e-01
195.000 135.000 0.000000e+00 1.218807e+01 -1.000000e+00 2.000000e+00 0.000000e+00 1.334786e+01 -1.000000e+00 2.000000e+00 4.183201e-01 2.648287e-02 0.000000e+00 -7.090979e-01
195.000 165.000 0.000000e+00 0.000000e+00         -nan         -nan 0.000000e+00 0.000000e+00         -nan         -nan 2.007979e-01 1.781575e-02         -nan         -nan
195.000 195.000 0.000000e+00 3.632921e+01 -1.000000e+00 2.000000e+00 0.000000e+00 3.579627e+01 -1.000000e+00 2.000000e+00 -7.052803e-02 1.115122e-02 0.000000e+00 -4.647288e-01
195.000 225.000 2.479534e+01 3.635326e+00 7.442673e-01 3.561174e+00 2.640525e+01 3.577341e+00 7.613722e-01 3.549937e+00 -3.229560e-01 1.775500e-02 -3.401711e-03 2.996793e-01
195.000 255.000 0.000000e+00 0.000000e+00         -nan         -nan 0.000000e+00 0.000000e+00         -nan         -nan -4.888482e-01 2.644205e-02         -nan         -nan
195.000 285.000 0.000000e+00 4.119045e+00 -1.000000e+00 2.000000e+00 0.000000e+00 3.741403e+00 -1.000000e+00 2.000000e+00 -5.237539e-01 2.987027e-02 0.000000e+00 -2.380965e-01
195.000 315.000 1.871771e+01 0.000000e+00 1.000000e+00 2.000000e+00 2.079614e+01 0.000000e+00 1.000000e+00 2.000000e+00 -4.183202e-01 2.648288e-02 0.000000e+00 7.090979e-01
195.000 345.000 0.000000e+00 5.708184e+00 -1.000000e+00 2.000000e+00 0.000000e+00 5.519469e+00 -1.000000e+00 2.000000e+00 -2.007979e-01 1.781575e-02 0.000000e+00 -3.995852e-01
225.000 15.000 9.941859e+00 1.257486e+01 -1.169354e-01 4.712624e+00 1.052946e+01 1.171110e+01 -5.312987e-02 4.709329e+00 -2.534740e-03 2.351008e-02 -9.577063e-03 -2.427506e-02
225.000 45.000 3.558061e+01 9.898779e+00 5.646917e-01 5.565705e+00 3.416864e+01 9.668969e+00 5.588733e-01 5.490482e+00 2.210422e-01 2.432243e-02 7.442123e-04 6.174351e-02
225.000 75.000 1.273472e+01 1.858058e+01 -1.866775e-01 5.497636e+00 1.191258e+01 1.938529e+01 -2.387611e-01 5.432649e+00 3.853911e-01 2.339119e-02 6.738712e-03 -1.040563e-01
225.000 105.000 3.110835e+01 0.000000e+00 1.000000e+00 2.000000e+00 2.753514e+01 0.000000e+00 1.000000e+00 2.000000e+00 4.464747e-01 2.153738e-02 0.000000e+00 2.767466e-01
225.000 135.000 6.636921e+00 0.000000e+00 1.000000e+00 2.000000e+00 6.157475e+00 0.000000e+00 1.000000e+00 2.000000e+00 3.879258e-01 2.061559e-02 0.000000e+00 3.060208e-01
225.000 165.000 0.000000e+00 7.786524e+00 -1.000000e+00 2.000000e+00 0.000000e+00 8.320718e+00 -1.000000e+00 2.000000e+00 2.254325e-01 2.166645e-02 0.000000e+00 -6.126803e-01
225.000 195.000 0.000000e+00 2.483130e+01 -1.000000e+00 2.000000e+00 0.000000e+00 2.587195e+01 -1.000000e+00 2.000000e+00 2.534764e-03 2.351008e-02 0.000000e+00 -5.012328e-01
225.000 225.000 0.000000e+00 0.000000e+00         -nan         -nan 0.000000e+00 0.000000e+00         -nan         -nan -2.210422e-01 2.432243e-02         -nan         -nan
225.000 255.000 0.000000e+00 0.000000e+00         -nan         -nan 0.000000e+00 0.000000e+00         -nan         -nan -3.853910e-01 2.339119e-02         -nan         -nan
225.000 285.000 3.268659e+01 4.884101e+01 -1.981467e-01 8.850234e+00 3.623623e+01 4.450574e+01 -1.024189e-01 8.938401e+00 -4.464747e-01 2.153738e-02 -7.610356e-03 2.805884e-02
225.000 315.000 4.033841e+01 0.000000e+00 1.000000e+00 2.000000e+00 4.378995e+01 0.000000e+00 1.000000e+00 2.000000e+00 -3.879258e-01 2.061559e-02 0.000000e+00 6.939260e-01
225.000 345.000 3.693350e+01 5.268295e+00 7.503284e-01 4.294472e+00 3.978792e+01 4.932731e+00 7.793981e-01 4.189819e+00 -2.254325e-01 2.166645e-02 -4.845145e-03 2.272103e-01
255.000 15.000 1.674372e+01 3.102598e+01 -2.989815e-01 6.595420e+00 1.708509e+01 3.011962e+01 -2.761276e-01 6.603448e+00 5.549853e-02 2.293959e-02 -2.448718e-03 -5.374607e-02
255.000 45.000 1.322041e+01 4.160679e+01 -5.177426e-01 6.334853e+00 1.319225e+01 4.123402e+01 -5.152250e-01 6.322851e+00 2.451076e-01 2.222101e-02 -2.812899e-04 -1.204204e-01
255.000 75.000 2.101031e+01 0.000000e+00 1.000000e+00 2.000000e+00 1.979362e+01 0.000000e+00 1.000000e+00 2.000000e+00 3.690402e-01 2.181375e-02 0.000000e+00 3.154611e-01
255.000 105.000 2.266238e+01 6.915102e+01 -5.063383e-01 8.262834e+00 2.201061e+01 7.259063e+01 -5.346655e-01 8.219358e+00 3.940889e-01 2.214403e-02 2.430538e-03 -1.089728e-01
255.000 135.000 5.650860e+01 7.374323e+01 -1.323178e-01 1.131244e+01 5.358457e+01 7.705011e+01 -1.796272e-01 1.124365e+01 3.135417e-01 2.286503e-02 2.966172e-03 -3.941311e-02
255.000 165.000 1.362539e+01 7.059784e+01 -6.764457e-01 6.759029e+00 1.327025e+01 7.487372e+01 -6.988959e-01 6.714876e+00 1.489813e-01 2.325388e-02 2.356350e-03 -1.221214e-01
255.000 195.000 0.000000e+00 3.869672e+01 -1.000000e+00 2.000000e+00 0.000000e+00 3.939150e+01 -1.000000e+00 2.000000e+00 -5.549851e-02 2.293959e-02 0.000000e+00 -4.722197e-01
255.000 225.000 8.777789e+01 0.000000e+00 1.000000e+00 2.000000e+00 8.733841e+01 0.000000e+00 1.000000e+00 2.000000e+00 -2.451076e-01 2.222101e-02 0.000000e+00 6.225154e-01
255.000 255.000 5.129220e+01 4.963904e+00 8.235248e-01 4.254833e+00 5.314445e+01 4.919706e+00 8.305424e-01 4.243991e+00 -3.690402e-01 2.181375e-02 -1.167742e-03 2.802811e-01
255.000 285.000 5.255683e+01 3.954722e+01 1.412491e-01 9.500866e+00 5.528699e+01 3.681555e+01 2.005530e-01 9.402023e+00 -3.940889e-01 2.214403e-02 -4.436743e-03 5.634607e-02
255.000 315.000 2.137130e+01 6.185443e+01 -4.864256e-01 7.970803e+00 2.220700e+01 5.763087e+01 -4.436975e-01 8.007521e+00 -3.135417e-01 2.286503e-02 -3.781780e-03 -2.168956e-02
255.000 345.000 3.338023e+01 4.920480e+01 -1.916155e-01 8.919237e+00 3.470074e+01 4.649513e+01 -1.452586e-01 8.915303e+00 -1.489813e-01 2.325388e-02 -3.675935e-03 -4.780006e-03
285.000 15.000 4.907312e+01 2.313021e+01 3.593034e-01 7.929815e+00 4.965132e+01 2.279492e+01 3.707081e-01 7.905084e+00 1.327381e-01 2.325389e-02 -1.018549e-03 2.857121e-02
285.000 45.000 3.015015e+01 3.175683e+01 -2.595319e-02 7.865449e+00 2.992483e+01 3.254610e+01 -4.195993e-02 7.896895e+00 3.382096e-01 2.286503e-02 1.436139e-03 -4.629886e-02
285.000 75.000 3.218479e+01 9.941660e+01 -5.108746e-01 9.861763e+00 3.157286e+01 1.021247e+02 -5.276974e-01 9.821789e+00 4.530582e-01 2.214402e-02 1.208673e-03 -9.774423e-02
285.000 105.000 3.137552e+01 1.143357e+02 -5.693466e-01 9.923615e+00 3.037974e+01 1.177280e+02 -5.897616e-01 9.828178e+00 4.465102e-01 2.181375e-02 1.461684e-03 -1.023674e-01
285.000 135.000 9.914846e+01 4.288153e+01 3.961623e-01 1.094254e+01 9.305582e+01 4.395664e+01 3.583555e-01 1.092783e+01 3.203202e-01 2.222101e-02 2.444718e-03 6.930933e-03
285.000 165.000 2.536955e+01 5.277138e+01 -3.506719e-01 8.278399e+00 2.464776e+01 5.436508e+01 -3.761075e-01 8.236257e+00 1.083006e-01 2.293959e-02 2.178142e-03 -5.544197e-02
285.000 195.000 5.339495e+01 2.139075e+01 4.279454e-01 7.815987e+00 5.270800e+01 2.212460e+01 4.086909e-01 7.895153e+00 -1.327380e-01 2.325389e-02 1.733140e-03 7.173514e-02
285.000 225.000 3.723345e+01 3.939185e+01 -2.816815e-02 8.750114e+00 3.758035e+01 3.905093e+01 -1.919041e-02 8.752317e+00 -3.382096e-01 2.286503e-02 -7.254099e-04 3.543273e-02
285.000 255.000 3.938831e+01 5.742934e+01 -1.863403e-01 9.667258e+00 4.021040e+01 5.585972e+01 -1.628948e-01 9.670622e+00 -4.530582e-01 2.214402e-02 -1.714609e-03 2.758975e-02
285.000 285.000 7.466209e+01 3.987358e+01 3.037352e-01 1.019653e+01 7.671947e+01 3.821242e+01 3.350423e-01 1.010101e+01 -4.465102e-01 2.181375e-02 -2.181273e-03 7.357835e-02
285.000 315.000 7.814848e+00 1.499003e+01 -3.146337e-01 4.532916e+00 8.028447e+00 1.436143e+01 -2.828503e-01 4.538567e+00 -3.203202e-01 2.222101e-02 -4.954920e-03 1.254481e-03
285.000 345.000 1.209184e+01 4.225976e+01 -5.550512e-01 6.132443e+00 1.248650e+01 4.132101e+01 -5.358826e-01 6.193190e+00 -1.083006e-01 2.293959e-02 -2.199338e-03 -7.284985e-02
315.000 15.000 4.652801e+01 6.722224e+01 -1.819269e-01 1.048739e+01 4.752239e+01 6.585707e+01 -1.617108e-01 1.050783e+01 1.426105e-01 2.166645e-02 -1.361731e-03 -3.094541e-02
315.000 45.000 1.660736e+01 4.836527e+01 -4.887890e-01 7.032050e+00 1.656287e+01 4.881113e+01 -4.932888e-01 7.033228e+00 3.817458e-01 2.061559e-02 4.524443e-04 -1.237948e-01
315.000 75.000 1.457077e+01 6.879665e+01 -6.504446e-01 6.935163e+00 1.445923e+01 7.062621e+01 -6.601245e-01 6.928798e+00 5.185926e-01 2.153738e-02 9.874109e-04 -1.685659e-01
315.000 105.000 2.216900e+01 3.819382e+01 -2.654750e-01 7.490569e+00 2.120078e+01 3.888847e+01 -2.943570e-01 7.408289e+00 5.164830e-01 2.339119e-02 2.741464e-03 -1.043918e-01
315.000 135.000 1.134691e+02 1.300618e+02 -6.813389e-02 1.556921e+01 1.071778e+02 1.353156e+02 -1.160352e-01 1.546701e+01 3.759822e-01 2.432243e-02 2.182683e-03 -2.852524e-02
315.000 165.000 1.628369e+01 3.862940e+01 -4.069287e-01 6.769046e+00 1.584222e+01 4.023905e+01 -4.350263e-01 6.742997e+00 1.347373e-01 2.351008e-02 2.940785e-03 -8.002053e-02
315.000 195.000 2.336594e+01 7.781859e+01 -5.381519e-01 8.478251e+00 2.287724e+01 7.948006e+01 -5.529926e-01 8.429493e+00 -1.426104e-01 2.166645e-02 1.241314e-03 -4.665351e-02
315.000 225.000 5.633887e+01 3.278288e+01 2.643124e-01 9.104703e+00 5.668582e+01 3.269631e+01 2.683927e-01 9.107334e+00 -3.817458e-01 2.061559e-02 -3.168415e-04 7.095855e-02
315.000 255.000 3.541048e+01 6.132543e+01 -2.678938e-01 9.475941e+00 3.575283e+01 5.947163e+01 -2.490831e-01 9.450741e+00 -5.185926e-01 2.153738e-02 -1.405550e-03 2.645628e-02
315.000 285.000 3.139574e+01 2.177020e+01 1.810470e-01 7.171002e+00 3.210151e+01 2.113868e+01 2.059125e-01 7.140225e+00 -5.164830e-01 2.339119e-02 -2.457169e-03 9.727042e-02
315.000 315.000 1.789722e+01 3.121255e+01 -2.711339e-01 6.745334e+00 1.850368e+01 2.990750e+01 -2.355616e-01 6.762018e+00 -3.759822e-01 2.432243e-02 -3.724401e-03 1.554373e-02
315.000 345.000 4.570333e+01 8.292475e+00 6.928474e-01 5.298659e+00 4.735608e+01 8.114585e+00 7.074279e-01 5.264042e+00 -1.347373e-01 2.351008e-02 -1.952133e-03 1.561860e-01
345.000 15.000 1.397555e+01 5.832530e+01 -6.134056e-01 6.715390e+00 1.416409e+01 5.825145e+01 -6.088108e-01 6.750902e+00 1.356485e-01 1.781575e-02 -4.825446e-04 -1.115425e-01
345.000 45.000 3.378990e+01 1.476274e+01 3.918874e-01 6.410627e+00 3.389874e+01 1.470542e+01 3.948906e-01 6.405068e+00 3.829481e-01 2.648287e-02 -3.314031e-04 1.394436e-03
345.000 75.000 0.000000e+00 0.000000e+00         -nan         -nan 0.000000e+00 0.000000e+00         -nan         -nan 5.276371e-01 2.987027e-02         -nan         -nan
345.000 105.000 1.715629e+01 5.270757e+01 -5.088651e-01 7.195349e+00 1.683589e+01 5.317276e+01 -5.190339e-01 7.151824e+00 5.309461e-01 2.644205e-02 1.002343e-03 -1.445106e-01
345.000 135.000 2.468173e+01 2.611208e+01 -2.815982e-02 7.124151e+00 2.419213e+01 2.633892e+01 -4.248453e-02 7.102101e+00 3.919886e-01 1.775501e-02 1.423999e-03 -5.897505e-02
345.000 165.000 3.519111e+01 5.088665e+01 -1.823413e-01 9.122270e+00 3.446451e+01 5.153936e+01 -1.985357e-01 9.089219e+00 1.479981e-01 1.115123e-02 1.257576e-03 -3.621238e-02
345.000 195.000 6.358613e+01 1.087027e+01 7.080098e-01 6.093689e+00 6.302394e+01 1.096925e+01 7.035065e-01 6.113296e+00 -1.356484e-01 1.781575e-02 5.217278e-04 1.384473e-01
345.000 225.000 2.286761e+01 1.330760e+01 2.642696e-01 5.800758e+00 2.284061e+01 1.337646e+01 2.613174e-01 5.808953e+00 -3.829481e-01 2.648287e-02 3.596164e-04 1.115735e-01
345.000 255.000 7.984737e+01 7.164996e+00 8.353108e-01 5.128352e+00 8.001178e+01 7.115449e+00 8.366653e-01 5.112474e+00 -5.276371e-01 2.987027e-02 -1.870469e-04 2.657627e-01
345.000 285.000 1.958758e+01 1.494626e+01 1.343990e-01 5.823234e+00 1.975945e+01 1.474041e+01 1.454802e-01 5.811170e+00 -5.309462e-01 2.644205e-02 -1.346964e-03 1.142558e-01
345.000 315.000 6.750599e+01 3.955845e+01 2.610347e-01 9.988452e+00 6.883893e+01 3.867073e+01 2.806092e-01 9.952094e+00 -3.919886e-01 1.775501e-02 -1.388251e-03 6.537773e-02
345.000 345.000 7.598882e+01 3.442062e+01 3.764913e-01 9.734443e+00 7.737414e+01 3.384938e+01 3.913270e-01 9.705210e+00 -1.479981e-01 1.115123e-02 -1.079277e-03 5.387972e-02
