  #t  #Q2   A1M1_AVG      A_1M1     dA_1M1   A0P1_AVG      A_0P1     dA_0P1   A2M1_AVG      A_2M1     dA_2M1   A3M1_AVG      A_3M1     dA_3M1   A1P1_AVG      A_1P1     dA_1P1       Asym      Astat          t         tp         xb         Q2          W     Dilute
   1    0 -5.263e-03  2.573e-03 7.5685e-03  3.955e-01  4.851e-01 7.4468e-03  1.107e-03  1.041e-01 7.6016e-03  1.122e-03 -1.866e-02 7.4658e-03  4.265e-03 -3.693e-02 7.4819e-03 1.4035e-02 2.4511e-03 2.8341e-01 1.9541e-03 4.2470e-01 5.1976e+00 2.8032e+00 7.8572e-01
   Phi   PhiS      N_U_avg      N_D_avg     Asym_avg    dAsym_avg      N_U_fit      N_D_fit     Asym_fit    dAsym_fit     Asym_cal    dAsym_cal     GOOD_fit     GOOD_cal
15.000 15.000 1.111261e+03 1.179691e+03 -2.986977e-02 4.784253e+01 1.101055e+03 1.186822e+03 -3.748741e-02 4.779814e+01 1.247012e-01 5.959432e-03 1.126400e-04 -3.230827e-03
15.000 45.000 1.100197e+03 1.719449e+03 -2.196207e-01 5.180391e+01 1.098759e+03 1.719188e+03 -2.201705e-01 5.178173e+01 2.828056e-01 9.375655e-03 7.506483e-06 -9.698617e-03
15.000 75.000 1.176244e+03 1.899142e+03 -2.350593e-01 5.390234e+01 1.189459e+03 1.882389e+03 -2.255742e-01 5.399575e+01 3.651325e-01 1.391069e-02 -1.243214e-04 -1.113480e-02
15.000 105.000 1.297071e+03 1.745736e+03 -1.474513e-01 5.455869e+01 1.331626e+03 1.733494e+03 -1.311102e-01 5.488562e+01 3.496225e-01 1.570743e-02 -2.111541e-04 -9.110807e-03
15.000 135.000 1.059587e+03 1.445317e+03 -1.539899e-01 4.945205e+01 1.089534e+03 1.416887e+03 -1.306056e-01 4.963534e+01 2.404313e-01 1.394043e-02 -3.337490e-04 -7.975832e-03
15.000 165.000 1.083468e+03 1.420058e+03 -1.344463e-01 4.958098e+01 1.102392e+03 1.397554e+03 -1.180673e-01 4.964974e+01 6.681686e-02 9.419719e-03 -2.334300e-04 -4.059282e-03
15.000 195.000 1.691451e+03 1.060467e+03 2.292887e-01 5.106115e+01 1.707068e+03 1.051723e+03 2.375480e-01 5.102072e+01 -1.247012e-01 5.959432e-03 -1.144215e-04 6.932666e-03
15.000 225.000 1.897147e+03 8.783414e+02 3.670726e-01 4.900523e+01 1.892154e+03 8.801236e+02 3.650538e-01 4.901869e+01 -2.828056e-01 9.375654e-03 2.912580e-05 1.326140e-02
15.000 255.000 1.277373e+03 1.259692e+03 6.968883e-03 5.036806e+01 1.263179e+03 1.272971e+03 -3.861066e-03 5.035982e+01 -3.651325e-01 1.391069e-02 1.520518e-04 7.387646e-03
15.000 285.000 1.587890e+03 1.299920e+03 9.971920e-02 5.347049e+01 1.565379e+03 1.323363e+03 8.377894e-02 5.355807e+01 -3.496225e-01 1.570743e-02 2.106253e-04 8.403545e-03
15.000 315.000 1.984069e+03 1.030869e+03 3.161590e-01 5.209199e+01 1.950792e+03 1.057178e+03 2.970820e-01 5.236882e+01 -2.404314e-01 1.394043e-02 2.582678e-04 1.068476e-02
15.000 345.000 1.547373e+03 1.515417e+03 1.043366e-02 5.533947e+01 1.522258e+03 1.542022e+03 -6.449897e-03 5.535479e+01 -6.681687e-02 9.419720e-03 2.157019e-04 1.395939e-03
45.000 15.000 9.583685e+02 1.452225e+03 -2.048692e-01 4.805640e+01 9.245524e+02 1.498143e+03 -2.367572e-01 4.782148e+01 1.792501e-01 1.247945e-02 4.703520e-04 -7.993094e-03
45.000 45.000 8.238353e+02 1.228921e+03 -1.973375e-01 4.441641e+01 7.895074e+02 1.262341e+03 -2.304427e-01 4.407820e+01 3.610373e-01 1.297446e-02 5.290442e-04 -1.257136e-02
45.000 75.000 1.600208e+03 1.495206e+03 3.392188e-02 5.560442e+01 1.538726e+03 1.525670e+03 4.260642e-03 5.535649e+01 4.460848e-01 1.239835e-02 3.780360e-04 -7.412413e-03
45.000 105.000 1.136771e+03 1.019363e+03 5.445301e-02 4.636531e+01 1.122843e+03 1.022225e+03 4.690695e-02 4.626390e+01 4.116043e-01 1.124730e-02 1.152092e-04 -7.702985e-03
45.000 135.000 1.019255e+03 1.428905e+03 -1.673296e-01 4.878129e+01 1.029517e+03 1.426160e+03 -1.615211e-01 4.890410e+01 2.668347e-01 1.067248e-02 -8.409159e-05 -8.900222e-03
45.000 165.000 1.652508e+03 9.529356e+02 2.685042e-01 4.916915e+01 1.691391e+03 9.327715e+02 2.890902e-01 4.903930e+01 5.056698e-02 1.133663e-02 -2.964404e-04 4.432397e-03
45.000 195.000 1.327848e+03 1.543341e+03 -7.505359e-02 5.343235e+01 1.368146e+03 1.487834e+03 -4.190790e-02 5.339442e+01 -1.792501e-01 1.247945e-02 -4.387952e-04 1.950065e-03
45.000 225.000 1.444644e+03 9.025431e+02 2.309578e-01 4.713793e+01 1.485614e+03 8.732477e+02 2.596025e-01 4.690298e+01 -3.610373e-01 1.297446e-02 -4.307663e-04 1.255878e-02
45.000 255.000 1.197266e+03 9.150732e+02 1.335926e-01 4.554822e+01 1.225974e+03 8.919361e+02 1.577204e-01 4.544475e+01 -4.460848e-01 1.239835e-02 -3.749929e-04 1.272668e-02
45.000 285.000 1.252258e+03 1.273041e+03 -8.230208e-03 5.025065e+01 1.257681e+03 1.236883e+03 8.337342e-03 4.994387e+01 -4.116043e-01 1.124730e-02 -2.338446e-04 8.027241e-03
45.000 315.000 1.166439e+03 1.055231e+03 5.005587e-02 4.707551e+01 1.164119e+03 1.066154e+03 4.392530e-02 4.718019e+01 -2.668347e-01 1.067248e-02 9.198317e-05 6.731537e-03
45.000 345.000 1.486280e+03 1.022015e+03 1.850918e-01 4.921751e+01 1.450713e+03 1.045169e+03 1.624853e-01 4.929490e+01 -5.056700e-02 1.133663e-02 3.245317e-04 4.788110e-03
75.000 15.000 1.260779e+03 1.733600e+03 -1.579031e-01 5.403443e+01 1.221444e+03 1.786188e+03 -1.877701e-01 5.386641e+01 1.737912e-01 1.206159e-02 3.914548e-04 -6.138574e-03
75.000 45.000 6.736151e+02 1.525983e+03 -3.875107e-01 4.323536e+01 6.331045e+02 1.606452e+03 -4.346161e-01 4.262070e+01 4.128746e-01 1.174502e-02 7.758960e-04 -1.851228e-02
75.000 75.000 9.601063e+02 1.952562e+03 -3.407377e-01 5.073954e+01 8.794831e+02 2.080137e+03 -4.056784e-01 4.972465e+01 5.413285e-01 1.155780e-02 9.141095e-04 -1.738420e-02
75.000 105.000 9.278548e+02 1.274527e+03 -1.574079e-01 4.634450e+01 8.522977e+02 1.344192e+03 -2.239455e-01 4.567638e+01 5.247339e-01 1.169429e-02 1.022550e-03 -1.471894e-02
75.000 135.000 1.098095e+03 1.182376e+03 -3.695769e-02 4.772165e+01 1.048511e+03 1.222352e+03 -7.655257e-02 4.751373e+01 3.675373e-01 1.201219e-02 5.879694e-04 -8.476131e-03
75.000 165.000 8.213375e+02 1.251116e+03 -2.073768e-01 4.453457e+01 8.187153e+02 1.261343e+03 -2.127959e-01 4.456309e+01 1.118594e-01 1.219244e-02 8.601458e-05 -7.168278e-03
75.000 195.000 1.283568e+03 1.443422e+03 -5.861907e-02 5.213079e+01 1.319787e+03 1.388775e+03 -2.547065e-02 5.202696e+01 -1.737912e-01 1.206159e-02 -4.500762e-04 2.209292e-03
75.000 225.000 2.082780e+03 9.162990e+02 3.889464e-01 5.045176e+01 2.203529e+03 8.575914e+02 4.396879e-01 4.969233e+01 -4.128745e-01 1.174502e-02 -7.165396e-04 1.589282e-02
75.000 255.000 2.268207e+03 1.077541e+03 3.558745e-01 5.405571e+01 2.417800e+03 9.809313e+02 4.227662e-01 5.283249e+01 -5.413285e-01 1.155780e-02 -8.849713e-04 1.659775e-02
75.000 285.000 2.314854e+03 6.831953e+02 5.442402e-01 4.593512e+01 2.455371e+03 6.319598e+02 5.906109e-01 4.483753e+01 -5.247339e-01 1.169429e-02 -7.223899e-04 2.327139e-02
75.000 315.000 1.416916e+03 1.205970e+03 8.042539e-02 5.104822e+01 1.467925e+03 1.145800e+03 1.232435e-01 5.073486e+01 -3.675373e-01 1.201219e-02 -5.949287e-04 8.775285e-03
75.000 345.000 1.467655e+03 1.574174e+03 -3.501809e-02 5.511895e+01 1.477476e+03 1.554214e+03 -2.531187e-02 5.504314e+01 -1.118594e-01 1.219244e-02 -1.246043e-04 1.394100e-03
105.000 15.000 1.675958e+03 1.328880e+03 1.155063e-01 5.444950e+01 1.681026e+03 1.323510e+03 1.189922e-01 5.442421e+01 8.536078e-02 1.219244e-02 -4.528001e-05 5.536410e-04
105.000 45.000 1.200804e+03 1.234163e+03 -1.369998e-02 4.934075e+01 1.147923e+03 1.275703e+03 -5.272279e-02 4.916187e+01 3.723838e-01 1.201219e-02 5.602541e-04 -7.824847e-03
105.000 75.000 1.217827e+03 1.655470e+03 -1.523138e-01 5.297771e+01 1.097692e+03 1.767111e+03 -2.336701e-01 5.204209e+01 5.596270e-01 1.169429e-02 1.095513e-03 -1.343850e-02
105.000 105.000 1.011813e+03 1.380586e+03 -1.541434e-01 4.832758e+01 8.915320e+02 1.487869e+03 -2.506249e-01 4.722228e+01 5.969185e-01 1.155780e-02 1.427908e-03 -1.554106e-02
105.000 135.000 1.388287e+03 1.679845e+03 -9.502795e-02 5.514006e+01 1.249799e+03 1.815579e+03 -1.845712e-01 5.441463e+01 4.742662e-01 1.174502e-02 1.155865e-03 -1.032451e-02
105.000 165.000 1.577418e+03 1.605099e+03 -8.698032e-03 5.641166e+01 1.486566e+03 1.681338e+03 -6.148277e-02 5.617766e+01 2.245347e-01 1.206159e-02 6.630179e-04 -4.134476e-03
105.000 195.000 1.153014e+03 1.627635e+03 -1.706871e-01 5.195804e+01 1.140089e+03 1.636292e+03 -1.787229e-01 5.184302e+01 -8.536074e-02 1.219244e-02 1.094817e-04 -1.642216e-03
105.000 225.000 2.066836e+03 1.069717e+03 3.179025e-01 5.309959e+01 2.138199e+03 1.020104e+03 3.540178e-01 5.255927e+01 -3.723838e-01 1.201219e-02 -4.833860e-04 1.299984e-02
105.000 255.000 1.999726e+03 1.206035e+03 2.475827e-01 5.485669e+01 2.150350e+03 1.092641e+03 3.261523e-01 5.383323e+01 -5.596270e-01 1.169429e-02 -1.022260e-03 1.471488e-02
105.000 285.000 1.372665e+03 1.334175e+03 1.421930e-02 5.202204e+01 1.486154e+03 1.178570e+03 1.154281e-01 5.127593e+01 -5.969185e-01 1.155780e-02 -1.385576e-03 1.174767e-02
105.000 315.000 1.744729e+03 1.332031e+03 1.341341e-01 5.496729e+01 1.873142e+03 1.193004e+03 2.218220e-01 5.399330e+01 -4.742662e-01 1.174502e-02 -1.138068e-03 1.106841e-02
105.000 345.000 1.344655e+03 1.388841e+03 -1.616469e-02 5.227601e+01 1.411874e+03 1.303706e+03 3.983232e-02 5.206987e+01 -2.245347e-01 1.206159e-02 -7.589334e-04 3.985959e-03
135.000 15.000 7.714309e+02 1.042781e+03 -1.495692e-01 4.211445e+01 8.069528e+02 9.973977e+02 -1.055476e-01 4.224038e+01 -5.664759e-04 1.133663e-02 -7.380246e-04 -3.538044e-03
135.000 45.000 8.342902e+02 1.244279e+03 -1.972458e-01 4.469565e+01 8.278747e+02 1.239142e+03 -1.989668e-01 4.455545e+01 2.719807e-01 1.067248e-02 2.726915e-05 -1.049826e-02
135.000 75.000 7.725827e+02 1.291638e+03 -2.514533e-01 4.397388e+01 7.275880e+02 1.340898e+03 -2.965021e-01 4.343545e+01 4.716508e-01 1.124730e-02 7.288385e-04 -1.644395e-02
135.000 105.000 9.612369e+02 1.416428e+03 -1.914448e-01 4.785939e+01 8.734327e+02 1.500190e+03 -2.640508e-01 4.699071e+01 5.449425e-01 1.239835e-02 1.082510e-03 -1.538647e-02
135.000 135.000 6.529401e+02 1.304976e+03 -3.330253e-01 4.172255e+01 5.887581e+02 1.406715e+03 -4.099063e-01 4.074540e+01 4.722173e-01 1.297446e-02 1.318312e-03 -1.929994e-02
135.000 165.000 8.042676e+02 9.922306e+02 -1.046275e-01 4.215249e+01 7.403674e+02 1.063632e+03 -1.791934e-01 4.178604e+01 2.729619e-01 1.247945e-02 1.256291e-03 -8.957700e-03
135.000 195.000 9.319293e+02 1.385454e+03 -1.957055e-01 4.720832e+01 9.010280e+02 1.445965e+03 -2.321851e-01 4.712183e+01 5.665051e-04 1.133663e-02 5.469078e-04 -4.157571e-03
135.000 225.000 5.693048e+02 9.671273e+02 -2.589262e-01 3.786061e+01 5.661617e+02 9.675757e+02 -2.617228e-01 3.779786e+01 -2.719807e-01 1.067248e-02 5.227350e-05 3.448034e-04
135.000 255.000 1.977795e+03 9.765840e+02 3.388904e-01 5.113783e+01 2.048919e+03 9.231484e+02 3.787836e-01 5.045437e+01 -4.716508e-01 1.124730e-02 -5.553207e-04 1.585013e-02
135.000 285.000 1.290134e+03 8.164010e+02 2.248872e-01 4.472134e+01 1.371002e+03 7.414792e+02 2.980017e-01 4.387348e+01 -5.449425e-01 1.239835e-02 -1.167051e-03 1.721392e-02
135.000 315.000 9.690743e+02 8.942633e+02 4.014890e-02 4.313159e+01 1.041374e+03 8.035364e+02 1.289156e-01 4.259401e+01 -4.722173e-01 1.297446e-02 -1.464354e-03 1.187914e-02
135.000 345.000 8.846789e+02 7.827016e+02 6.116015e-02 4.075713e+01 9.473345e+02 7.215319e+02 1.353030e-01 4.047610e+01 -2.729619e-01 1.247945e-02 -1.290767e-03 8.197880e-03
165.000 15.000 6.861863e+02 5.695171e+02 9.291143e-02 3.528262e+01 7.087764e+02 5.517126e+02 1.246054e-01 3.522667e+01 3.706976e-02 9.419720e-03 -6.356905e-04 1.582696e-03
165.000 45.000 5.273728e+02 6.136089e+02 -7.558059e-02 3.368180e+01 5.378837e+02 6.032287e+02 -5.726425e-02 3.372492e+01 2.444979e-01 1.394042e-02 -3.842823e-04 -9.503009e-03
165.000 75.000 3.662332e+02 7.110226e+02 -3.200627e-01 3.109504e+01 3.684000e+02 7.123353e+02 -3.182420e-01 3.116538e+01 3.864130e-01 1.570743e-02 -4.135632e-05 -2.271988e-02
165.000 105.000 5.064712e+02 8.374381e+02 -2.462717e-01 3.553029e+01 4.929423e+02 8.523874e+02 -2.671799e-01 3.534534e+01 4.247891e-01 1.391069e-02 4.171893e-04 -1.888701e-02
165.000 135.000 3.626464e+02 6.976151e+02 -3.159302e-01 3.089393e+01 3.499089e+02 7.142793e+02 -3.423928e-01 3.065013e+01 3.493433e-01 9.375655e-03 6.080750e-04 -2.153412e-02
165.000 165.000 5.020878e+02 5.618792e+02 -5.619673e-02 3.256696e+01 4.854727e+02 5.792275e+02 -8.805747e-02 3.250299e+01 1.802912e-01 5.959433e-03 6.924529e-04 -7.261591e-03
165.000 195.000 4.055945e+02 5.777106e+02 -1.750383e-01 3.087358e+01 3.913145e+02 6.001119e+02 -2.106030e-01 3.078073e+01 -3.706973e-02 9.419719e-03 8.157738e-04 -4.468823e-03
165.000 225.000 4.582315e+02 5.001453e+02 -4.373418e-02 3.092804e+01 4.496172e+02 5.095963e+02 -6.252942e-02 3.091056e+01 -2.444979e-01 1.394042e-02 4.298366e-04 6.491316e-03
165.000 255.000 6.617971e+02 4.582566e+02 1.817238e-01 3.290996e+01 6.611387e+02 4.589270e+02 1.805356e-01 3.291746e+01 -3.864130e-01 1.570743e-02 2.552858e-05 1.726337e-02
165.000 285.000 7.895041e+02 5.285320e+02 1.980007e-01 3.558600e+01 8.009355e+02 5.130707e+02 2.190741e-01 3.536867e+01 -4.247891e-01 1.391069e-02 -4.200173e-04 1.750098e-02
165.000 315.000 7.490952e+02 3.889342e+02 3.164778e-01 3.200073e+01 7.709637e+02 3.736532e+02 3.471122e-01 3.172862e+01 -3.493433e-01 9.375655e-03 -6.798000e-04 2.080643e-02
165.000 345.000 8.275127e+02 5.716665e+02 1.828545e-01 3.677494e+01 8.533406e+02 5.506715e+02 2.155744e-01 3.658913e+01 -1.802912e-01 5.959433e-03 -6.307268e-04 9.874815e-03
195.000 15.000 4.989759e+02 4.688289e+02 3.114983e-02 3.109447e+01 4.850358e+02 4.814726e+02 3.686589e-03 3.108851e+01 1.802912e-01 5.959431e-03 6.245905e-04 -4.796395e-03
195.000 45.000 5.806841e+02 6.010922e+02 -1.726897e-02 3.437185e+01 5.646538e+02 6.159291e+02 -4.343224e-02 3.432719e+01 3.493432e-01 9.375655e-03 5.385875e-04 -1.066606e-02
195.000 75.000 3.121538e+02 7.264697e+02 -3.989086e-01 2.955248e+01 3.090141e+02 7.382075e+02 -4.098401e-01 2.951815e+01 4.247891e-01 1.391069e-02 2.617099e-04 -2.787237e-02
195.000 105.000 3.551283e+02 8.321308e+02 -4.017678e-01 3.155336e+01 3.550397e+02 8.306404e+02 -4.011207e-01 3.154214e+01 3.864130e-01 1.570744e-02 -1.450558e-05 -2.497929e-02
195.000 135.000 6.643651e+02 7.419006e+02 -5.513578e-02 3.744317e+01 6.772082e+02 7.275149e+02 -3.581253e-02 3.745559e+01 2.444979e-01 1.394042e-02 -3.648552e-04 -8.002360e-03
195.000 165.000 5.485681e+02 6.442743e+02 -8.023374e-02 3.442620e+01 5.683505e+02 6.227079e+02 -4.563786e-02 3.447575e+01 3.706980e-02 9.419719e-03 -7.100808e-04 -3.407391e-03
195.000 195.000 6.230703e+02 3.389546e+02 2.953309e-01 2.963303e+01 6.452352e+02 3.282290e+02 3.256475e-01 2.949969e+01 -1.802911e-01 5.959431e-03 -7.250482e-04 1.605040e-02
195.000 225.000 5.281680e+02 4.346437e+02 9.713667e-02 3.088247e+01 5.374037e+02 4.208063e+02 1.216825e-01 3.072494e+01 -3.493432e-01 9.375654e-03 -5.634543e-04 1.445739e-02
195.000 255.000 8.336898e+02 4.419882e+02 3.070536e-01 3.399124e+01 8.507866e+02 4.314080e+02 3.270787e-01 3.383821e+01 -4.247891e-01 1.391069e-02 -4.175137e-04 2.153033e-02
195.000 285.000 9.716050e+02 6.025236e+02 2.344671e-01 3.856930e+01 9.729606e+02 6.074311e+02 2.312905e-01 3.867620e+01 -3.864130e-01 1.570744e-02 5.815775e-05 1.609778e-02
195.000 315.000 5.340186e+02 6.133734e+02 -6.916102e-02 3.379207e+01 5.264415e+02 6.284489e+02 -8.832641e-02 3.385086e+01 -2.444979e-01 1.394043e-02 4.006915e-04 5.188701e-03
195.000 345.000 5.519254e+02 7.266235e+02 -1.366377e-01 3.542144e+01 5.369847e+02 7.526088e+02 -1.672032e-01 3.540537e+01 -3.706982e-02 9.419719e-03 6.103069e-04 -2.810950e-03
225.000 15.000 8.898700e+02 9.493844e+02 -3.235790e-02 4.286407e+01 8.168020e+02 1.016452e+03 -1.089045e-01 4.256185e+01 2.729618e-01 1.247945e-02 1.267210e-03 -7.122976e-03
225.000 45.000 8.336297e+02 1.224679e+03 -1.899857e-01 4.454228e+01 7.554472e+02 1.315143e+03 -2.703074e-01 4.380982e+01 4.722173e-01 1.297446e-02 1.285631e-03 -1.486684e-02
225.000 75.000 9.346645e+02 1.622361e+03 -2.689441e-01 4.870394e+01 8.452633e+02 1.738597e+03 -3.457360e-01 4.769699e+01 5.449425e-01 1.239835e-02 1.126486e-03 -1.671090e-02
225.000 105.000 1.115696e+03 1.169237e+03 -2.343205e-02 4.778785e+01 1.059098e+03 1.210071e+03 -6.653215e-02 4.753025e+01 4.716508e-01 1.124730e-02 6.394642e-04 -1.036002e-02
225.000 135.000 1.079028e+03 1.251074e+03 -7.383636e-02 4.813937e+01 1.090155e+03 1.259699e+03 -7.215104e-02 4.834895e+01 2.719807e-01 1.067248e-02 -2.470140e-05 -7.183664e-03
225.000 165.000 1.023842e+03 9.154796e+02 5.587666e-02 4.396893e+01 1.069697e+03 8.807789e+02 9.685728e-02 4.395654e+01 -5.664544e-04 1.133663e-02 -6.591417e-04 1.283704e-03
225.000 195.000 1.139029e+03 1.182529e+03 -1.873743e-02 4.817410e+01 1.226565e+03 1.088977e+03 5.941926e-02 4.803506e+01 -2.729618e-01 1.247945e-02 -1.148853e-03 5.277201e-03
225.000 225.000 1.380923e+03 1.009268e+03 1.554917e-01 4.829494e+01 1.485371e+03 9.142995e+02 2.379791e-01 4.757906e+01 -4.722173e-01 1.297446e-02 -1.216718e-03 1.299740e-02
225.000 255.000 1.125669e+03 3.588071e+02 5.165875e-01 3.298977e+01 1.200966e+03 3.295273e+02 5.693842e-01 3.216069e+01 -5.449425e-01 1.239835e-02 -1.145959e-03 3.217755e-02
225.000 285.000 1.380140e+03 9.291439e+02 1.952971e-01 4.712967e+01 1.435120e+03 8.705508e+02 2.448610e-01 4.655566e+01 -4.716508e-01 1.124730e-02 -7.481710e-04 1.415134e-02
225.000 315.000 9.953734e+02 8.122960e+02 1.012781e-01 4.229808e+01 9.897089e+02 8.181473e+02 9.489782e-02 4.232701e+01 -2.719807e-01 1.067248e-02 1.066244e-04 8.824486e-03
225.000 345.000 1.087270e+03 8.257797e+02 1.366875e-01 4.332790e+01 1.039627e+03 8.646718e+02 9.187399e-02 4.345371e+01 5.664252e-04 1.133663e-02 7.302914e-04 3.141650e-03
255.000 15.000 1.116919e+03 1.787061e+03 -2.307669e-01 5.243408e+01 1.049265e+03 1.880713e+03 -2.837730e-01 5.190410e+01 2.245347e-01 1.206159e-02 7.184421e-04 -8.683314e-03
255.000 45.000 8.744977e+02 1.689359e+03 -3.178263e-01 4.800908e+01 7.964499e+02 1.828028e+03 -3.930603e-01 4.710632e+01 4.742662e-01 1.174502e-02 1.118558e-03 -1.649880e-02
255.000 75.000 9.997485e+02 2.321651e+03 -3.979956e-01 5.287048e+01 8.788362e+02 2.515751e+03 -4.822132e-01 5.104161e+01 5.969185e-01 1.155780e-02 1.146000e-03 -1.881795e-02
255.000 105.000 1.384193e+03 2.138677e+03 -2.141675e-01 5.797658e+01 1.251126e+03 2.291760e+03 -2.937250e-01 5.689662e+01 5.596270e-01 1.169429e-02 9.793954e-04 -1.334667e-02
255.000 135.000 1.478473e+03 1.819887e+03 -1.035102e-01 5.712285e+01 1.416819e+03 1.887738e+03 -1.425060e-01 5.689857e+01 3.723839e-01 1.201219e-02 4.836654e-04 -8.331063e-03
255.000 165.000 1.475339e+03 1.332104e+03 5.101968e-02 5.291630e+01 1.485358e+03 1.319283e+03 5.921427e-02 5.286593e+01 8.536079e-02 1.219244e-02 -1.095543e-04 -6.489703e-04
255.000 195.000 1.481821e+03 1.707089e+03 -7.064108e-02 5.632936e+01 1.563040e+03 1.613593e+03 -1.591390e-02 5.635449e+01 -2.245346e-01 1.206159e-02 -6.868413e-04 2.732031e-03
255.000 225.000 1.892748e+03 1.030514e+03 2.949563e-01 5.166179e+01 2.042703e+03 9.243871e+02 3.769066e-01 5.045383e+01 -4.742662e-01 1.174502e-02 -1.134862e-03 1.488958e-02
255.000 255.000 1.513998e+03 1.041492e+03 1.848984e-01 4.968023e+01 1.631916e+03 9.211480e+02 2.783979e-01 4.853027e+01 -5.969185e-01 1.155780e-02 -1.346284e-03 1.573698e-02
255.000 285.000 2.659300e+03 1.112024e+03 4.102738e-01 5.600462e+01 2.858105e+03 1.006909e+03 4.789623e-01 5.457436e+01 -5.596270e-01 1.169429e-02 -8.783952e-04 1.731823e-02
255.000 315.000 1.745313e+03 1.215148e+03 1.790819e-01 5.353054e+01 1.810415e+03 1.145377e+03 2.249949e-01 5.297322e+01 -3.723839e-01 1.201219e-02 -6.096478e-04 1.030189e-02
255.000 345.000 1.489639e+03 1.493097e+03 -1.159202e-03 5.461440e+01 1.480033e+03 1.502561e+03 -7.553252e-03 5.461157e+01 -8.536082e-02 1.219244e-02 8.278756e-05 1.541748e-03
285.000 15.000 5.568429e+02 1.126736e+03 -3.385009e-01 3.860919e+01 5.521735e+02 1.132627e+03 -3.445236e-01 3.853337e+01 1.118594e-01 1.219244e-02 1.104102e-04 -1.166459e-02
285.000 45.000 8.005296e+02 2.169177e+03 -4.608696e-01 4.836257e+01 7.636520e+02 2.259003e+03 -4.947144e-01 4.777953e+01 3.675373e-01 1.201219e-02 4.978347e-04 -1.712909e-02
285.000 75.000 7.025071e+02 1.513743e+03 -3.660398e-01 4.380988e+01 6.514728e+02 1.595735e+03 -4.201935e-01 4.301668e+01 5.247339e-01 1.169429e-02 8.820076e-04 -2.033271e-02
285.000 105.000 6.544108e+02 1.007974e+03 -2.126844e-01 3.983952e+01 6.024889e+02 1.068752e+03 -2.789921e-01 3.925757e+01 5.413285e-01 1.155780e-02 1.185513e-03 -1.892625e-02
285.000 135.000 6.748681e+02 1.817988e+03 -4.585584e-01 4.436969e+01 6.256981e+02 1.911575e+03 -5.067947e-01 4.342347e+01 4.128746e-01 1.174502e-02 7.769690e-04 -1.964028e-02
285.000 165.000 1.258358e+03 6.291016e+02 3.333879e-01 4.095940e+01 1.216699e+03 6.447795e+02 3.072395e-01 4.105804e+01 1.737912e-01 1.206159e-02 4.508713e-04 3.896459e-03
285.000 195.000 1.403260e+03 1.068522e+03 1.354237e-01 4.925902e+01 1.414400e+03 1.066094e+03 1.404181e-01 4.931111e+01 -1.118593e-01 1.219244e-02 -7.165502e-05 5.020057e-03
285.000 225.000 1.150278e+03 1.258908e+03 -4.508997e-02 4.903354e+01 1.190489e+03 1.178181e+03 5.196095e-03 4.866833e+01 -3.675373e-01 1.201219e-02 -7.278749e-04 6.576056e-03
285.000 255.000 1.883401e+03 9.563945e+02 3.264343e-01 5.037052e+01 1.988106e+03 8.826055e+02 3.850964e-01 4.944681e+01 -5.247339e-01 1.169429e-02 -8.310901e-04 1.689814e-02
285.000 285.000 1.868266e+03 8.814946e+02 3.588571e-01 4.894538e+01 1.992686e+03 8.055013e+02 4.242692e-01 4.790095e+01 -5.413285e-01 1.155780e-02 -9.551350e-04 1.839163e-02
285.000 315.000 2.060002e+03 8.402182e+02 4.205831e-01 4.885898e+01 2.180176e+03 7.858619e+02 4.700932e-01 4.806850e+01 -4.128746e-01 1.174502e-02 -7.223493e-04 1.705844e-02
285.000 345.000 9.160389e+02 1.076199e+03 -8.039219e-02 4.449003e+01 9.415906e+02 1.047484e+03 -5.323765e-02 4.453580e+01 -1.737913e-01 1.206159e-02 -4.313616e-04 2.099326e-03
315.000 15.000 6.624163e+02 1.278498e+03 -3.174183e-01 4.177749e+01 6.781714e+02 1.250649e+03 -2.968018e-01 4.193933e+01 5.056696e-02 1.133663e-02 -3.482710e-04 -8.808219e-03
315.000 45.000 1.122349e+03 1.148305e+03 -1.143096e-02 4.764826e+01 1.132564e+03 1.144696e+03 -5.327322e-03 4.771998e+01 2.668347e-01 1.067248e-02 -9.051075e-05 -5.839996e-03
315.000 75.000 8.218027e+02 1.572473e+03 -3.135271e-01 4.646418e+01 8.112726e+02 1.578112e+03 -3.209358e-01 4.629555e+01 4.116043e-01 1.124730e-02 1.129531e-04 -1.560624e-02
315.000 105.000 1.505641e+03 1.695957e+03 -5.944429e-02 5.648260e+01 1.448287e+03 1.726763e+03 -8.770751e-02 5.613043e+01 4.460848e-01 1.239835e-02 3.549326e-04 -8.950174e-03
315.000 135.000 9.697270e+02 1.509475e+03 -2.177103e-01 4.859725e+01 9.312187e+02 1.557918e+03 -2.517737e-01 4.828406e+01 3.610373e-01 1.297446e-02 4.972343e-04 -1.190906e-02
315.000 165.000 1.140783e+03 1.254479e+03 -4.746688e-02 4.888624e+01 1.100129e+03 1.293723e+03 -8.087140e-02 4.876675e+01 1.792502e-01 1.247945e-02 4.837648e-04 -4.637645e-03
315.000 195.000 9.514045e+02 1.135348e+03 -8.814815e-02 4.550317e+01 9.284214e+02 1.162656e+03 -1.120161e-01 4.544050e+01 -5.056693e-02 1.133663e-02 3.711576e-04 -8.259033e-04
315.000 225.000 1.170401e+03 1.060521e+03 4.925337e-02 4.717531e+01 1.164541e+03 1.071167e+03 4.176487e-02 4.724202e+01 -2.668347e-01 1.067248e-02 1.121652e-04 6.700286e-03
315.000 255.000 1.220030e+03 1.062560e+03 6.898750e-02 4.766264e+01 1.227822e+03 1.044212e+03 8.081282e-02 4.750996e+01 -4.116043e-01 1.124730e-02 -1.757176e-04 1.008320e-02
315.000 285.000 1.476857e+03 8.523282e+02 2.681318e-01 4.649440e+01 1.516997e+03 8.277170e+02 2.939718e-01 4.628266e+01 -4.460849e-01 1.239835e-02 -3.938817e-04 1.536135e-02
315.000 315.000 1.145012e+03 1.138097e+03 3.029189e-03 4.778167e+01 1.175253e+03 1.096834e+03 3.451442e-02 4.763802e+01 -3.610374e-01 1.297446e-02 -4.666416e-04 7.619376e-03
315.000 345.000 1.102475e+03 8.680233e+02 1.189808e-01 4.407497e+01 1.136246e+03 8.383618e+02 1.508576e-01 4.392801e+01 -1.792502e-01 1.247945e-02 -5.122619e-04 6.766448e-03
345.000 15.000 1.756657e+03 1.195007e+03 1.902825e-01 5.333659e+01 1.784969e+03 1.175083e+03 2.060389e-01 5.323901e+01 6.681683e-02 9.419721e-03 -2.090805e-04 2.314840e-03
345.000 45.000 1.126985e+03 1.858787e+03 -2.450964e-01 5.297557e+01 1.151870e+03 1.824737e+03 -2.260518e-01 5.314606e+01 2.404313e-01 1.394042e-02 -2.537946e-04 -9.165125e-03
345.000 75.000 1.224671e+03 1.651932e+03 -1.485298e-01 5.303906e+01 1.250968e+03 1.632995e+03 -1.324659e-01 5.322930e+01 3.496225e-01 1.570743e-02 -2.137772e-04 -9.392177e-03
345.000 105.000 1.278072e+03 1.329061e+03 -1.955756e-02 5.105032e+01 1.297386e+03 1.314504e+03 -6.553909e-03 5.110555e+01 3.651325e-01 1.391069e-02 -1.800184e-04 -7.535508e-03
345.000 135.000 1.334726e+03 1.062205e+03 1.136958e-01 4.864100e+01 1.321459e+03 1.056427e+03 1.114573e-01 4.845973e+01 2.828056e-01 9.375655e-03 3.260273e-05 -3.476693e-03
345.000 165.000 1.043161e+03 1.065930e+03 -1.079564e-02 4.592217e+01 1.030988e+03 1.074730e+03 -2.077282e-02 4.587821e+01 1.247012e-01 5.959435e-03 1.537015e-04 -2.950576e-03
345.000 195.000 1.408944e+03 1.331423e+03 2.828874e-02 5.232757e+01 1.386976e+03 1.357882e+03 1.059935e-02 5.238845e+01 -6.681681e-02 9.419720e-03 2.388992e-04 1.817504e-03
345.000 225.000 1.779268e+03 1.146068e+03 2.164536e-01 5.280415e+01 1.749629e+03 1.171919e+03 1.977410e-01 5.298406e+01 -2.404313e-01 1.394042e-02 2.501561e-04 8.652444e-03
345.000 255.000 1.971453e+03 1.097365e+03 2.848288e-01 5.310229e+01 1.945329e+03 1.120701e+03 2.689561e-01 5.333143e+01 -3.496225e-01 1.570743e-02 2.109045e-04 1.194772e-02
345.000 285.000 1.905292e+03 1.064515e+03 2.831084e-01 5.226639e+01 1.885195e+03 1.073325e+03 2.744177e-01 5.230419e+01 -3.651325e-01 1.391069e-02 1.175331e-04 1.240263e-02
345.000 315.000 1.224948e+03 8.980590e+02 1.539745e-01 4.552663e+01 1.220500e+03 9.026049e+02 1.497313e-01 4.555772e+01 -2.828057e-01 9.375655e-03 6.588067e-05 9.593947e-03
345.000 345.000 1.694019e+03 1.082565e+03 2.202182e-01 5.139972e+01 1.710849e+03 1.072208e+03 2.294747e-01 5.134690e+01 -1.247012e-01 5.959435e-03 -1.274081e-04 6.710531e-03
