  #t  #Q2   A1M1_AVG      A_1M1     dA_1M1   A0P1_AVG      A_0P1     dA_0P1   A2M1_AVG      A_2M1     dA_2M1   A3M1_AVG      A_3M1     dA_3M1   A1P1_AVG      A_1P1     dA_1P1       Asym      Astat          t         tp         xb         Q2          W     Dilute
   6    0 -5.992e-02 -6.803e-02 2.4859e-03  4.165e-01  3.653e-01 2.4319e-03 -1.117e-02 -1.353e-02 2.4463e-03 -2.008e-03 -3.661e-03 2.4200e-03  3.474e-02  2.623e-02 2.4141e-03 -1.5380e-02 2.9206e-03 8.1054e-01 9.3214e-02 5.6229e-01 6.8920e+00 2.4611e+00 6.0491e-01
   Phi   PhiS      N_U_avg      N_D_avg     Asym_avg    dAsym_avg      N_U_fit      N_D_fit     Asym_fit    dAsym_fit     Asym_cal    dAsym_cal     GOOD_fit     GOOD_cal
15.000 15.000 4.080529e+02 7.167426e+02 -2.744407e-01 3.225025e+01 4.114594e+02 7.115830e+02 -2.672416e-01 3.229299e+01 1.023293e-01 1.928243e-03 -1.577410e-04 -1.168270e-02
15.000 45.000 4.718258e+02 7.519406e+02 -2.288956e-01 3.405362e+01 4.782395e+02 7.446396e+02 -2.178467e-01 3.412982e+01 3.185388e-01 3.045288e-03 -2.291700e-04 -1.607566e-02
15.000 75.000 6.357079e+02 5.560658e+02 6.682649e-02 3.444491e+01 6.450567e+02 5.519956e+02 7.774188e-02 3.449373e+01 4.493961e-01 4.520720e-03 -2.239194e-04 -1.110671e-02
15.000 105.000 4.745452e+02 1.019879e+03 -3.649125e-01 3.599202e+01 4.778409e+02 1.013345e+03 -3.591128e-01 3.603997e+01 4.598380e-01 5.103369e-03 -1.138647e-04 -2.291482e-02
15.000 135.000 5.348020e+02 6.056712e+02 -6.214020e-02 3.370563e+01 5.373831e+02 6.056243e+02 -5.970323e-02 3.374808e+01 3.470668e-01 4.526447e-03 -5.109271e-05 -1.214061e-02
15.000 165.000 4.163129e+02 4.021380e+02 1.731920e-02 2.860429e+01 4.142118e+02 4.039708e+02 1.251673e-02 2.860165e+01 1.412993e-01 3.053783e-03 1.187240e-04 -4.334318e-03
15.000 195.000 6.556392e+02 5.319091e+02 1.041896e-01 3.427327e+01 6.489681e+02 5.362440e+02 9.510879e-02 3.427085e+01 -1.023292e-01 1.928243e-03 1.873565e-04 6.025653e-03
15.000 225.000 7.113599e+02 5.496403e+02 1.282471e-01 3.521733e+01 7.043288e+02 5.569007e+02 1.168923e-01 3.527033e+01 -3.185388e-01 3.045288e-03 2.278144e-04 1.268654e-02
15.000 255.000 7.244175e+02 5.619437e+02 1.263049e-01 3.557864e+01 7.173890e+02 5.712889e+02 1.133721e-01 3.566671e+01 -4.493961e-01 4.520720e-03 2.567155e-04 1.618108e-02
15.000 285.000 5.313689e+02 4.972433e+02 3.317631e-02 3.205433e+01 5.281529e+02 5.018322e+02 2.555447e-02 3.208290e+01 -4.598381e-01 5.103369e-03 1.680600e-04 1.538059e-02
15.000 315.000 7.040673e+02 5.733471e+02 1.023319e-01 3.555331e+01 7.026699e+02 5.737323e+02 1.010164e-01 3.554402e+01 -3.470668e-01 4.526447e-03 2.616748e-05 1.264014e-02
15.000 345.000 5.241464e+02 4.486336e+02 7.762576e-02 3.109531e+01 5.265537e+02 4.459963e+02 8.283106e-02 3.107857e+01 -1.412993e-01 3.053783e-03 -1.184004e-04 7.040453e-03
45.000 15.000 6.308328e+02 8.856140e+02 -1.680120e-01 3.838803e+01 6.424866e+02 8.700341e+02 -1.504426e-01 3.844851e+01 6.700795e-02 4.035816e-03 -3.233724e-04 -6.122219e-03
45.000 45.000 7.921541e+02 9.393538e+02 -8.501243e-02 4.146075e+01 8.161484e+02 9.190265e+02 -5.928972e-02 4.158215e+01 2.713079e-01 4.199231e-03 -4.380550e-04 -8.594160e-03
45.000 75.000 7.263707e+02 9.518611e+02 -1.343619e-01 4.059476e+01 7.489324e+02 9.322086e+02 -1.090189e-01 4.075734e+01 4.029112e-01 4.028272e-03 -4.405588e-04 -1.323504e-02
45.000 105.000 6.193159e+02 1.153302e+03 -3.012416e-01 4.014672e+01 6.344427e+02 1.135084e+03 -2.829240e-01 4.034704e+01 4.265547e-01 3.670788e-03 -3.218269e-04 -1.812841e-02
45.000 135.000 6.817054e+02 7.387449e+02 -4.015591e-02 3.765846e+01 6.883863e+02 7.348631e+02 -3.265542e-02 3.770586e+01 3.359033e-01 3.482666e-03 -1.407468e-04 -9.986047e-03
45.000 165.000 7.052918e+02 7.611276e+02 -3.807632e-02 3.826609e+01 7.000243e+02 7.662215e+02 -4.514742e-02 3.825255e+01 1.552468e-01 3.679065e-03 1.306877e-04 -5.052075e-03
45.000 195.000 1.062663e+03 6.683252e+02 2.278108e-01 4.051116e+01 1.044255e+03 6.815088e+02 2.101947e-01 4.061424e+01 -6.700792e-02 4.035816e-03 3.070919e-04 7.277470e-03
45.000 225.000 8.057993e+02 4.999328e+02 2.342491e-01 3.512952e+01 7.876467e+02 5.150227e+02 2.092810e-01 3.529326e+01 -2.713079e-01 4.199231e-03 5.014014e-04 1.439123e-02
45.000 255.000 7.266247e+02 4.552909e+02 2.295712e-01 3.346080e+01 7.108438e+02 4.702598e+02 2.036943e-01 3.364666e+01 -4.029112e-01 4.028272e-03 5.453243e-04 1.890219e-02
45.000 285.000 9.449483e+02 6.027747e+02 2.210819e-01 3.836762e+01 9.300485e+02 6.178277e+02 2.017091e-01 3.853438e+01 -4.265547e-01 3.670788e-03 3.562621e-04 1.687977e-02
45.000 315.000 8.207666e+02 7.924119e+02 1.757688e-02 4.015819e+01 8.165125e+02 7.992836e+02 1.066278e-02 4.019468e+01 -3.359033e-01 3.482666e-03 1.216885e-04 8.802194e-03
45.000 345.000 7.100710e+02 7.601049e+02 -3.403260e-02 3.832066e+01 7.145163e+02 7.534330e+02 -2.651091e-02 3.830036e+01 -1.552468e-01 3.679065e-03 -1.388298e-04 3.163156e-03
75.000 15.000 1.134920e+03 1.153468e+03 -8.105254e-03 4.783552e+01 1.154439e+03 1.137057e+03 7.585429e-03 4.786820e+01 5.412423e-02 3.913453e-03 -2.318612e-04 -1.300905e-03
75.000 45.000 1.194090e+03 1.589837e+03 -1.421540e-01 5.222710e+01 1.231802e+03 1.554902e+03 -1.159436e-01 5.243322e+01 2.339380e-01 3.802158e-03 -3.541660e-04 -7.201089e-03
75.000 75.000 1.135309e+03 1.631815e+03 -1.794303e-01 5.174974e+01 1.175231e+03 1.592505e+03 -1.507639e-01 5.200794e+01 3.510682e-01 3.744668e-03 -3.907212e-04 -1.025123e-02
75.000 105.000 9.824336e+02 1.772174e+03 -2.866980e-01 5.028112e+01 1.012076e+03 1.735492e+03 -2.632931e-01 5.056776e+01 3.741300e-01 3.800971e-03 -3.282075e-04 -1.314267e-02
75.000 135.000 1.155422e+03 1.517750e+03 -1.355424e-01 5.122559e+01 1.173256e+03 1.499644e+03 -1.221103e-01 5.131320e+01 2.969440e-01 3.912300e-03 -1.852561e-04 -8.442781e-03
75.000 165.000 1.297676e+03 1.451310e+03 -5.588769e-02 5.234883e+01 1.295693e+03 1.451217e+03 -5.661785e-02 5.232690e+01 1.401921e-01 3.967362e-03 9.864772e-06 -3.745638e-03
75.000 195.000 1.489528e+03 1.299985e+03 6.794848e-02 5.269378e+01 1.466747e+03 1.321140e+03 5.222857e-02 5.272838e+01 -5.412421e-02 3.913453e-03 2.108789e-04 2.316643e-03
75.000 225.000 1.560420e+03 1.223687e+03 1.209482e-01 5.237728e+01 1.526579e+03 1.260244e+03 9.556950e-02 5.254873e+01 -2.339380e-01 3.802158e-03 3.420590e-04 6.775575e-03
75.000 255.000 1.552773e+03 1.168661e+03 1.411435e-01 5.164513e+01 1.513266e+03 1.210783e+03 1.110415e-01 5.186965e+01 -3.510682e-01 3.744668e-03 4.112511e-04 9.530651e-03
75.000 285.000 1.736095e+03 1.035507e+03 2.527738e-01 5.093635e+01 1.699494e+03 1.066605e+03 2.288020e-01 5.119856e+01 -3.741300e-01 3.800971e-03 3.319242e-04 1.230759e-02
75.000 315.000 1.380404e+03 1.051340e+03 1.353199e-01 4.885914e+01 1.364552e+03 1.068390e+03 1.217297e-01 4.895805e+01 -2.969440e-01 3.912300e-03 1.964829e-04 8.847146e-03
75.000 345.000 1.238526e+03 1.313637e+03 -2.943017e-02 5.049705e+01 1.240352e+03 1.312075e+03 -2.809983e-02 5.050160e+01 -1.401921e-01 3.967362e-03 -1.862774e-05 2.193433e-03
105.000 15.000 1.254992e+03 1.521457e+03 -9.597337e-02 5.244878e+01 1.265426e+03 1.508123e+03 -8.750389e-02 5.246248e+01 5.590478e-02 3.967362e-03 -1.141695e-04 -2.895742e-03
105.000 45.000 1.077365e+03 1.474399e+03 -1.555920e-01 4.989979e+01 1.093746e+03 1.454831e+03 -1.416808e-01 4.997418e+01 2.126646e-01 3.912300e-03 -1.969824e-04 -7.379922e-03
105.000 75.000 1.323642e+03 1.556683e+03 -8.090795e-02 5.349271e+01 1.346077e+03 1.534519e+03 -6.541782e-02 5.355622e+01 3.124411e-01 3.800971e-03 -2.046387e-04 -7.353320e-03
105.000 105.000 1.271636e+03 1.462080e+03 -6.966502e-02 5.215792e+01 1.292238e+03 1.444490e+03 -5.563270e-02 5.223273e+01 3.284992e-01 3.744668e-03 -1.901003e-04 -7.633822e-03
105.000 135.000 1.309771e+03 1.633902e+03 -1.101108e-01 5.392571e+01 1.317600e+03 1.625059e+03 -1.044835e-01 5.394937e+01 2.565363e-01 3.802158e-03 -7.377227e-05 -6.799115e-03
105.000 165.000 1.325572e+03 1.451000e+03 -4.517374e-02 5.263940e+01 1.322983e+03 1.454615e+03 -4.739054e-02 5.264372e+01 1.158347e-01 3.913453e-03 2.977716e-05 -3.058705e-03
105.000 195.000 1.515630e+03 1.203782e+03 1.146749e-01 5.180397e+01 1.502502e+03 1.215244e+03 1.056968e-01 5.183998e+01 -5.590476e-02 3.967362e-03 1.225051e-04 3.292792e-03
105.000 225.000 1.459368e+03 1.275603e+03 6.719072e-02 5.217876e+01 1.442051e+03 1.294230e+03 5.402264e-02 5.223309e+01 -2.126646e-01 3.912300e-03 1.783560e-04 5.363395e-03
105.000 255.000 1.633130e+03 1.112775e+03 1.895024e-01 5.145188e+01 1.614630e+03 1.133110e+03 1.752421e-01 5.160773e+01 -3.124411e-01 3.800971e-03 1.956837e-04 9.755590e-03
105.000 285.000 1.631477e+03 1.312784e+03 1.082420e-01 5.394224e+01 1.614558e+03 1.330920e+03 9.629602e-02 5.402004e+01 -3.284992e-01 3.744668e-03 1.564820e-04 8.096460e-03
105.000 315.000 1.460224e+03 1.244744e+03 7.966081e-02 5.184403e+01 1.452846e+03 1.252994e+03 7.385930e-02 5.187561e+01 -2.565363e-01 3.802158e-03 7.910330e-05 6.484780e-03
105.000 345.000 1.345503e+03 1.131713e+03 8.630250e-02 4.958595e+01 1.347780e+03 1.129951e+03 8.791457e-02 4.958407e+01 -1.158347e-01 3.913453e-03 -2.298894e-05 4.076501e-03
135.000 15.000 5.058883e+02 6.095348e+02 -9.292126e-02 3.325345e+01 5.102206e+02 6.049967e+02 -8.498444e-02 3.327406e+01 5.998436e-02 3.679065e-03 -1.687175e-04 -4.598188e-03
135.000 45.000 5.267030e+02 6.621851e+02 -1.139569e-01 3.425564e+01 5.281641e+02 6.585402e+02 -1.098640e-01 3.424004e+01 1.998433e-01 3.482665e-03 -8.450568e-05 -9.160540e-03
135.000 75.000 5.359618e+02 7.699688e+02 -1.791879e-01 3.555277e+01 5.390251e+02 7.696039e+02 -1.761987e-01 3.560901e+01 2.861543e-01 3.670788e-03 -5.940528e-05 -1.308878e-02
135.000 105.000 5.667167e+02 7.323798e+02 -1.275218e-01 3.574872e+01 5.645108e+02 7.321114e+02 -1.292594e-01 3.570656e+01 2.957906e-01 4.028272e-03 3.439016e-05 -1.184133e-02
135.000 135.000 5.652394e+02 7.204358e+02 -1.207120e-01 3.559412e+01 5.616160e+02 7.239563e+02 -1.262786e-01 3.556785e+01 2.261700e-01 4.199231e-03 1.106266e-04 -9.745486e-03
135.000 165.000 5.138781e+02 6.476009e+02 -1.151315e-01 3.385385e+01 5.112518e+02 6.515062e+02 -1.206222e-01 3.385026e+01 9.594731e-02 4.035816e-03 1.146911e-04 -6.235000e-03
135.000 195.000 5.901025e+02 6.117158e+02 -1.798377e-02 3.466164e+01 5.868332e+02 6.160631e+02 -2.429958e-02 3.467255e+01 -5.998435e-02 3.679065e-03 1.288240e-04 1.211731e-03
135.000 225.000 7.118052e+02 5.635556e+02 1.162413e-01 3.547010e+01 7.097701e+02 5.662084e+02 1.125110e-01 3.549403e+01 -1.998432e-01 3.482665e-03 7.433921e-05 8.911296e-03
135.000 255.000 7.275102e+02 4.815491e+02 2.034318e-01 3.404443e+01 7.246091e+02 4.830024e+02 2.000699e-01 3.404810e+01 -2.861543e-01 3.670788e-03 6.982436e-05 1.438080e-02
135.000 285.000 5.886093e+02 5.473327e+02 3.633694e-02 3.368148e+01 5.899555e+02 5.465679e+02 3.817578e-02 3.368779e+01 -2.957906e-01 4.028272e-03 -3.860079e-05 9.860834e-03
135.000 315.000 6.703667e+02 6.794597e+02 -6.736424e-03 3.673915e+01 6.711478e+02 6.759550e+02 -3.568562e-03 3.670266e+01 -2.261700e-01 4.199231e-03 -6.100111e-05 5.972744e-03
135.000 345.000 5.643116e+02 5.775745e+02 -1.161496e-02 3.378953e+01 5.675913e+02 5.745193e+02 -6.065929e-03 3.379450e+01 -9.594732e-02 4.035816e-03 -1.161149e-04 2.495814e-03
165.000 15.000 1.222478e+02 2.034884e+02 -2.494064e-01 1.747782e+01 1.222847e+02 2.030746e+02 -2.483100e-01 1.747279e+01 6.692823e-02 3.053783e-03 -4.436312e-05 -1.809920e-02
165.000 45.000 1.724716e+02 1.895903e+02 -4.728119e-02 1.900664e+01 1.713086e+02 1.900910e+02 -5.197130e-02 1.898482e+01 1.956834e-01 4.526447e-03 1.745871e-04 -1.278314e-02
165.000 75.000 1.641304e+02 2.199121e+02 -1.452489e-01 1.938918e+01 1.632286e+02 2.226637e+02 -1.540198e-01 1.940974e+01 2.720053e-01 5.103369e-03 3.196976e-04 -2.151995e-02
165.000 105.000 2.225575e+02 2.711463e+02 -9.841686e-02 2.211158e+01 2.213892e+02 2.716537e+02 -1.019476e-01 2.208888e+01 2.754437e-01 4.520720e-03 1.129681e-04 -1.690791e-02
165.000 135.000 1.592125e+02 1.626654e+02 -1.072719e-02 1.793992e+01 1.584719e+02 1.638288e+02 -1.662083e-02 1.795026e+01 2.050771e-01 3.045288e-03 2.322327e-04 -1.202928e-02
165.000 165.000 1.415570e+02 1.967013e+02 -1.630243e-01 1.814575e+01 1.407161e+02 1.976533e+02 -1.682696e-01 1.813253e+01 7.976029e-02 1.928243e-03 2.044743e-04 -1.337969e-02
165.000 195.000 2.142875e+02 1.422655e+02 2.019952e-01 1.849338e+01 2.143353e+02 1.426125e+02 2.009335e-01 1.850774e+01 -6.692822e-02 3.053783e-03 4.057966e-05 1.454161e-02
165.000 225.000 1.930153e+02 2.051742e+02 -3.053526e-02 1.994538e+01 1.932101e+02 2.054104e+02 -3.060623e-02 1.995613e+01 -1.956834e-01 4.526446e-03 2.515119e-06 8.280017e-03
165.000 255.000 2.426604e+02 1.396441e+02 2.694614e-01 1.882938e+01 2.432040e+02 1.386323e+02 2.738652e-01 1.879355e+01 -2.720053e-01 5.103369e-03 -1.655358e-04 2.875648e-02
165.000 285.000 1.641568e+02 1.991525e+02 -9.632472e-02 1.897204e+01 1.655237e+02 1.986268e+02 -9.090502e-02 1.900372e+01 -2.754437e-01 4.520720e-03 -2.018291e-04 9.441205e-03
165.000 315.000 2.013773e+02 2.077527e+02 -1.558272e-02 2.022451e+01 2.035774e+02 2.057536e+02 -5.316414e-03 2.023164e+01 -2.050771e-01 3.045288e-03 -3.588763e-04 9.369543e-03
165.000 345.000 1.616716e+02 2.023549e+02 -1.117590e-01 1.895995e+01 1.630051e+02 2.014186e+02 -1.054087e-01 1.898353e+01 -7.976030e-02 1.928243e-03 -2.366866e-04 -1.687701e-03
195.000 15.000 1.891245e+02 1.951335e+02 -1.563791e-02 1.960010e+01 1.882580e+02 1.964110e+02 -2.119494e-02 1.960857e+01 7.976027e-02 1.928242e-03 2.004358e-04 -4.867228e-03
195.000 45.000 1.514225e+02 1.842555e+02 -9.781102e-02 1.823367e+01 1.496500e+02 1.857133e+02 -1.075352e-01 1.820674e+01 2.050771e-01 3.045288e-03 3.773837e-04 -1.661147e-02
195.000 75.000 1.624631e+02 2.235490e+02 -1.582486e-01 1.939962e+01 1.596485e+02 2.269969e+02 -1.741863e-01 1.936270e+01 2.754436e-01 4.520720e-03 5.814722e-04 -2.235571e-02
195.000 105.000 1.547460e+02 2.122611e+02 -1.567140e-01 1.892072e+01 1.531558e+02 2.150371e+02 -1.680675e-01 1.891541e+01 2.720053e-01 5.103370e-03 4.243632e-04 -2.265872e-02
195.000 135.000 1.663201e+02 1.823185e+02 -4.588819e-02 1.865220e+01 1.658492e+02 1.825609e+02 -4.796572e-02 1.864426e+01 1.956834e-01 4.526447e-03 7.877588e-05 -1.295137e-02
195.000 165.000 2.217866e+02 2.242537e+02 -5.531000e-03 2.111934e+01 2.218883e+02 2.233417e+02 -3.264438e-03 2.110036e+01 6.692825e-02 3.053783e-03 -7.592196e-05 -3.430942e-03
195.000 195.000 2.128598e+02 1.417421e+02 2.005563e-01 1.844828e+01 2.139457e+02 1.409874e+02 2.055550e-01 1.843736e+01 -7.976026e-02 1.928242e-03 -1.916526e-04 1.519473e-02
195.000 225.000 2.146238e+02 1.557405e+02 1.589877e-01 1.900007e+01 2.157613e+02 1.539326e+02 1.672430e-01 1.895662e+01 -2.050771e-01 3.045288e-03 -3.075802e-04 1.916123e-02
195.000 255.000 1.852517e+02 1.692447e+02 4.515409e-02 1.880887e+01 1.874892e+02 1.664489e+02 5.944652e-02 1.877997e+01 -2.754436e-01 4.520720e-03 -5.377269e-04 1.704503e-02
195.000 285.000 1.852875e+02 1.427297e+02 1.297427e-01 1.795816e+01 1.867599e+02 1.399409e+02 1.433085e-01 1.788830e+01 -2.720053e-01 5.103370e-03 -5.351988e-04 2.237133e-02
195.000 315.000 1.798419e+02 1.594216e+02 6.019019e-02 1.838571e+01 1.800020e+02 1.582893e+02 6.418360e-02 1.835477e+01 -1.956834e-01 4.526447e-03 -1.537144e-04 1.391698e-02
195.000 345.000 1.944925e+02 1.853912e+02 2.395812e-02 1.948501e+01 1.947102e+02 1.854377e+02 2.439186e-02 1.949158e+01 -6.692826e-02 3.053783e-03 -1.573778e-05 4.664426e-03
225.000 15.000 6.530337e+02 5.947936e+02 4.667316e-02 3.528610e+01 6.493490e+02 5.974860e+02 4.159572e-02 3.527999e+01 9.594729e-02 4.035816e-03 1.017571e-04 -1.396417e-03
225.000 45.000 6.368328e+02 7.247289e+02 -6.455532e-02 3.682238e+01 6.338359e+02 7.264067e+02 -6.805461e-02 3.679596e+01 2.261699e-01 4.199231e-03 6.722171e-05 -7.895342e-03
225.000 75.000 5.761155e+02 6.772061e+02 -8.065819e-02 3.528694e+01 5.760165e+02 6.791217e+02 -8.214655e-02 3.530819e+01 2.957906e-01 4.028272e-03 2.981601e-05 -1.066822e-02
225.000 105.000 5.229141e+02 7.580468e+02 -1.835596e-01 3.518238e+01 5.242950e+02 7.575886e+02 -1.819928e-01 3.520548e+01 2.861543e-01 3.670788e-03 -3.147904e-05 -1.335083e-02
225.000 135.000 6.537542e+02 7.331522e+02 -5.724825e-02 3.718012e+01 6.573352e+02 7.299952e+02 -5.237393e-02 3.719576e+01 1.998433e-01 3.482666e-03 -9.268234e-05 -6.914758e-03
225.000 165.000 6.265475e+02 5.985067e+02 2.288947e-02 3.499160e+01 6.318838e+02 5.949581e+02 3.009824e-02 3.501043e+01 5.998438e-02 3.679065e-03 -1.456348e-04 -1.060109e-03
225.000 195.000 6.398282e+02 6.089570e+02 2.472098e-02 3.532736e+01 6.432136e+02 6.046529e+02 3.090128e-02 3.530828e+01 -9.594727e-02 4.035816e-03 -1.237373e-04 3.415717e-03
225.000 225.000 6.828074e+02 5.528603e+02 1.051634e-01 3.495714e+01 6.847089e+02 5.523856e+02 1.069629e-01 3.497057e+01 -2.261699e-01 4.199231e-03 -3.639294e-05 9.478273e-03
225.000 255.000 6.708293e+02 5.541996e+02 9.520562e-02 3.484143e+01 6.700882e+02 5.514677e+02 9.710603e-02 3.478559e+01 -2.957905e-01 4.028272e-03 -3.859966e-05 1.122216e-02
225.000 285.000 6.217277e+02 5.660712e+02 4.685681e-02 3.442660e+01 6.220854e+02 5.661820e+02 4.704616e-02 3.443309e+01 -2.861543e-01 3.670788e-03 -3.888784e-06 9.673076e-03
225.000 315.000 6.878560e+02 5.656666e+02 9.747684e-02 3.523652e+01 6.843997e+02 5.672758e+02 9.357368e-02 3.522380e+01 -1.998433e-01 3.482666e-03 7.834064e-05 8.437841e-03
225.000 345.000 6.161769e+02 5.634485e+02 4.469930e-02 3.431135e+01 6.128994e+02 5.663514e+02 3.947252e-02 3.431346e+01 -5.998440e-02 3.679065e-03 1.077129e-04 3.050993e-03
255.000 15.000 1.218070e+03 1.387969e+03 -6.519425e-02 5.094078e+01 1.215743e+03 1.390617e+03 -6.709517e-02 5.093747e+01 1.158346e-01 3.913453e-03 2.638745e-05 -3.553713e-03
255.000 45.000 1.172922e+03 1.304567e+03 -5.313648e-02 4.970406e+01 1.180140e+03 1.295912e+03 -4.675675e-02 4.970553e+01 2.565363e-01 3.802158e-03 -9.075874e-05 -6.230331e-03
255.000 75.000 9.920883e+02 1.547021e+03 -2.185541e-01 4.917140e+01 1.005968e+03 1.531015e+03 -2.069575e-01 4.927799e+01 3.284992e-01 3.744669e-03 -1.665827e-04 -1.112544e-02
255.000 105.000 1.338513e+03 1.654322e+03 -1.055217e-01 5.440138e+01 1.362961e+03 1.631578e+03 -8.970217e-02 5.450178e+01 3.124411e-01 3.800971e-03 -2.054324e-04 -7.682945e-03
255.000 135.000 1.313987e+03 1.438230e+03 -4.514274e-02 5.240810e+01 1.335647e+03 1.419774e+03 -3.053134e-02 5.246764e+01 2.126646e-01 3.912300e-03 -1.970298e-04 -4.919227e-03
255.000 165.000 1.380373e+03 1.440338e+03 -2.125906e-02 5.309836e+01 1.392157e+03 1.428179e+03 -1.277242e-02 5.310250e+01 5.590480e-02 3.967361e-03 -1.130116e-04 -1.453225e-03
255.000 195.000 1.435521e+03 1.280243e+03 5.717634e-02 5.202774e+01 1.438404e+03 1.276974e+03 5.945038e-02 5.201713e+01 -1.158346e-01 3.913453e-03 -3.090955e-05 3.325360e-03
255.000 225.000 1.465022e+03 1.155363e+03 1.181731e-01 5.083100e+01 1.458865e+03 1.162765e+03 1.129450e-01 5.087423e+01 -2.565363e-01 3.802158e-03 7.269690e-05 7.371670e-03
255.000 255.000 1.609835e+03 1.161238e+03 1.618855e-01 5.194663e+01 1.589908e+03 1.177315e+03 1.490999e-01 5.201640e+01 -3.284992e-01 3.744669e-03 1.739225e-04 9.440164e-03
255.000 285.000 1.647665e+03 1.193152e+03 1.599937e-01 5.261272e+01 1.628473e+03 1.212500e+03 1.464193e-01 5.272634e+01 -3.124411e-01 3.800971e-03 1.822407e-04 8.979479e-03
255.000 315.000 1.476261e+03 1.265229e+03 7.697703e-02 5.220388e+01 1.455053e+03 1.286875e+03 6.133558e-02 5.226483e+01 -2.126646e-01 3.912300e-03 2.117413e-04 5.548278e-03
255.000 345.000 1.434574e+03 1.242694e+03 7.167015e-02 5.160926e+01 1.421951e+03 1.253470e+03 6.297347e-02 5.162181e+01 -5.590482e-02 3.967361e-03 1.191401e-04 2.471939e-03
285.000 15.000 1.447296e+03 1.383151e+03 2.266257e-02 5.318828e+01 1.444901e+03 1.384281e+03 2.142674e-02 5.317784e+01 1.401920e-01 3.967362e-03 1.643128e-05 -2.209688e-03
285.000 45.000 1.148045e+03 1.446266e+03 -1.149516e-01 5.059674e+01 1.166939e+03 1.428574e+03 -1.008030e-01 5.068668e+01 2.969440e-01 3.912300e-03 -1.975560e-04 -8.140753e-03
285.000 75.000 1.116542e+03 1.739510e+03 -2.181221e-01 5.215524e+01 1.150154e+03 1.705539e+03 -1.944835e-01 5.241831e+01 3.741300e-01 3.800971e-03 -3.196785e-04 -1.135556e-02
285.000 105.000 1.071194e+03 1.676650e+03 -2.203385e-01 5.113159e+01 1.110495e+03 1.635547e+03 -1.912030e-01 5.143589e+01 3.510682e-01 3.744668e-03 -4.017223e-04 -1.117522e-02
285.000 135.000 1.238312e+03 1.564989e+03 -1.165329e-01 5.258548e+01 1.275712e+03 1.527913e+03 -8.995544e-02 5.273461e+01 2.339380e-01 3.802158e-03 -3.568752e-04 -6.664784e-03
285.000 165.000 1.400797e+03 1.478258e+03 -2.690521e-02 5.363740e+01 1.424137e+03 1.458100e+03 -1.178357e-02 5.368274e+01 5.412425e-02 3.913453e-03 -1.992658e-04 -1.510690e-03
285.000 195.000 1.449076e+03 1.269025e+03 6.624146e-02 5.202090e+01 1.450855e+03 1.267009e+03 6.764358e-02 5.201373e+01 -1.401920e-01 3.967362e-03 -1.905998e-05 3.968279e-03
285.000 225.000 1.504008e+03 1.199681e+03 1.125599e-01 5.166656e+01 1.486371e+03 1.219633e+03 9.857286e-02 5.176592e+01 -2.969440e-01 3.912300e-03 1.912423e-04 7.925898e-03
285.000 255.000 1.647079e+03 1.120576e+03 1.902344e-01 5.164781e+01 1.614047e+03 1.155244e+03 1.656755e-01 5.189681e+01 -3.741300e-01 3.800971e-03 3.354250e-04 1.092717e-02
285.000 285.000 1.571505e+03 1.060518e+03 1.941421e-01 5.032712e+01 1.535047e+03 1.099287e+03 1.654156e-01 5.061869e+01 -3.510682e-01 3.744668e-03 4.024467e-04 1.083333e-02
285.000 315.000 1.465768e+03 1.117383e+03 1.348679e-01 5.036035e+01 1.431805e+03 1.150914e+03 1.087579e-01 5.051900e+01 -2.339380e-01 3.802158e-03 3.660332e-04 7.323339e-03
285.000 345.000 1.214283e+03 1.222088e+03 -3.203697e-03 4.935935e+01 1.196689e+03 1.241987e+03 -1.857474e-02 4.937444e+01 -5.412427e-02 3.913453e-03 2.201671e-04 1.031630e-03
315.000 15.000 6.676476e+02 1.003371e+03 -2.009094e-01 4.004458e+01 6.629523e+02 1.009005e+03 -2.069747e-01 4.000416e+01 1.552468e-01 3.679065e-03 1.071537e-04 -8.893992e-03
315.000 45.000 7.833350e+02 1.035247e+03 -1.385213e-01 4.223372e+01 7.912822e+02 1.030121e+03 -1.311289e-01 4.230939e+01 3.359033e-01 3.482665e-03 -1.236577e-04 -1.123331e-02
315.000 75.000 6.634552e+02 8.852464e+02 -1.432110e-01 3.894790e+01 6.796636e+02 8.709486e+02 -1.233610e-01 3.907704e+01 4.265547e-01 3.670788e-03 -3.597849e-04 -1.462892e-02
315.000 105.000 5.487835e+02 8.993451e+02 -2.420790e-01 3.692242e+01 5.668130e+02 8.808525e+02 -2.169282e-01 3.714218e+01 4.029112e-01 4.028272e-03 -4.802364e-04 -1.746880e-02
315.000 135.000 7.121327e+02 1.095646e+03 -2.121463e-01 4.155019e+01 7.333166e+02 1.070789e+03 -1.870580e-01 4.172504e+01 2.713080e-01 4.199231e-03 -4.260594e-04 -1.163543e-02
315.000 165.000 6.468518e+02 8.467632e+02 -1.338440e-01 3.829958e+01 6.598759e+02 8.319063e+02 -1.153187e-01 3.836592e+01 6.700796e-02 4.035816e-03 -3.417269e-04 -5.244232e-03
315.000 195.000 8.612322e+02 8.138457e+02 2.828911e-02 4.091134e+01 8.669009e+02 8.081409e+02 3.507968e-02 4.090208e+01 -1.552468e-01 3.679065e-03 -1.173807e-04 4.486186e-03
315.000 225.000 9.248566e+02 7.707277e+02 9.090017e-02 4.100700e+01 9.201712e+02 7.766685e+02 8.457056e-02 4.104514e+01 -3.359032e-01 3.482665e-03 1.090942e-04 1.040806e-02
315.000 255.000 8.991327e+02 7.358633e+02 9.985922e-02 4.023297e+01 8.849279e+02 7.529091e+02 8.060559e-02 4.033851e+01 -4.265547e-01 3.670788e-03 3.379450e-04 1.308414e-02
315.000 285.000 1.151614e+03 6.787854e+02 2.583198e-01 4.133108e+01 1.128163e+03 7.011142e+02 2.334521e-01 4.158824e+01 -4.029112e-01 4.028272e-03 4.241238e-04 1.599840e-02
315.000 315.000 9.001489e+02 6.970875e+02 1.271330e-01 3.964115e+01 8.800654e+02 7.177892e+02 1.015588e-01 3.976649e+01 -2.713080e-01 4.199231e-03 4.554639e-04 1.005120e-02
315.000 345.000 8.038884e+02 7.834877e+02 1.285189e-02 3.983860e+01 7.899416e+02 7.979290e+02 -5.030276e-03 3.984759e+01 -6.700799e-02 4.035816e-03 3.173600e-04 2.004586e-03
345.000 15.000 5.587849e+02 4.432648e+02 1.152838e-01 3.144411e+01 5.558602e+02 4.453880e+02 1.103345e-01 3.144931e+01 1.412993e-01 3.053783e-03 1.112906e-04 -8.273546e-04
345.000 45.000 4.455822e+02 6.281708e+02 -1.700471e-01 3.229093e+01 4.470881e+02 6.275376e+02 -1.679185e-01 3.231602e+01 3.470668e-01 4.526447e-03 -4.659598e-05 -1.601422e-02
345.000 75.000 4.303629e+02 7.272818e+02 -2.564853e-01 3.288601e+01 4.337023e+02 7.226883e+02 -2.499034e-01 3.292677e+01 4.598380e-01 5.103369e-03 -1.414346e-04 -2.178201e-02
345.000 105.000 3.599014e+02 5.412403e+02 -2.012323e-01 2.940494e+01 3.646052e+02 5.372474e+02 -1.914306e-01 2.947548e+01 4.493961e-01 4.520720e-03 -2.354217e-04 -2.212650e-02
345.000 135.000 4.396215e+02 6.478048e+02 -1.914459e-01 3.236619e+01 4.448641e+02 6.420547e+02 -1.814217e-01 3.242135e+01 3.185388e-01 3.045288e-03 -2.188135e-04 -1.575671e-02
345.000 165.000 5.565335e+02 7.374978e+02 -1.398454e-01 3.561916e+01 5.620616e+02 7.310792e+02 -1.307031e-01 3.565178e+01 1.023293e-01 1.928243e-03 -1.814075e-04 -6.799001e-03
345.000 195.000 7.195177e+02 5.745075e+02 1.120614e-01 3.574598e+01 7.221400e+02 5.716912e+02 1.162817e-01 3.572586e+01 -1.412993e-01 3.053783e-03 -8.350627e-05 7.087808e-03
345.000 225.000 6.018740e+02 4.165074e+02 1.820208e-01 3.137899e+01 6.010080e+02 4.178767e+02 1.797371e-01 3.140015e+01 -3.470668e-01 4.526447e-03 5.144493e-05 1.686121e-02
345.000 255.000 6.979067e+02 4.819637e+02 1.830226e-01 3.376904e+01 6.938983e+02 4.868214e+02 1.753820e-01 3.382901e+01 -4.598380e-01 5.103369e-03 1.598496e-04 1.903698e-02
345.000 285.000 6.689376e+02 6.182345e+02 3.939111e-02 3.584934e+01 6.622836e+02 6.276935e+02 2.681456e-02 3.590334e+01 -4.493961e-01 4.520720e-03 2.478782e-04 1.363448e-02
345.000 315.000 4.704884e+02 4.528177e+02 1.913855e-02 3.038039e+01 4.654196e+02 4.593161e+02 6.600329e-03 3.040880e+01 -3.185388e-01 3.045288e-03 2.916921e-04 1.111498e-02
345.000 345.000 6.051320e+02 5.846510e+02 1.721405e-02 3.448812e+01 5.994397e+02 5.908617e+02 7.206552e-03 3.449985e+01 -1.023293e-01 1.928243e-03 2.051480e-04 3.466219e-03
