  #t  #Q2   A1M1_AVG      A_1M1     dA_1M1   A0P1_AVG      A_0P1     dA_0P1   A2M1_AVG      A_2M1     dA_2M1   A3M1_AVG      A_3M1     dA_3M1   A1P1_AVG      A_1P1     dA_1P1       Asym      Astat          t         tp         xb         Q2          W     Dilute
   9    0 -1.081e-01 -1.190e-02 1.3874e-02  3.520e-01  4.720e-01 1.3184e-02 -3.240e-02 -5.317e-02 1.3355e-02 -4.281e-03  1.576e-02 1.2945e-02  5.241e-02  3.677e-02 1.2947e-02 -1.2839e-01 1.7668e-02 7.0518e-01 1.9544e-01 4.6488e-01 5.5760e+00 2.6900e+00 5.0964e-01
   Phi   PhiS      N_U_avg      N_D_avg     Asym_avg    dAsym_avg      N_U_fit      N_D_fit     Asym_fit    dAsym_fit     Asym_cal    dAsym_cal     GOOD_fit     GOOD_cal
15.000 15.000 2.018108e+01 2.623683e+01 -1.304615e-01 6.754841e+00 1.996655e+01 2.645799e+01 -1.398279e-01 6.746618e+00 1.346662e-01 1.036295e-02 9.810916e-04 -3.924998e-02
15.000 45.000 1.847474e+01 2.773192e+01 -2.003429e-01 6.659734e+00 1.828968e+01 2.816483e+01 -2.125766e-01 6.659977e+00 3.853096e-01 1.651354e-02 1.298911e-03 -8.793905e-02
15.000 75.000 1.043659e+01 4.851953e+01 -6.459540e-01 5.861424e+00 1.040167e+01 4.899136e+01 -6.497345e-01 5.858325e+00 5.327096e-01 2.460155e-02 4.561827e-04 -2.010865e-01
15.000 105.000 1.355582e+01 1.041521e+02 -7.696702e-01 6.926663e+00 1.344594e+01 1.045297e+02 -7.720557e-01 6.903182e+00 5.373705e-01 2.779333e-02 2.439363e-04 -1.886955e-01
15.000 135.000 1.364532e+01 3.263579e+01 -4.103288e-01 6.203932e+00 1.364575e+01 3.253623e+01 -4.090444e-01 6.201204e+00 3.980434e-01 2.464067e-02 -1.464160e-04 -1.302989e-01
15.000 165.000 1.068276e+01 1.347430e+01 -1.155578e-01 4.882057e+00 1.080571e+01 1.346210e+01 -1.094613e-01 4.896636e+00 1.520609e-01 1.657176e-02 -8.816873e-04 -5.481648e-02
15.000 195.000 2.265895e+00 2.051074e+01 -8.010334e-01 2.856905e+00 2.272427e+00 2.032292e+01 -7.988589e-01 2.859292e+00 -1.346661e-01 1.036295e-02 -5.379806e-04 -2.332464e-01
15.000 225.000 1.601060e+01 1.882961e+01 -8.091260e-02 5.883206e+00 1.614322e+01 1.854333e+01 -6.919424e-02 5.875413e+00 -3.853095e-01 1.651354e-02 -1.409371e-03 5.173978e-02
15.000 255.000 5.225988e+00 2.626361e+00 3.310635e-01 2.644184e+00 5.258053e+00 2.607509e+00 3.369809e-01 2.640526e+00 -5.327095e-01 2.460155e-02 -1.583507e-03 3.266549e-01
15.000 285.000 3.503775e+01 2.567634e+01 1.541883e-01 7.698745e+00 3.524067e+01 2.535412e+01 1.631584e-01 7.679956e+00 -5.373705e-01 2.779333e-02 -8.248750e-04 8.982689e-02
15.000 315.000 3.887811e+01 1.119204e+01 5.529457e-01 5.895868e+00 3.884775e+01 1.124161e+01 5.511377e-01 5.905471e+00 -3.980434e-01 2.464067e-02 2.166514e-04 1.612961e-01
15.000 345.000 4.940789e+01 1.704315e+01 4.870463e-01 7.119545e+00 4.903855e+01 1.705387e+01 4.839386e-01 7.114338e+00 -1.520610e-01 1.657176e-02 3.087693e-04 8.976775e-02
45.000 15.000 1.578900e+01 3.650370e+01 -3.961298e-01 6.639804e+00 1.548097e+01 3.725608e+01 -4.128997e-01 6.614085e+00 1.103466e-01 2.185343e-02 1.789370e-03 -7.627841e-02
45.000 45.000 4.692551e+01 3.277213e+01 1.775884e-01 8.785452e+00 4.529401e+01 3.377465e+01 1.456880e-01 8.797183e+00 3.486875e-01 2.261161e-02 2.565826e-03 -1.947521e-02
45.000 75.000 4.564263e+00 3.274453e+01 -7.553251e-01 4.002940e+00 4.487125e+00 3.340078e+01 -7.631368e-01 3.977792e+00 4.935979e-01 2.176332e-02 1.384244e-03 -3.119968e-01
45.000 105.000 3.639227e+01 6.433848e+01 -2.774347e-01 9.642485e+00 3.540627e+01 6.536283e+01 -2.972793e-01 9.584552e+00 5.062491e-01 2.005710e-02 1.459629e-03 -8.127388e-02
45.000 135.000 1.780709e+01 3.028262e+01 -2.594222e-01 6.697259e+00 1.780946e+01 3.034303e+01 -2.602892e-01 6.700010e+00 3.832513e-01 1.919830e-02 9.152308e-05 -9.596027e-02
45.000 165.000 1.809169e+01 2.834144e+01 -2.207422e-01 6.646094e+00 1.830620e+01 2.807532e+01 -2.106254e-01 6.657619e+00 1.575616e-01 2.015484e-02 -1.075442e-03 -5.692096e-02
45.000 195.000 5.292728e+01 2.661906e+01 3.307283e-01 8.416975e+00 5.500573e+01 2.605766e+01 3.571040e-01 8.409870e+00 -1.103466e-01 2.185343e-02 -2.216752e-03 5.240284e-02
45.000 225.000 4.825952e+01 2.130496e+01 3.874758e-01 7.688969e+00 5.037719e+01 2.046428e+01 4.222513e-01 7.629594e+00 -3.486875e-01 2.261161e-02 -3.210466e-03 9.574237e-02
45.000 255.000 2.598587e+01 2.103451e+01 1.053024e-01 6.819016e+00 2.676969e+01 2.023940e+01 1.389156e-01 6.789840e+00 -4.935979e-01 2.176332e-02 -3.493027e-03 8.782752e-02
45.000 285.000 1.944707e+01 1.832502e+01 2.970574e-02 6.143189e+00 1.962010e+01 1.791128e+01 4.553063e-02 6.119933e+00 -5.062491e-01 2.005710e-02 -1.824962e-03 8.724329e-02
45.000 315.000 3.032602e+01 2.363084e+01 1.240839e-01 7.288765e+00 3.061619e+01 2.364520e+01 1.284705e-01 7.305192e+00 -3.832513e-01 1.919830e-02 -4.250769e-04 6.960486e-02
45.000 345.000 2.841394e+01 2.211726e+01 1.246098e-01 7.053125e+00 2.803865e+01 2.235160e+01 1.128602e-01 7.053255e+00 -1.575616e-01 2.015484e-02 1.177940e-03 4.000641e-02
75.000 15.000 3.795352e+01 9.017229e+01 -4.075586e-01 1.033652e+01 3.652985e+01 9.319408e+01 -4.368063e-01 1.024562e+01 1.031500e-01 2.132383e-02 2.009611e-03 -4.940808e-02
75.000 45.000 2.318924e+01 2.004981e+01 7.260643e-02 6.558286e+00 2.205426e+01 2.070288e+01 3.160579e-02 6.535627e+00 3.082899e-01 2.066780e-02 4.428284e-03 -3.593657e-02
75.000 75.000 1.052417e+01 5.305127e+01 -6.689235e-01 5.926892e+00 1.010801e+01 5.544125e+01 -6.915903e-01 5.847840e+00 4.308237e-01 2.030720e-02 2.722348e-03 -1.855510e-01
75.000 105.000 1.744887e+01 2.276033e+01 -1.320956e-01 6.285506e+00 1.707399e+01 2.355902e+01 -1.596002e-01 6.292694e+00 4.379187e-01 2.061926e-02 3.092445e-03 -9.068660e-02
75.000 135.000 1.418012e+01 3.194555e+01 -3.851528e-01 6.267636e+00 1.379890e+01 3.229113e+01 -4.012197e-01 6.218568e+00 3.276737e-01 2.127679e-02 1.819755e-03 -1.137307e-01
75.000 165.000 2.777941e+01 1.547578e+01 2.844429e-01 6.305197e+00 2.824983e+01 1.521939e+01 2.997626e-01 6.289926e+00 1.296288e-01 2.162123e-02 -1.720132e-03 2.455327e-02
75.000 195.000 3.666573e+00 1.733257e+01 -6.507883e-01 3.479292e+00 3.726330e+00 1.669571e+01 -6.350679e-01 3.490789e+00 -1.031500e-01 2.132383e-02 -3.189647e-03 -1.573964e-01
75.000 225.000 1.763843e+01 2.997751e+01 -2.591377e-01 6.664715e+00 1.836276e+01 2.873591e+01 -2.202430e-01 6.694330e+00 -3.082899e-01 2.066780e-02 -4.117453e-03 7.374949e-03
75.000 255.000 3.158934e+01 3.238033e+01 -1.236500e-02 7.997493e+00 3.332374e+01 3.084305e+01 3.866010e-02 8.004429e+00 -4.308237e-01 2.030720e-02 -4.509482e-03 5.232357e-02
75.000 285.000 3.824059e+01 2.234884e+01 2.622859e-01 7.511408e+00 3.893696e+01 2.160198e+01 2.863443e-01 7.454875e+00 -4.379187e-01 2.061926e-02 -2.273343e-03 9.321847e-02
75.000 315.000 3.380220e+01 5.846253e+01 -2.672779e-01 9.256002e+00 3.433931e+01 5.772987e+01 -2.540542e-01 9.280448e+00 -3.276737e-01 2.127679e-02 -1.008887e-03 6.525024e-03
75.000 345.000 6.596059e+01 3.468266e+01 3.107802e-01 9.535339e+00 6.525390e+01 3.532538e+01 2.975615e-01 9.574638e+00 -1.296289e-01 2.162123e-02 9.782286e-04 4.618691e-02
105.000 15.000 8.094583e+00 2.581046e+01 -5.225146e-01 4.964699e+00 7.615128e+00 2.689732e+01 -5.587025e-01 4.872313e+00 1.422192e-01 2.162123e-02 5.202317e-03 -1.338908e-01
105.000 45.000 2.968135e+01 1.564877e+01 3.095642e-01 6.402041e+00 2.765454e+01 1.652253e+01 2.519861e-01 6.432104e+00 3.123123e-01 2.127679e-02 6.344599e-03 -4.292515e-04
105.000 75.000 3.255236e+01 2.241562e+01 1.844118e-01 7.286882e+00 2.982579e+01 2.385937e+01 1.111372e-01 7.281625e+00 3.987216e-01 2.061926e-02 7.113008e-03 -2.941023e-02
105.000 105.000 1.354501e+01 3.413164e+01 -4.317969e-01 6.227954e+00 1.295542e+01 3.569941e+01 -4.674558e-01 6.166281e+00 3.782937e-01 2.030719e-02 4.068722e-03 -1.300726e-01
105.000 135.000 2.329286e+01 3.383573e+01 -1.845463e-01 7.428523e+00 2.269562e+01 3.428626e+01 -2.034091e-01 7.390821e+00 2.565024e-01 2.066780e-02 1.800080e-03 -5.937210e-02
105.000 165.000 2.364227e+01 1.565468e+01 2.032623e-01 6.137865e+00 2.378106e+01 1.548695e+01 2.112180e-01 6.125043e+00 6.598145e-02 2.132383e-02 -9.174910e-04 2.236608e-02
105.000 195.000 2.227484e+01 2.710690e+01 -9.785117e-02 6.993491e+00 2.300302e+01 2.565329e+01 -5.446926e-02 6.965053e+00 -1.422192e-01 2.162123e-02 -4.395240e-03 6.344155e-03
105.000 225.000 2.450650e+01 7.723429e+00 5.207293e-01 4.846699e+00 2.580018e+01 7.426914e+00 5.529603e-01 4.802854e+00 -3.123123e-01 2.127679e-02 -4.723648e-03 1.718765e-01
105.000 255.000 1.635038e+01 3.691389e+01 -3.860657e-01 6.732415e+00 1.722945e+01 3.432425e+01 -3.315920e-01 6.773862e+00 -3.987216e-01 2.061926e-02 -5.703793e-03 1.879833e-03
105.000 285.000 2.281710e+01 2.368761e+01 -1.871861e-02 6.818241e+00 2.347151e+01 2.254035e+01 2.023752e-02 6.781815e+00 -3.782937e-01 2.030719e-02 -4.050872e-03 5.273699e-02
105.000 315.000 3.246435e+01 1.341008e+01 4.153570e-01 6.161178e+00 3.280353e+01 1.329800e+01 4.230995e-01 6.152133e+00 -2.565024e-01 2.066780e-02 -8.892513e-04 1.090466e-01
105.000 345.000 1.671514e+01 1.608457e+01 1.922484e-02 5.726045e+00 1.650175e+01 1.652821e+01 -8.009079e-04 5.747168e+00 -6.598147e-02 2.132383e-02 2.468414e-03 1.488038e-02
135.000 15.000 5.217330e+01 5.811788e+00 7.995420e-01 4.573523e+00 4.902108e+01 6.094723e+00 7.788393e-01 4.656508e+00 1.894802e-01 2.015484e-02 3.171899e-03 1.333886e-01
135.000 45.000 2.052143e+01 0.000000e+00 1.000000e+00 2.000000e+00 1.824194e+01 0.000000e+00 1.000000e+00 2.000000e+00 3.594513e-01 1.919830e-02 0.000000e+00 3.202596e-01
135.000 75.000 5.179273e+00 3.914856e+01 -7.663196e-01 4.277441e+00 4.713149e+00 4.288558e+01 -8.019632e-01 4.121388e+00 4.331077e-01 2.005710e-02 6.000718e-03 -2.804046e-01
135.000 105.000 3.113275e+01 1.533880e+01 3.398628e-01 6.411223e+00 2.834379e+01 1.626961e+01 2.706401e-01 6.430058e+00 3.907133e-01 2.176332e-02 7.623504e-03 -7.931429e-03
135.000 135.000 0.000000e+00 4.950728e+01 -1.000000e+00 2.000000e+00 0.000000e+00 5.081909e+01 -1.000000e+00 2.000000e+00 2.436275e-01 2.261161e-02 0.000000e+00 -6.217740e-01
135.000 165.000 1.670047e+01 6.882765e+00 4.163001e-01 4.415441e+00 1.694700e+01 6.897815e+00 4.214411e-01 4.428281e+00 3.126202e-02 2.185343e-02 -8.220943e-04 8.720156e-02
135.000 195.000 1.089225e+01 1.683701e+01 -2.143858e-01 5.143422e+00 1.156350e+01 1.592769e+01 -1.587486e-01 5.176716e+00 -1.894801e-01 2.015484e-02 -7.624169e-03 -4.842192e-03
135.000 225.000 5.509990e+00 0.000000e+00 1.000000e+00 2.000000e+00 5.901132e+00 0.000000e+00 1.000000e+00 2.000000e+00 -3.594512e-01 1.919830e-02 0.000000e+00 6.796943e-01
135.000 255.000 2.346427e+00 5.856540e+00 -4.279076e-01 2.588622e+00 2.486647e+00 5.386313e+00 -3.683070e-01 2.608638e+00 -4.331077e-01 2.005710e-02 -1.621765e-02 2.008756e-03
135.000 285.000 9.895218e+00 1.729620e+01 -2.721808e-01 5.017670e+00 1.033362e+01 1.587872e+01 -2.115455e-01 5.003929e+00 -3.907133e-01 2.176332e-02 -8.556640e-03 2.362280e-02
135.000 315.000 1.577531e+01 0.000000e+00 1.000000e+00 2.000000e+00 1.633884e+01 0.000000e+00 1.000000e+00 2.000000e+00 -2.436276e-01 2.261161e-02 0.000000e+00 6.217740e-01
135.000 345.000 2.215167e+01 0.000000e+00 1.000000e+00 2.000000e+00 2.190974e+01 0.000000e+00 1.000000e+00 2.000000e+00 -3.126204e-02 2.185343e-02 0.000000e+00 5.156002e-01
165.000 15.000 0.000000e+00 2.784583e+01 -1.000000e+00 2.000000e+00 0.000000e+00 2.959523e+01 -1.000000e+00 2.000000e+00 1.674580e-01 1.657176e-02 0.000000e+00 -5.837090e-01
165.000 45.000 1.000228e+01 3.885761e+00 4.404163e-01 3.345777e+00 8.923667e+00 4.261011e+00 3.536420e-01 3.396435e+00 3.721820e-01 2.464067e-02 1.820086e-02 2.039362e-02
165.000 75.000 7.606149e+00 0.000000e+00 1.000000e+00 2.000000e+00 6.629171e+00 0.000000e+00 1.000000e+00 2.000000e+00 4.771801e-01 2.779333e-02 0.000000e+00 2.613847e-01
165.000 105.000 0.000000e+00 3.247379e+00 -1.000000e+00 2.000000e+00 0.000000e+00 3.599328e+00 -1.000000e+00 2.000000e+00 4.543182e-01 2.460155e-02 0.000000e+00 -7.271041e-01
165.000 135.000 1.478588e+00 1.243473e+01 -7.874571e-01 2.299092e+00 1.387473e+00 1.342139e+01 -8.126159e-01 2.242747e+00 3.097221e-01 1.651354e-02 7.833194e-03 -4.772104e-01
165.000 165.000 1.123620e+01 3.045923e+01 -4.610346e-01 5.730004e+00 1.097698e+01 3.013595e+01 -4.660083e-01 5.673155e+00 8.213620e-02 1.036295e-02 6.168330e-04 -9.479398e-02
165.000 195.000 0.000000e+00 0.000000e+00         -nan         -nan 0.000000e+00 0.000000e+00         -nan         -nan -1.674580e-01 1.657176e-02         -nan         -nan
165.000 225.000 2.247928e+01 1.642218e+00 8.638378e-01 2.474198e+00 2.462325e+01 1.473382e+00 8.870826e-01 2.358132e+00 -3.721820e-01 2.464067e-02 -6.800780e-03 4.995390e-01
165.000 255.000 3.481867e+00 4.248146e+00 -9.913038e-02 2.766596e+00 3.767445e+00 3.724911e+00 5.677081e-03 2.737173e+00 -4.771801e-01 2.779333e-02 -2.693028e-02 1.366411e-01
165.000 285.000 0.000000e+00 3.303789e+00 -1.000000e+00 2.000000e+00 0.000000e+00 2.997924e+00 -1.000000e+00 2.000000e+00 -4.543182e-01 2.460155e-02 0.000000e+00 -2.728203e-01
165.000 315.000 2.642835e+00 0.000000e+00 1.000000e+00 2.000000e+00 2.861462e+00 0.000000e+00 1.000000e+00 2.000000e+00 -3.097221e-01 1.651354e-02 0.000000e+00 6.548387e-01
165.000 345.000 2.706342e+00 2.396188e+00 6.078435e-02 2.254701e+00 2.744636e+00 2.460625e+00 5.456247e-02 2.278105e+00 -8.213622e-02 1.036295e-02 1.941169e-03 6.338715e-02
195.000 15.000 8.803363e+00 1.084095e+01 -1.037238e-01 4.408284e+00 8.849813e+00 1.127964e+01 -1.207098e-01 4.453779e+00 8.213619e-02 1.036294e-02 2.710601e-03 -4.216143e-02
195.000 45.000 1.489704e+01 1.663199e+01 -5.502707e-02 5.606564e+00 1.388411e+01 1.774131e+01 -1.219652e-01 5.581664e+00 3.097221e-01 1.651354e-02 8.461089e-03 -6.505723e-02
195.000 75.000 2.445289e+00 6.145384e+00 -4.307106e-01 2.645185e+00 2.158811e+00 6.657037e+00 -5.102431e-01 2.553558e+00 4.543182e-01 2.460155e-02 2.163185e-02 -3.345666e-01
195.000 105.000 1.348386e+01 1.888833e+01 -1.669479e-01 5.609806e+00 1.145039e+01 2.094529e+01 -2.930918e-01 5.441765e+00 4.771801e-01 2.779333e-02 1.614013e-02 -1.148204e-01
195.000 135.000 4.806251e+00 1.599577e+01 -5.379055e-01 3.844882e+00 4.403147e+00 1.757625e+01 -5.993387e-01 3.752899e+00 3.721820e-01 2.464067e-02 1.143404e-02 -2.366961e-01
195.000 165.000 0.000000e+00 3.552508e+00 -1.000000e+00 2.000000e+00 0.000000e+00 3.769774e+00 -1.000000e+00 2.000000e+00 1.674580e-01 1.657176e-02 0.000000e+00 -5.837090e-01
195.000 195.000 9.857354e+00 1.600503e+01 -2.377071e-01 4.939740e+00 9.792378e+00 1.616728e+01 -2.455696e-01 4.939046e+00 -8.213616e-02 1.036294e-02 1.125567e-03 -3.149368e-02
195.000 225.000 3.317156e+00 7.418435e+00 -3.820263e-01 3.028002e+00 3.547629e+00 6.751977e+00 -3.111136e-01 3.050031e+00 -3.097220e-01 1.651354e-02 -1.649960e-02 -2.387820e-02
195.000 255.000 6.724885e+00 1.102666e+01 -2.423325e-01 4.087675e+00 7.403854e+00 9.795197e+00 -1.390392e-01 4.106892e+00 -4.543181e-01 2.460155e-02 -1.782624e-02 5.185878e-02
195.000 285.000 7.717921e+00 9.337741e+00 -9.497255e-02 4.111183e+00 8.472881e+00 8.258215e+00 1.283036e-02 4.090030e+00 -4.771801e-01 2.779333e-02 -1.858943e-02 9.296566e-02
195.000 315.000 3.549567e+00 1.605536e+01 -6.378903e-01 3.409927e+00 3.871146e+00 1.427258e+01 -5.732800e-01 3.490099e+00 -3.721820e-01 2.464067e-02 -1.324149e-02 -7.791996e-02
195.000 345.000 4.272209e+00 1.215876e+01 -4.799808e-01 3.556062e+00 4.540715e+00 1.163084e+01 -4.384320e-01 3.614280e+00 -1.674581e-01 1.657176e-02 -8.194441e-03 -8.788356e-02
225.000 15.000 2.237657e+01 1.619875e+01 1.601495e-01 6.130738e+00 2.301953e+01 1.581875e+01 1.854041e-01 6.123988e+00 3.126200e-02 2.185343e-02 -2.914423e-03 2.102302e-02
225.000 45.000 1.962519e+01 2.533957e+01 -1.270858e-01 6.651207e+00 1.903774e+01 2.567965e+01 -1.485307e-01 6.612931e+00 2.436275e-01 2.261161e-02 2.286436e-03 -5.573592e-02
225.000 75.000 1.422028e+01 8.134415e+00 2.722410e-01 4.549491e+00 1.305428e+01 8.637359e+00 2.036232e-01 4.559852e+00 3.907133e-01 2.176332e-02 1.065281e-02 -2.604048e-02
225.000 105.000 8.415643e+00 2.180320e+01 -4.430203e-01 4.928274e+00 7.522517e+00 2.376595e+01 -5.191508e-01 4.780761e+00 4.331077e-01 2.005710e-02 1.108786e-02 -1.777743e-01
225.000 135.000 7.790541e+00 1.323538e+01 -2.589584e-01 4.428988e+00 7.192906e+00 1.438592e+01 -3.333367e-01 4.379627e+00 3.594513e-01 1.919830e-02 1.194116e-02 -1.396265e-01
225.000 165.000 7.248834e+00 1.247872e+01 -2.651056e-01 4.282649e+00 6.739890e+00 1.346198e+01 -3.327461e-01 4.238529e+00 1.894802e-01 2.015484e-02 1.122577e-02 -1.061448e-01
225.000 195.000 5.966675e+00 2.974811e+01 -6.658708e-01 4.458634e+00 5.879243e+00 3.018253e+01 -6.739348e-01 4.436546e+00 -3.126197e-02 2.185343e-02 1.282063e-03 -1.423309e-01
225.000 225.000 1.998465e+01 9.177851e+00 3.705717e-01 5.015756e+00 2.043789e+01 8.820823e+00 3.970464e-01 4.964494e+00 -2.436275e-01 2.261161e-02 -3.751453e-03 1.224527e-01
225.000 255.000 1.355510e+01 1.636832e+01 -9.401400e-02 5.446003e+00 1.455624e+01 1.539683e+01 -2.806355e-02 5.470785e+00 -3.907133e-01 2.176332e-02 -8.543518e-03 5.447976e-02
225.000 285.000 1.557695e+01 7.433246e+00 3.539171e-01 4.486424e+00 1.675250e+01 6.671189e+00 4.303897e-01 4.368615e+00 -4.331077e-01 2.005710e-02 -1.221214e-02 1.754219e-01
225.000 315.000 1.574895e+01 1.157689e+01 1.526784e-01 5.166126e+00 1.698101e+01 1.060119e+01 2.313024e-01 5.109455e+00 -3.594513e-01 1.919830e-02 -1.082075e-02 9.913155e-02
225.000 345.000 1.969286e+01 7.611023e+00 4.424953e-01 4.685907e+00 2.077103e+01 7.153861e+00 4.876355e-01 4.613532e+00 -1.894802e-01 2.015484e-02 -6.864493e-03 1.348660e-01
255.000 15.000 2.367927e+01 2.780171e+01 -8.007685e-02 7.151983e+00 2.407402e+01 2.748881e+01 -6.622586e-02 7.164963e+00 6.598141e-02 2.132383e-02 -1.368186e-03 -2.042197e-02
255.000 45.000 8.405112e+00 2.346511e+01 -4.725414e-01 4.975314e+00 8.216411e+00 2.360284e+01 -4.835573e-01 4.937513e+00 2.565024e-01 2.066780e-02 1.571571e-03 -1.465309e-01
255.000 75.000 2.539591e+01 1.831771e+00 8.654478e-01 2.614220e+00 2.409807e+01 1.868253e+00 8.561019e-01 2.633503e+00 3.782937e-01 2.030720e-02 2.518639e-03 1.863421e-01
255.000 105.000 1.261344e+01 2.649759e+01 -3.549934e-01 5.846558e+00 1.182698e+01 2.767885e+01 -4.012538e-01 5.757188e+00 3.987216e-01 2.061926e-02 5.637853e-03 -1.289152e-01
255.000 135.000 4.840714e+01 2.437836e+01 3.301314e-01 8.053127e+00 4.477400e+01 2.568891e+01 2.708530e-01 8.080449e+00 3.123123e-01 2.127679e-02 5.196134e-03 2.212687e-03
255.000 165.000 7.572089e+00 2.896642e+01 -5.855283e-01 4.900155e+00 7.369679e+00 3.048437e+01 -6.106267e-01 4.872330e+00 1.422192e-01 2.162123e-02 3.632067e-03 -1.485137e-01
255.000 195.000 1.813819e+01 5.186191e+01 -4.817668e-01 7.331652e+00 1.786578e+01 5.298587e+01 -4.956849e-01 7.310483e+00 -6.598139e-02 2.132383e-02 1.344274e-03 -5.671078e-02
255.000 225.000 2.692964e+01 4.069161e+01 -2.035155e-01 8.051116e+00 2.728236e+01 3.975280e+01 -1.860283e-01 8.044582e+00 -2.565023e-01 2.066780e-02 -1.536474e-03 6.581284e-03
255.000 255.000 3.845429e+01 2.346952e+01 2.419872e-01 7.635292e+00 4.004527e+01 2.222350e+01 2.862072e-01 7.560956e+00 -3.782937e-01 2.030720e-02 -4.115217e-03 8.123837e-02
255.000 285.000 8.116848e+01 2.459415e+01 5.349179e-01 8.689074e+00 8.564517e+01 2.272865e+01 5.805509e-01 8.476295e+00 -3.987216e-01 2.061926e-02 -3.759303e-03 1.074495e-01
255.000 315.000 1.111468e+01 1.718410e+01 -2.144764e-01 5.195868e+00 1.197239e+01 1.577176e+01 -1.369434e-01 5.217648e+00 -3.123123e-01 2.127679e-02 -1.052940e-02 1.882941e-02
255.000 345.000 2.179858e+01 1.698119e+01 1.242242e-01 6.179104e+00 2.277267e+01 1.615051e+01 1.701340e-01 6.147888e+00 -1.422192e-01 2.162123e-02 -5.266984e-03 4.311982e-02
285.000 15.000 2.739936e+01 2.634895e+01 1.954316e-02 7.329924e+00 2.785622e+01 2.611446e+01 3.227224e-02 7.342648e+00 1.296288e-01 2.162123e-02 -1.226890e-03 -1.501859e-02
285.000 45.000 1.020843e+01 7.227846e+01 -7.524835e-01 5.981657e+00 1.004094e+01 7.251421e+01 -7.567460e-01 5.939591e+00 3.276737e-01 2.127679e-02 5.056549e-04 -1.805771e-01
285.000 75.000 3.845017e+01 7.089998e+01 -2.967515e-01 9.986021e+00 3.672881e+01 7.325866e+01 -3.321274e-01 9.892164e+00 4.379187e-01 2.061926e-02 2.516756e-03 -7.356970e-02
285.000 105.000 8.658929e+00 3.766522e+01 -6.261592e-01 5.306750e+00 8.146643e+00 3.903608e+01 -6.546769e-01 5.192314e+00 4.308237e-01 2.030719e-02 3.841081e-03 -1.991756e-01
285.000 135.000 2.546352e+01 5.150416e+01 -3.383322e-01 8.255743e+00 2.423666e+01 5.358007e+01 -3.770836e-01 8.170178e+00 3.082899e-01 2.066780e-02 3.336314e-03 -7.832366e-02
285.000 165.000 4.629500e+00 5.267872e+01 -8.384350e-01 4.125781e+00 4.568039e+00 5.435681e+01 -8.449538e-01 4.105562e+00 1.031500e-01 2.132383e-02 1.119968e-03 -2.282168e-01
285.000 195.000 6.708919e+01 4.162171e+01 2.342680e-01 1.013630e+01 6.641751e+01 4.206817e+01 2.244475e-01 1.014990e+01 -1.296288e-01 2.162123e-02 6.846161e-04 3.590025e-02
285.000 225.000 8.830130e+01 8.398986e+01 2.502415e-02 1.312186e+01 8.899980e+01 8.361805e+01 3.117725e-02 1.313202e+01 -3.276737e-01 2.127679e-02 -3.314477e-04 2.687860e-02
285.000 255.000 4.574244e+01 4.729353e+01 -1.667192e-02 9.644175e+00 4.703994e+01 4.540364e+01 1.770055e-02 9.613252e+00 -4.379187e-01 2.061926e-02 -2.524218e-03 4.367878e-02
285.000 285.000 3.450524e+01 3.927868e+01 -6.469486e-02 8.571762e+00 3.635147e+01 3.733504e+01 -1.334802e-02 8.583320e+00 -4.308237e-01 2.030719e-02 -4.232878e-03 4.271325e-02
285.000 315.000 4.267196e+01 2.109714e+01 3.383272e-01 7.514635e+00 4.469037e+01 2.016518e+01 3.781510e-01 7.455288e+00 -3.082899e-01 2.066780e-02 -3.762134e-03 8.604738e-02
285.000 345.000 3.777087e+01 3.962656e+01 -2.397604e-02 8.795052e+00 3.890458e+01 3.826766e+01 8.253160e-03 8.784474e+00 -1.031501e-01 2.132383e-02 -2.592730e-03 9.002084e-03
315.000 15.000 3.668825e+01 2.694366e+01 1.531400e-01 7.882869e+00 3.734524e+01 2.648304e+01 1.701785e-01 7.872722e+00 1.575616e-01 2.015483e-02 -1.529362e-03 -5.609001e-04
315.000 45.000 4.258181e+01 1.032230e+01 6.097732e-01 5.764818e+00 4.253453e+01 1.027677e+01 6.108118e-01 5.753944e+00 3.832513e-01 1.919830e-02 -1.275146e-04 3.929364e-02
315.000 75.000 3.402978e+01 3.099017e+01 4.674885e-02 8.054679e+00 3.329469e+01 3.150349e+01 2.764275e-02 8.046656e+00 5.062491e-01 2.005710e-02 1.678129e-03 -5.704744e-02
315.000 105.000 2.195990e+01 3.003501e+01 -1.553056e-01 7.123258e+00 2.134759e+01 3.078354e+01 -1.810041e-01 7.100928e+00 4.935979e-01 2.176332e-02 2.555018e-03 -9.109603e-02
315.000 135.000 1.887662e+01 2.036835e+01 -3.801053e-02 6.260053e+00 1.822275e+01 2.105974e+01 -7.222022e-02 6.251208e+00 3.486875e-01 2.261161e-02 3.866900e-03 -6.177193e-02
315.000 165.000 1.993144e+01 1.673558e+01 8.715876e-02 6.032286e+00 1.926797e+01 1.737920e+01 5.153929e-02 6.045646e+00 1.103466e-01 2.185343e-02 4.170706e-03 -3.843939e-03
315.000 195.000 2.273547e+01 1.719860e+01 1.386505e-01 6.258305e+00 2.248250e+01 1.741886e+01 1.269039e-01 6.265681e+00 -1.575615e-01 2.015483e-02 1.326437e-03 4.733079e-02
315.000 225.000 7.976207e+01 2.931347e+01 4.625107e-01 9.259726e+00 7.981188e+01 2.905915e+01 4.661729e-01 9.231007e+00 -3.832512e-01 1.919830e-02 -2.800932e-04 9.133749e-02
315.000 255.000 2.470619e+01 1.385054e+01 2.815499e-01 5.958215e+00 2.509019e+01 1.357889e+01 2.976875e-01 5.936523e+00 -5.062491e-01 2.005710e-02 -1.918671e-03 1.322199e-01
315.000 285.000 3.491117e+01 1.498701e+01 3.992964e-01 6.476306e+00 3.564807e+01 1.458382e+01 4.193403e-01 6.434190e+00 -4.935979e-01 2.176332e-02 -2.195601e-03 1.378702e-01
315.000 315.000 2.223252e+01 4.296433e+01 -3.179879e-01 7.655350e+00 2.293243e+01 4.124992e+01 -2.853975e-01 7.678189e+00 -3.486876e-01 2.261161e-02 -3.005812e-03 4.010202e-03
315.000 345.000 1.854852e+01 1.890832e+01 -9.605814e-03 6.119916e+00 1.910700e+01 1.835477e+01 2.008010e-02 6.119368e+00 -1.103467e-01 2.185343e-02 -3.430121e-03 1.646104e-02
345.000 15.000 5.456053e+00 2.706834e+01 -6.644947e-01 4.261824e+00 5.517058e+00 2.661730e+01 -6.566256e-01 4.275442e+00 1.520609e-01 1.657177e-02 -1.303536e-03 -1.915962e-01
345.000 45.000 1.880921e+01 1.286831e+01 1.875432e-01 5.528412e+00 1.885452e+01 1.283597e+01 1.899166e-01 5.526977e+00 3.980434e-01 2.464067e-02 -3.036025e-04 -3.807568e-02
345.000 75.000 2.929039e+01 9.362480e+00 5.155610e-01 5.327177e+00 2.896876e+01 9.362024e+00 5.115141e-01 5.319931e+00 5.373705e-01 2.779332e-02 5.375348e-04 -4.093940e-03
345.000 105.000 1.192994e+01 6.451675e+00 2.980295e-01 4.092545e+00 1.185787e+01 6.568153e+00 2.870786e-01 4.111868e+00 5.327096e-01 2.460155e-02 1.887627e-03 -5.734227e-02
345.000 135.000 2.895793e+01 3.005767e+01 -1.863477e-02 7.680827e+00 2.851318e+01 3.073884e+01 -3.756259e-02 7.692101e+00 3.853096e-01 1.651354e-02 1.741241e-03 -5.259114e-02
345.000 165.000 6.205518e+00 2.666087e+01 -6.223791e-01 4.487249e+00 6.192645e+00 2.716735e+01 -6.287382e-01 4.491369e+00 1.346662e-01 1.036295e-02 1.001627e-03 -1.687099e-01
345.000 195.000 1.085635e+01 9.871869e+00 4.749489e-02 4.547688e+00 1.078439e+01 9.903270e+00 4.259176e-02 4.544242e+00 -1.520609e-01 1.657177e-02 7.626627e-04 4.388041e-02
345.000 225.000 2.330958e+01 2.625685e+01 -5.946102e-02 7.027886e+00 2.316558e+01 2.640490e+01 -6.534770e-02 7.025582e+00 -3.980434e-01 2.464067e-02 5.923828e-04 4.817668e-02
345.000 255.000 7.131847e+00 1.396488e+01 -3.238905e-01 4.345523e+00 7.194400e+00 1.386669e+01 -3.168065e-01 4.352846e+00 -5.373704e-01 2.779332e-02 -1.151754e-03 4.912540e-02
345.000 285.000 9.669715e+00 2.583120e+01 -4.552414e-01 5.305049e+00 9.704722e+00 2.538171e+01 -4.468105e-01 5.299225e+00 -5.327096e-01 2.460155e-02 -1.124371e-03 1.460257e-02
345.000 315.000 4.103318e+01 2.534238e+01 2.363942e-01 7.916208e+00 4.143970e+01 2.499546e+01 2.475231e-01 7.897140e+00 -3.853096e-01 1.651354e-02 -9.952806e-04 7.853538e-02
345.000 345.000 1.654550e+01 4.020562e+01 -4.169102e-01 6.847406e+00 1.664556e+01 3.990509e+01 -4.113045e-01 6.854480e+00 -1.346662e-01 1.036295e-02 -5.785860e-04 -4.121907e-02
