  #t  #Q2   A1M1_AVG      A_1M1     dA_1M1   A0P1_AVG      A_0P1     dA_0P1   A2M1_AVG      A_2M1     dA_2M1   A3M1_AVG      A_3M1     dA_3M1   A1P1_AVG      A_1P1     dA_1P1       Asym      Astat          t         tp         xb         Q2          W     Dilute
   2    0 -1.774e-02  2.912e-02 5.1692e-03  3.937e-01  3.984e-01 5.1298e-03 -6.785e-04 -2.278e-02 5.1706e-03  8.874e-04  2.653e-02 5.1105e-03  7.888e-03  3.103e-03 5.1600e-03 -2.7653e-02 2.2048e-03 2.9387e-01 6.9162e-03 4.2463e-01 5.2112e+00 2.8270e+00 7.8237e-01
   Phi   PhiS      N_U_avg      N_D_avg     Asym_avg    dAsym_avg      N_U_fit      N_D_fit     Asym_fit    dAsym_fit     Asym_cal    dAsym_cal     GOOD_fit     GOOD_cal
15.000 15.000 1.881507e+03 2.419232e+03 -1.250309e-01 6.506540e+01 1.873270e+03 2.423923e+03 -1.281427e-01 6.501254e+01 1.120341e-01 4.091378e-03 3.383173e-05 -3.643487e-03
15.000 45.000 9.296754e+02 1.976568e+03 -3.602219e-01 5.029045e+01 9.435025e+02 1.961567e+03 -3.504442e-01 5.048064e+01 2.757345e-01 6.449627e-03 -1.372202e-04 -1.264567e-02
15.000 75.000 1.712590e+03 1.569803e+03 4.350109e-02 5.723794e+01 1.743847e+03 1.544112e+03 6.074739e-02 5.723484e+01 3.655521e-01 9.545418e-03 -2.130633e-04 -5.626530e-03
15.000 105.000 1.598677e+03 1.726281e+03 -3.837787e-02 5.761997e+01 1.642036e+03 1.691684e+03 -1.489284e-02 5.773198e+01 3.574203e-01 1.075983e-02 -2.879261e-04 -6.869114e-03
15.000 135.000 2.096831e+03 1.837985e+03 6.578352e-02 6.259224e+01 2.145882e+03 1.807969e+03 8.546420e-02 6.264959e+01 2.535180e-01 9.534973e-03 -2.222315e-04 -2.999325e-03
15.000 165.000 1.808686e+03 1.613206e+03 5.712652e-02 5.840141e+01 1.832162e+03 1.592394e+03 7.001424e-02 5.837609e+01 8.168576e-02 6.434157e-03 -1.560745e-04 -4.205249e-04
15.000 195.000 1.509657e+03 2.064790e+03 -1.553061e-01 5.906126e+01 1.510545e+03 2.059556e+03 -1.537803e-01 5.903959e+01 -1.120341e-01 4.091378e-03 -1.827049e-05 -7.326631e-04
15.000 225.000 1.722844e+03 1.183635e+03 1.855198e-01 5.297589e+01 1.708101e+03 1.205202e+03 1.726215e-01 5.316477e+01 -2.757345e-01 6.449627e-03 1.718567e-04 8.706873e-03
15.000 255.000 2.675111e+03 1.489632e+03 2.846462e-01 6.186519e+01 2.644550e+03 1.527937e+03 2.676133e-01 6.223879e+01 -3.655521e-01 9.545418e-03 1.940961e-04 1.050992e-02
15.000 285.000 1.870577e+03 1.353588e+03 1.603483e-01 5.604700e+01 1.826866e+03 1.391668e+03 1.352161e-01 5.621111e+01 -3.574203e-01 1.075983e-02 3.166111e-04 9.238113e-03
15.000 315.000 2.401455e+03 1.687793e+03 1.745215e-01 6.296585e+01 2.358238e+03 1.728116e+03 1.542014e-01 6.316003e+01 -2.535180e-01 9.534973e-03 2.278431e-04 6.797962e-03
15.000 345.000 1.840485e+03 1.919118e+03 -2.091543e-02 6.130219e+01 1.817783e+03 1.943372e+03 -3.339104e-02 6.129406e+01 -8.168578e-02 6.434158e-03 1.439128e-04 9.913244e-04
45.000 15.000 1.273439e+03 1.328120e+03 -2.101850e-02 5.099421e+01 1.263507e+03 1.337009e+03 -2.826451e-02 5.097488e+01 1.213326e-01 8.540739e-03 1.004952e-04 -2.791516e-03
45.000 45.000 1.634288e+03 1.670580e+03 -1.098122e-02 5.748452e+01 1.632559e+03 1.671492e+03 -1.178331e-02 5.747688e+01 2.952364e-01 8.903246e-03 9.867095e-06 -5.326959e-03
45.000 75.000 1.562120e+03 2.380154e+03 -2.075030e-01 6.142092e+01 1.567646e+03 2.364622e+03 -2.026757e-01 6.140635e+01 3.900319e-01 8.519405e-03 -5.558061e-05 -9.728523e-03
45.000 105.000 1.645318e+03 2.014351e+03 -1.008376e-01 6.018685e+01 1.669061e+03 1.998450e+03 -8.981264e-02 6.031524e+01 3.803186e-01 7.718107e-03 -1.293895e-04 -7.994375e-03
45.000 135.000 1.385868e+03 2.194216e+03 -2.257901e-01 5.828865e+01 1.404105e+03 2.165402e+03 -2.132781e-01 5.837070e+01 2.686992e-01 7.296959e-03 -1.516788e-04 -8.483459e-03
45.000 165.000 1.471632e+03 1.761853e+03 -8.975478e-02 5.663424e+01 1.491859e+03 1.741603e+03 -7.723733e-02 5.669368e+01 8.508216e-02 7.741649e-03 -1.562047e-04 -3.087125e-03
45.000 195.000 1.445992e+03 1.812245e+03 -1.124084e-01 5.671920e+01 1.458084e+03 1.792887e+03 -1.029855e-01 5.671412e+01 -1.213326e-01 8.540739e-03 -1.174783e-04 1.573408e-04
45.000 225.000 1.752193e+03 1.449475e+03 9.455016e-02 5.632979e+01 1.758750e+03 1.449942e+03 9.624109e-02 5.638238e+01 -2.952364e-01 8.903246e-03 -2.121637e-05 6.919723e-03
45.000 255.000 1.803813e+03 1.264882e+03 1.756224e-01 5.453482e+01 1.802886e+03 1.272499e+03 1.724620e-01 5.462521e+01 -3.900319e-01 8.519405e-03 4.094423e-05 1.037235e-02
45.000 285.000 2.062294e+03 1.407483e+03 1.887184e-01 5.784637e+01 2.041846e+03 1.430262e+03 1.761421e-01 5.800329e+01 -3.803186e-01 7.718107e-03 1.535228e-04 9.837039e-03
45.000 315.000 1.897177e+03 1.391996e+03 1.535893e-01 5.667082e+01 1.875764e+03 1.413094e+03 1.406779e-01 5.677826e+01 -2.686993e-01 7.296959e-03 1.609478e-04 7.451604e-03
45.000 345.000 1.979026e+03 2.598782e+03 -1.353826e-01 6.703659e+01 1.955932e+03 2.630849e+03 -1.471441e-01 6.698859e+01 -8.508218e-02 7.741649e-03 1.241062e-04 -7.503426e-04
75.000 15.000 1.319942e+03 1.922830e+03 -1.859172e-01 5.595252e+01 1.310854e+03 1.933593e+03 -1.919398e-01 5.590097e+01 1.020623e-01 8.265935e-03 7.614612e-05 -5.146854e-03
75.000 45.000 1.389707e+03 2.414540e+03 -2.693917e-01 5.939837e+01 1.394772e+03 2.418477e+03 -2.684600e-01 5.948467e+01 2.769548e-01 8.046799e-03 -1.108382e-05 -9.198006e-03
75.000 75.000 1.338329e+03 2.555783e+03 -3.126399e-01 5.927467e+01 1.339520e+03 2.568404e+03 -3.144595e-01 5.934214e+01 3.776376e-01 7.917195e-03 2.169510e-05 -1.164540e-02
75.000 105.000 1.265819e+03 1.602523e+03 -1.173864e-01 5.318663e+01 1.272523e+03 1.588754e+03 -1.105207e-01 5.316321e+01 3.771326e-01 8.011723e-03 -9.129837e-05 -9.297807e-03
75.000 135.000 1.371116e+03 1.250929e+03 4.583695e-02 5.115208e+01 1.378024e+03 1.238152e+03 5.346405e-02 5.107541e+01 2.755753e-01 8.231793e-03 -1.055131e-04 -4.491280e-03
75.000 165.000 2.124320e+03 1.669116e+03 1.199979e-01 6.114583e+01 2.141198e+03 1.658531e+03 1.270266e-01 6.114260e+01 1.001778e-01 8.356519e-03 -8.128365e-05 3.241452e-04
75.000 195.000 1.590785e+03 1.325342e+03 9.102598e-02 5.377699e+01 1.599432e+03 1.319775e+03 9.579880e-02 5.378119e+01 -1.020623e-01 8.265935e-03 -6.275479e-05 3.590537e-03
75.000 225.000 1.412271e+03 1.352319e+03 2.168549e-02 5.256701e+01 1.412934e+03 1.352098e+03 2.200201e-02 5.257084e+01 -2.769548e-01 8.046799e-03 -4.257462e-06 5.681136e-03
75.000 255.000 1.742554e+03 1.466248e+03 8.610879e-02 5.643589e+01 1.736493e+03 1.476837e+03 8.080590e-02 5.650088e+01 -3.776376e-01 7.917195e-03 6.640370e-05 8.217223e-03
75.000 285.000 2.611406e+03 1.424504e+03 2.940854e-01 6.071951e+01 2.620059e+03 1.429798e+03 2.939022e-01 6.082792e+01 -3.771326e-01 8.011723e-03 2.131704e-06 1.105440e-02
75.000 315.000 2.534951e+03 1.166401e+03 3.697433e-01 5.652734e+01 2.522892e+03 1.177626e+03 3.635345e-01 5.666982e+01 -2.755753e-01 8.231793e-03 7.756854e-05 1.141604e-02
75.000 345.000 1.651873e+03 1.587866e+03 1.975679e-02 5.690759e+01 1.642120e+03 1.601525e+03 1.251513e-02 5.694854e+01 -1.001778e-01 8.356519e-03 8.994907e-05 2.107533e-03
105.000 15.000 1.194583e+03 2.181348e+03 -2.922943e-01 5.556533e+01 1.179839e+03 2.213497e+03 -3.046139e-01 5.548396e+01 1.178410e-01 8.356519e-03 1.568901e-04 -7.381138e-03
105.000 45.000 1.718682e+03 2.082029e+03 -9.559967e-02 6.136755e+01 1.701766e+03 2.097347e+03 -1.041247e-01 6.130190e+01 2.760556e-01 8.231793e-03 9.828189e-05 -6.056218e-03
105.000 75.000 1.830077e+03 2.392341e+03 -1.331614e-01 6.440145e+01 1.835377e+03 2.396560e+03 -1.326067e-01 6.447884e+01 3.603013e-01 8.011723e-03 -6.087032e-06 -7.662293e-03
105.000 105.000 1.236990e+03 1.659119e+03 -1.457572e-01 5.324078e+01 1.252087e+03 1.635551e+03 -1.327949e-01 5.326083e+01 3.480046e-01 7.917195e-03 -1.721242e-04 -9.274127e-03
105.000 135.000 8.654941e+02 1.705706e+03 -3.267782e-01 4.792324e+01 8.840583e+02 1.679481e+03 -3.102829e-01 4.813245e+01 2.424603e-01 8.046799e-03 -2.428568e-04 -1.187813e-02
105.000 165.000 1.255094e+03 1.866255e+03 -1.958003e-01 5.478762e+01 1.276872e+03 1.835528e+03 -1.794934e-01 5.488283e+01 7.194898e-02 8.265935e-03 -2.102787e-04 -4.887039e-03
105.000 195.000 2.523923e+03 1.362526e+03 2.988323e-01 5.949274e+01 2.562183e+03 1.343776e+03 3.119353e-01 5.937925e+01 -1.178410e-01 8.356519e-03 -1.558851e-04 7.003767e-03
105.000 225.000 1.290148e+03 2.238749e+03 -2.688096e-01 5.721803e+01 1.290822e+03 2.216982e+03 -2.640283e-01 5.712506e+01 -2.760556e-01 8.231793e-03 -5.913514e-05 1.266388e-04
105.000 255.000 1.549720e+03 1.283840e+03 9.383247e-02 5.299633e+01 1.539198e+03 1.284585e+03 9.016716e-02 5.292283e+01 -3.603013e-01 8.011723e-03 4.893854e-05 8.569155e-03
105.000 285.000 2.015255e+03 1.307280e+03 2.130829e-01 5.631765e+01 1.999151e+03 1.328163e+03 2.016606e-01 5.649781e+01 -3.480046e-01 7.917195e-03 1.431863e-04 9.962907e-03
105.000 315.000 1.370205e+03 1.224183e+03 5.628413e-02 5.085439e+01 1.346473e+03 1.249616e+03 3.730874e-02 5.091636e+01 -2.424603e-01 8.046799e-03 2.636833e-04 5.874506e-03
105.000 345.000 1.084089e+03 1.507917e+03 -1.635138e-01 5.022653e+01 1.065078e+03 1.537649e+03 -1.815676e-01 5.016895e+01 -7.194900e-02 8.265935e-03 2.543137e-04 -1.823037e-03
135.000 15.000 1.075360e+03 1.247769e+03 -7.421427e-02 4.806593e+01 1.039665e+03 1.283575e+03 -1.049870e-01 4.793363e+01 1.651525e-01 7.741649e-03 4.533266e-04 -4.979966e-03
135.000 45.000 1.261847e+03 1.500502e+03 -8.639590e-02 5.236154e+01 1.222747e+03 1.541964e+03 -1.154613e-01 5.222886e+01 3.269392e-01 7.296958e-03 3.930054e-04 -7.893869e-03
135.000 75.000 9.685672e+02 1.271354e+03 -1.351774e-01 4.689340e+01 9.507643e+02 1.297401e+03 -1.541865e-01 4.684782e+01 4.011229e-01 7.718107e-03 2.867774e-04 -1.143658e-02
135.000 105.000 8.544912e+02 1.315221e+03 -2.123459e-01 4.551788e+01 8.572606e+02 1.319968e+03 -2.125214e-01 4.559489e+01 3.678260e-01 8.519405e-03 2.723185e-06 -1.274602e-02
135.000 135.000 1.130215e+03 1.448560e+03 -1.234482e-01 5.039322e+01 1.149945e+03 1.430082e+03 -1.085793e-01 5.049366e+01 2.359705e-01 8.903246e-03 -2.084295e-04 -7.132282e-03
135.000 165.000 1.306403e+03 7.947538e+02 2.435084e-01 4.445859e+01 1.343259e+03 7.749906e+02 2.682724e-01 4.433733e+01 4.088681e-02 8.540739e-03 -3.944055e-04 4.557536e-03
135.000 195.000 1.781588e+03 8.312237e+02 3.637325e-01 4.761443e+01 1.835272e+03 8.035845e+02 3.909600e-01 4.728116e+01 -1.651524e-01 7.741649e-03 -4.057650e-04 1.110766e-02
135.000 225.000 1.458435e+03 1.008157e+03 1.825507e-01 4.883025e+01 1.501144e+03 9.743044e+02 2.128258e-01 4.861402e+01 -3.269392e-01 7.296958e-03 -4.393843e-04 1.043390e-02
135.000 255.000 1.350284e+03 1.081117e+03 1.107046e-01 4.900616e+01 1.364674e+03 1.061617e+03 1.249055e-01 4.887164e+01 -4.011229e-01 7.718107e-03 -2.051857e-04 1.044415e-02
135.000 285.000 1.230051e+03 1.223897e+03 2.507993e-03 4.953718e+01 1.221602e+03 1.223960e+03 -9.640311e-04 4.945260e+01 -3.678260e-01 8.519405e-03 4.960291e-05 7.475880e-03
135.000 315.000 1.612554e+03 6.366303e+02 4.339012e-01 4.272856e+01 1.603103e+03 6.525419e+02 4.214144e-01 4.307046e+01 -2.359705e-01 8.903246e-03 2.058166e-04 1.567737e-02
135.000 345.000 1.304382e+03 1.510307e+03 -7.316064e-02 5.291147e+01 1.271586e+03 1.554472e+03 -1.000991e-01 5.289368e+01 -4.088683e-02 8.540739e-03 3.600648e-04 -6.099587e-04
165.000 15.000 7.599519e+02 5.430847e+02 1.664322e-01 3.559414e+01 7.406553e+02 5.570421e+02 1.414916e-01 3.566115e+01 1.567571e-01 6.434158e-03 4.949994e-04 2.718176e-04
165.000 45.000 4.001650e+02 7.047963e+02 -2.756941e-01 3.195272e+01 3.802786e+02 7.338170e+02 -3.173322e-01 3.165291e+01 3.539123e-01 9.534972e-03 9.257752e-04 -1.970431e-02
165.000 75.000 7.178584e+02 6.779277e+02 2.860799e-02 3.734493e+01 6.781939e+02 6.970812e+02 -1.373344e-02 3.708121e+01 4.562370e-01 1.075983e-02 8.045487e-04 -1.145079e-02
165.000 105.000 5.642501e+02 4.902582e+02 7.016715e-02 3.239316e+01 5.344355e+02 5.061716e+02 2.716102e-02 3.224654e+01 4.363134e-01 9.545418e-03 9.409031e-04 -1.130320e-02
165.000 135.000 4.816239e+02 4.772325e+02 4.579795e-03 3.096508e+01 4.712428e+02 4.802783e+02 -9.495856e-03 3.084534e+01 2.994800e-01 6.449628e-03 3.220482e-04 -9.523636e-03
165.000 165.000 7.190825e+02 8.822788e+02 -1.019110e-01 3.980866e+01 7.277487e+02 8.771091e+02 -9.306770e-02 3.988680e+01 8.240113e-02 4.091379e-03 -1.569260e-04 -4.629950e-03
165.000 195.000 5.300266e+02 4.045658e+02 1.342412e-01 3.029439e+01 5.469711e+02 3.936480e+02 1.630024e-01 3.025933e+01 -1.567570e-01 6.434157e-03 -6.717087e-04 9.605679e-03
165.000 225.000 3.285263e+02 3.245070e+02 6.154695e-03 2.555403e+01 3.411066e+02 3.098443e+02 4.802564e-02 2.548430e+01 -3.539123e-01 9.534972e-03 -1.160195e-03 1.409042e-02
165.000 255.000 1.012878e+03 4.490173e+02 3.857051e-01 3.527621e+01 1.059348e+03 4.300149e+02 4.225518e-01 3.497767e+01 -4.562370e-01 1.075983e-02 -7.417189e-04 2.386714e-02
165.000 285.000 8.701692e+02 4.901761e+02 2.793358e-01 3.541468e+01 8.931551e+02 4.730713e+02 3.074774e-01 3.517187e+01 -4.363134e-01 9.545418e-03 -5.638189e-04 2.020770e-02
165.000 315.000 7.608409e+02 4.906173e+02 2.159270e-01 3.454142e+01 7.708853e+02 4.812508e+02 2.313123e-01 3.442586e+01 -2.994800e-01 6.449628e-03 -3.154850e-04 1.492142e-02
165.000 345.000 8.832990e+02 4.566952e+02 3.183625e-01 3.470129e+01 8.769408e+02 4.618715e+02 3.100280e-01 3.478691e+01 -8.240115e-02 4.091379e-03 1.696219e-04 1.154895e-02
195.000 15.000 6.123319e+02 4.189442e+02 1.875228e-01 3.154380e+01 6.167303e+02 4.164528e+02 1.938451e-01 3.153348e+01 8.240112e-02 4.091377e-03 -1.417489e-04 3.332561e-03
195.000 45.000 3.369031e+02 7.562357e+02 -3.836042e-01 3.053328e+01 3.309957e+02 7.674917e+02 -3.973610e-01 3.041448e+01 2.994800e-01 6.449627e-03 3.192079e-04 -2.237179e-02
195.000 75.000 4.723771e+02 7.938705e+02 -2.538946e-01 3.441834e+01 4.531585e+02 8.212484e+02 -2.888323e-01 3.417734e+01 4.363134e-01 9.545419e-03 7.202940e-04 -2.005349e-02
195.000 105.000 8.539618e+02 9.533967e+02 -5.501668e-02 4.244865e+01 8.080562e+02 9.898638e+02 -1.011211e-01 4.218454e+01 4.562370e-01 1.075983e-02 7.703973e-04 -1.204405e-02
195.000 135.000 3.562691e+02 7.753120e+02 -3.703163e-01 3.124744e+01 3.345451e+02 8.128128e+02 -4.168427e-01 3.078953e+01 3.539123e-01 9.534972e-03 1.060600e-03 -2.317721e-02
195.000 165.000 6.926531e+02 4.442280e+02 2.185146e-01 3.290284e+01 6.715611e+02 4.577387e+02 1.893407e-01 3.299719e+01 1.567571e-01 6.434157e-03 6.260708e-04 1.876966e-03
195.000 195.000 3.734081e+02 5.292512e+02 -1.726489e-01 2.959313e+01 3.718903e+02 5.369003e+02 -1.815709e-01 2.964506e+01 -8.240109e-02 4.091377e-03 2.129992e-04 -3.049620e-03
195.000 225.000 3.967535e+02 6.171251e+02 -2.173551e-01 3.108021e+01 4.006963e+02 6.064583e+02 -2.043004e-01 3.106634e+01 -2.994799e-01 6.449627e-03 -2.970751e-04 2.642351e-03
195.000 255.000 9.956305e+02 5.660756e+02 2.750548e-01 3.799414e+01 1.025384e+03 5.435487e+02 3.071101e-01 3.769557e+01 -4.363134e-01 9.545419e-03 -5.989272e-04 1.872310e-02
195.000 285.000 1.058992e+03 6.448769e+02 2.430438e-01 4.004024e+01 1.104160e+03 6.052585e+02 2.918544e-01 3.954506e+01 -4.562370e-01 1.075983e-02 -8.673367e-04 1.746445e-02
195.000 315.000 4.753720e+02 2.683924e+02 2.782866e-01 2.619475e+01 4.929423e+02 2.544036e+02 3.191811e-01 2.590770e+01 -3.539123e-01 9.534973e-03 -1.109981e-03 2.413457e-02
195.000 345.000 9.576154e+02 3.622539e+02 4.510761e-01 3.242400e+01 9.838159e+02 3.529193e+02 4.719683e-01 3.223309e+01 -1.567571e-01 6.434157e-03 -4.569624e-04 1.874640e-02
225.000 15.000 9.845549e+02 1.503291e+03 -2.085081e-01 4.878202e+01 1.010807e+03 1.465514e+03 -1.836218e-01 4.891653e+01 4.088678e-02 8.540739e-03 -3.602359e-04 -5.112435e-03
225.000 45.000 8.599095e+02 1.345838e+03 -2.203009e-01 4.581154e+01 8.828509e+02 1.329985e+03 -2.020639e-01 4.607045e+01 2.359704e-01 8.903246e-03 -2.806963e-04 -9.959748e-03
225.000 75.000 9.311787e+02 1.752186e+03 -3.059618e-01 4.931701e+01 9.348944e+02 1.758950e+03 -3.059031e-01 4.941420e+01 3.678260e-01 8.519405e-03 -8.398443e-07 -1.366238e-02
225.000 105.000 1.161919e+03 1.204146e+03 -1.784706e-02 4.863447e+01 1.142900e+03 1.217515e+03 -3.161103e-02 4.855983e+01 4.011229e-01 7.718107e-03 2.002709e-04 -8.614671e-03
225.000 135.000 1.073800e+03 1.173315e+03 -4.428571e-02 4.735723e+01 1.038588e+03 1.203367e+03 -7.349787e-02 4.722123e+01 3.269393e-01 7.296959e-03 4.368034e-04 -7.838823e-03
225.000 165.000 1.190345e+03 1.656054e+03 -1.636131e-01 5.263272e+01 1.152162e+03 1.709305e+03 -1.947054e-01 5.246893e+01 1.651525e-01 7.741649e-03 4.183680e-04 -6.246411e-03
225.000 195.000 1.210204e+03 1.346170e+03 -5.318733e-02 5.048903e+01 1.181708e+03 1.382923e+03 -7.845794e-02 5.048608e+01 -4.088676e-02 8.540739e-03 3.539291e-04 -2.436285e-04
225.000 225.000 1.206645e+03 1.131384e+03 3.218973e-02 4.832811e+01 1.191426e+03 1.151413e+03 1.707875e-02 4.839582e+01 -2.359704e-01 8.903246e-03 2.209397e-04 5.548741e-03
225.000 255.000 9.720034e+02 1.562324e+03 -2.329300e-01 4.895737e+01 9.696453e+02 1.558955e+03 -2.330577e-01 4.890048e+01 -3.678260e-01 8.519405e-03 1.846012e-06 2.755377e-03
225.000 285.000 1.352378e+03 1.360694e+03 -3.065333e-03 5.208691e+01 1.368969e+03 1.329316e+03 1.469540e-02 5.193941e+01 -4.011229e-01 7.718107e-03 -2.414528e-04 7.642180e-03
225.000 315.000 1.999366e+03 1.081016e+03 2.981286e-01 5.297732e+01 2.063991e+03 1.043225e+03 3.285145e-01 5.264864e+01 -3.269393e-01 7.296959e-03 -4.068309e-04 1.179878e-02
225.000 345.000 1.618544e+03 1.170966e+03 1.604504e-01 5.213152e+01 1.670221e+03 1.132864e+03 1.917020e-01 5.196223e+01 -1.651525e-01 7.741649e-03 -4.245829e-04 6.245796e-03
255.000 15.000 1.458315e+03 1.667200e+03 -6.683239e-02 5.578131e+01 1.484730e+03 1.637033e+03 -4.878749e-02 5.580620e+01 7.194895e-02 8.265935e-03 -2.286935e-04 -2.487954e-03
255.000 45.000 9.957800e+02 1.624206e+03 -2.398585e-01 4.969158e+01 1.016718e+03 1.602135e+03 -2.235394e-01 4.987974e+01 2.424603e-01 8.046799e-03 -2.317794e-04 -9.706248e-03
255.000 75.000 1.096471e+03 1.193715e+03 -4.246122e-02 4.781273e+01 1.114790e+03 1.177469e+03 -2.734377e-02 4.785965e+01 3.480046e-01 7.917196e-03 -2.234637e-04 -8.166565e-03
255.000 105.000 8.987248e+02 2.041765e+03 -3.887244e-01 4.996161e+01 9.089616e+02 2.043280e+03 -3.842228e-01 5.016384e+01 3.603013e-01 8.011723e-03 -6.358279e-05 -1.499203e-02
255.000 135.000 1.417090e+03 2.099015e+03 -1.939434e-01 5.817087e+01 1.411163e+03 2.119491e+03 -2.006224e-01 5.821123e+01 2.760556e-01 8.231793e-03 8.115957e-05 -8.079628e-03
255.000 165.000 1.563922e+03 2.018913e+03 -1.269917e-01 5.937217e+01 1.546623e+03 2.044006e+03 -1.385227e-01 5.934417e+01 1.178411e-01 8.356519e-03 1.373637e-04 -4.123695e-03
255.000 195.000 1.519036e+03 1.215717e+03 1.109127e-01 5.197222e+01 1.492689e+03 1.238600e+03 9.302875e-02 5.203510e+01 -7.194893e-02 8.265935e-03 2.431729e-04 3.518450e-03
255.000 225.000 1.575681e+03 1.946753e+03 -1.053454e-01 5.901986e+01 1.555166e+03 1.984896e+03 -1.213904e-01 5.905843e+01 -2.424603e-01 8.046799e-03 1.921696e-04 2.323198e-03
255.000 255.000 1.244865e+03 7.975324e+02 2.190231e-01 4.409559e+01 1.229579e+03 8.114751e+02 2.048471e-01 4.421998e+01 -3.480045e-01 7.917196e-03 2.270027e-04 1.285906e-02
255.000 285.000 1.874447e+03 1.179332e+03 2.276248e-01 5.381035e+01 1.865680e+03 1.186050e+03 2.227033e-01 5.385512e+01 -3.603013e-01 8.011723e-03 6.464493e-05 1.092589e-02
255.000 315.000 1.303885e+03 1.503207e+03 -7.100647e-02 5.284826e+01 1.305820e+03 1.489074e+03 -6.556744e-02 5.275300e+01 -2.760556e-01 8.231793e-03 -7.283947e-05 3.879960e-03
255.000 345.000 1.470862e+03 1.278571e+03 6.993813e-02 5.230664e+01 1.488047e+03 1.260666e+03 8.272273e-02 5.224848e+01 -1.178411e-01 8.356519e-03 -1.729246e-04 3.589969e-03
285.000 15.000 1.550294e+03 1.944884e+03 -1.128956e-01 5.874207e+01 1.561731e+03 1.933445e+03 -1.063504e-01 5.878473e+01 1.001778e-01 8.356519e-03 -7.875965e-05 -3.627271e-03
285.000 45.000 1.402586e+03 1.780221e+03 -1.186485e-01 5.601786e+01 1.417567e+03 1.769777e+03 -1.105026e-01 5.611081e+01 2.755753e-01 8.231793e-03 -1.027400e-04 -7.037466e-03
285.000 75.000 1.300756e+03 2.275929e+03 -2.726472e-01 5.753961e+01 1.307031e+03 2.273013e+03 -2.698240e-01 5.761422e+01 3.771326e-01 8.011723e-03 -3.467288e-05 -1.129274e-02
285.000 105.000 1.561885e+03 2.319745e+03 -1.952428e-01 6.110371e+01 1.559803e+03 2.314935e+03 -1.948858e-01 6.105386e+01 3.776376e-01 7.917195e-03 -4.132423e-06 -9.375541e-03
285.000 135.000 1.570877e+03 1.745517e+03 -5.265986e-02 5.750824e+01 1.567825e+03 1.747534e+03 -5.420502e-02 5.749451e+01 2.769548e-01 8.046799e-03 1.900118e-05 -5.731608e-03
285.000 165.000 1.517471e+03 1.999846e+03 -1.371429e-01 5.874660e+01 1.506033e+03 2.011616e+03 -1.437276e-01 5.869397e+01 1.020623e-01 8.265935e-03 7.929220e-05 -4.071814e-03
285.000 195.000 1.739190e+03 1.465181e+03 8.551124e-02 5.639983e+01 1.726783e+03 1.477233e+03 7.788676e-02 5.643208e+01 -1.001778e-01 8.356519e-03 9.556378e-05 3.292368e-03
285.000 225.000 1.114388e+03 1.283351e+03 -7.046734e-02 4.884499e+01 1.101891e+03 1.292579e+03 -7.963666e-02 4.877791e+01 -2.755753e-01 8.231793e-03 1.328313e-04 4.199160e-03
285.000 255.000 3.067724e+03 1.383706e+03 3.783093e-01 6.176043e+01 3.057282e+03 1.391740e+03 3.743616e-01 6.185068e+01 -3.771326e-01 8.011723e-03 4.516510e-05 1.223181e-02
285.000 285.000 2.070439e+03 1.483600e+03 1.651190e-01 5.879746e+01 2.069213e+03 1.487007e+03 1.637149e-01 5.882945e+01 -3.776376e-01 7.917195e-03 1.688069e-05 9.230952e-03
285.000 315.000 1.508700e+03 1.663809e+03 -4.889179e-02 5.625767e+01 1.510298e+03 1.655716e+03 -4.593087e-02 5.620797e+01 -2.769549e-01 8.046799e-03 -3.723243e-05 4.053902e-03
285.000 345.000 1.519992e+03 1.631026e+03 -3.523736e-02 5.609907e+01 1.528085e+03 1.621346e+03 -2.961194e-02 5.609519e+01 -1.020623e-01 8.265935e-03 -7.090868e-05 1.191195e-03
315.000 15.000 9.994678e+02 1.816111e+03 -2.900446e-01 5.078106e+01 1.012581e+03 1.794541e+03 -2.785629e-01 5.088513e+01 8.508214e-02 7.741649e-03 -1.597144e-04 -7.387138e-03
315.000 45.000 7.966451e+02 2.218412e+03 -4.715555e-01 4.842122e+01 8.139342e+02 2.195138e+03 -4.590132e-01 4.873481e+01 2.686992e-01 7.296958e-03 -1.825667e-04 -1.528782e-02
315.000 75.000 1.207509e+03 2.074641e+03 -2.641962e-01 5.525448e+01 1.229172e+03 2.059616e+03 -2.525074e-01 5.548960e+01 3.803186e-01 7.718107e-03 -1.492660e-04 -1.166448e-02
315.000 105.000 1.383683e+03 1.871408e+03 -1.498343e-01 5.640933e+01 1.391792e+03 1.862275e+03 -1.445830e-01 5.644505e+01 3.900319e-01 8.519405e-03 -6.580581e-05 -9.570512e-03
315.000 135.000 1.461543e+03 2.078876e+03 -1.743671e-01 5.858990e+01 1.458718e+03 2.083459e+03 -1.763720e-01 5.858320e+01 2.952365e-01 8.903246e-03 2.419913e-05 -8.015093e-03
315.000 165.000 1.232816e+03 1.217854e+03 6.105264e-03 4.950331e+01 1.219714e+03 1.225805e+03 -2.490742e-03 4.945203e+01 1.213327e-01 8.540739e-03 1.228492e-04 -2.327671e-03
315.000 195.000 1.574135e+03 1.723386e+03 -4.526180e-02 5.736520e+01 1.555225e+03 1.744061e+03 -5.723540e-02 5.734526e+01 -8.508212e-02 7.741649e-03 1.476171e-04 6.941546e-04
315.000 225.000 2.082199e+03 1.512785e+03 1.583911e-01 5.920130e+01 2.061529e+03 1.535707e+03 1.461739e-01 5.933274e+01 -2.686992e-01 7.296958e-03 1.457624e-04 7.214205e-03
315.000 255.000 2.633338e+03 1.488829e+03 2.776474e-01 6.167979e+01 2.612607e+03 1.507922e+03 2.680930e-01 6.184150e+01 -3.803186e-01 7.718107e-03 1.093896e-04 1.066745e-02
315.000 285.000 1.749914e+03 1.884897e+03 -3.713603e-02 6.024781e+01 1.738225e+03 1.897602e+03 -4.383531e-02 6.023986e+01 -3.900319e-01 8.519405e-03 7.863223e-05 5.857406e-03
315.000 315.000 1.997192e+03 1.414131e+03 1.709195e-01 5.754708e+01 1.991812e+03 1.412338e+03 1.702258e-01 5.749355e+01 -2.952365e-01 8.903246e-03 8.527581e-06 8.100428e-03
315.000 345.000 1.308760e+03 1.806430e+03 -1.597557e-01 5.509705e+01 1.317897e+03 1.791563e+03 -1.523308e-01 5.511176e+01 -1.213327e-01 8.540739e-03 -9.527752e-05 -6.973701e-04
345.000 15.000 1.766542e+03 1.780294e+03 -3.877245e-03 5.955487e+01 1.791192e+03 1.755871e+03 9.957666e-03 5.955428e+01 8.168574e-02 6.434158e-03 -1.642655e-04 -1.436709e-03
345.000 45.000 2.161483e+03 2.118078e+03 1.014236e-02 6.541499e+01 2.203414e+03 2.077089e+03 2.951171e-02 6.539706e+01 2.535180e-01 9.534972e-03 -2.094028e-04 -3.720487e-03
345.000 75.000 1.344775e+03 1.673838e+03 -1.090112e-01 5.461448e+01 1.379616e+03 1.634524e+03 -8.457085e-02 5.470449e+01 3.574203e-01 1.075983e-02 -3.161746e-04 -8.540437e-03
345.000 105.000 1.082923e+03 2.540163e+03 -4.022094e-01 5.510872e+01 1.111296e+03 2.506742e+03 -3.856913e-01 5.549619e+01 3.655521e-01 9.545418e-03 -2.112021e-04 -1.393176e-02
345.000 135.000 1.789756e+03 1.950271e+03 -4.291834e-02 6.109941e+01 1.810524e+03 1.932808e+03 -3.266713e-02 6.115013e+01 2.757345e-01 6.449627e-03 -1.185886e-04 -5.215318e-03
345.000 165.000 1.345875e+03 1.835678e+03 -1.539509e-01 5.573282e+01 1.344619e+03 1.841839e+03 -1.560416e-01 5.575726e+01 1.120341e-01 4.091380e-03 2.652056e-05 -4.772502e-03
345.000 195.000 2.017814e+03 1.299416e+03 2.165655e-01 5.622855e+01 1.991577e+03 1.318144e+03 2.034712e-01 5.632670e+01 -8.168572e-02 6.434158e-03 1.645248e-04 5.304268e-03
345.000 225.000 2.834506e+03 1.739678e+03 2.393495e-01 6.566686e+01 2.782731e+03 1.775093e+03 2.210788e-01 6.584114e+01 -2.535180e-01 9.534972e-03 1.964793e-04 7.505573e-03
345.000 255.000 1.929053e+03 1.549207e+03 1.092058e-01 5.862405e+01 1.893528e+03 1.589358e+03 8.733283e-02 5.879049e+01 -3.574203e-01 1.075983e-02 2.634509e-04 7.959635e-03
345.000 285.000 2.019360e+03 1.593839e+03 1.177686e-01 5.969159e+01 1.990802e+03 1.626761e+03 1.006316e-01 5.984087e+01 -3.655521e-01 9.545418e-03 2.027523e-04 8.096965e-03
345.000 315.000 2.221660e+03 1.252450e+03 2.789809e-01 5.660140e+01 2.197856e+03 1.264526e+03 2.695629e-01 5.666384e+01 -2.757345e-01 6.449628e-03 1.175917e-04 9.800384e-03
345.000 345.000 2.019686e+03 2.046063e+03 -6.487505e-03 6.376189e+01 2.023962e+03 2.040646e+03 -4.104720e-03 6.375374e+01 -1.120342e-01 4.091380e-03 -2.642630e-05 1.655325e-03
