  #t  #Q2   A1M1_AVG      A_1M1     dA_1M1   A0P1_AVG      A_0P1     dA_0P1   A2M1_AVG      A_2M1     dA_2M1   A3M1_AVG      A_3M1     dA_3M1   A1P1_AVG      A_1P1     dA_1P1       Asym      Astat          t         tp         xb         Q2          W     Dilute
   4    0 -4.527e-02  1.993e-02 2.0129e-02  3.862e-01  5.513e-01 1.9049e-02 -5.330e-03 -6.312e-02 1.9443e-02  2.284e-04  9.130e-03 1.8998e-02  1.629e-02  9.027e-02 1.9229e-02 1.2877e-03 1.1584e-02 3.0821e-01 2.0217e-02 4.1655e-01 5.1757e+00 2.8492e+00 7.6408e-01
   Phi   PhiS      N_U_avg      N_D_avg     Asym_avg    dAsym_avg      N_U_fit      N_D_fit     Asym_fit    dAsym_fit     Asym_cal    dAsym_cal     GOOD_fit     GOOD_cal
15.000 15.000 2.253676e+01 9.342222e+01 -6.112977e-01 8.522139e+00 2.187249e+01 9.672043e+01 -6.311333e-01 8.447124e+00 1.760503e-01 1.524140e-02 1.653072e-03 -9.238839e-02
15.000 45.000 0.000000e+00 8.412517e+01 -1.000000e+00 2.000000e+00 0.000000e+00 8.875416e+01 -1.000000e+00 2.000000e+00 4.743757e-01 2.419433e-02 0.000000e+00 -7.371339e-01
15.000 75.000 1.518846e+01 3.706652e+01 -4.186789e-01 6.564685e+00 1.354609e+01 3.956147e+01 -4.898622e-01 6.353236e+00 6.455926e-01 3.593661e-02 7.791876e-03 -1.621183e-01
15.000 105.000 5.944854e+01 2.885398e+01 3.464744e-01 8.814890e+00 5.311318e+01 3.092803e+01 2.639794e-01 8.842216e+00 6.438235e-01 4.055181e-02 6.607284e-03 -3.373223e-02
15.000 135.000 2.990271e+01 1.048962e+02 -5.563361e-01 9.647660e+00 2.777041e+01 1.110166e+02 -5.998126e-01 9.426288e+00 4.695423e-01 3.593584e-02 3.223294e-03 -1.063337e-01
15.000 165.000 0.000000e+00 3.177090e+01 -1.000000e+00 2.000000e+00 0.000000e+00 3.214149e+01 -1.000000e+00 2.000000e+00 1.694477e-01 2.419317e-02 0.000000e+00 -5.846811e-01
15.000 195.000 2.886201e+01 6.642720e+01 -3.942229e-01 8.971073e+00 2.947833e+01 6.552739e+01 -3.794410e-01 9.018161e+00 -1.760502e-01 1.524140e-02 -1.162068e-03 -2.431954e-02
15.000 225.000 0.000000e+00 0.000000e+00         -nan         -nan 0.000000e+00 0.000000e+00         -nan         -nan -4.743757e-01 2.419432e-02         -nan         -nan
15.000 255.000 2.897556e+01 5.041329e+01 -2.700344e-01 8.579040e+00 3.095727e+01 4.510973e+01 -1.860526e-01 8.569358e+00 -6.455926e-01 3.593661e-02 -6.925907e-03 4.377586e-02
15.000 285.000 2.745286e+01 0.000000e+00 1.000000e+00 2.000000e+00 2.916329e+01 0.000000e+00 1.000000e+00 2.000000e+00 -6.438235e-01 4.055181e-02 0.000000e+00 8.217428e-01
15.000 315.000 8.517743e+01 4.027635e+01 3.579094e-01 1.045865e+01 8.923083e+01 3.711916e+01 4.124391e-01 1.023998e+01 -4.695424e-01 3.593584e-02 -3.725482e-03 7.911606e-02
15.000 345.000 3.836770e+01 2.254793e+01 2.596997e-01 7.537058e+00 3.937152e+01 2.216861e+01 2.795397e-01 7.532015e+00 -1.694478e-01 2.419317e-02 -1.861957e-03 5.693804e-02
45.000 15.000 1.355917e+02 7.188784e+01 3.070367e-01 1.370840e+01 1.309604e+02 7.433793e+01 2.758059e-01 1.377249e+01 1.777656e-01 3.203619e-02 1.607189e-03 9.430044e-03
45.000 45.000 1.019609e+02 1.158889e+02 -6.393405e-02 1.472954e+01 9.487446e+01 1.244521e+02 -1.348568e-01 1.467439e+01 4.445954e-01 3.318322e-02 3.411101e-03 -3.452437e-02
45.000 75.000 3.862400e+01 0.000000e+00 1.000000e+00 2.000000e+00 3.479261e+01 0.000000e+00 1.000000e+00 2.000000e+00 5.922962e-01 3.183054e-02 0.000000e+00 2.038261e-01
45.000 105.000 1.037719e+02 2.995049e+01 5.520497e-01 9.642059e+00 9.495691e+01 3.128784e+01 5.043304e-01 9.702294e+00 5.812917e-01 2.916217e-02 3.488612e-03 -3.032737e-03
45.000 135.000 1.832761e+01 4.581468e+01 -4.285328e-01 7.236240e+00 1.772766e+01 4.716044e+01 -4.535929e-01 7.178970e+00 4.145306e-01 2.785003e-02 2.458516e-03 -1.165048e-01
45.000 165.000 2.968574e+01 1.608302e+02 -6.883647e-01 1.001203e+01 2.972810e+01 1.614050e+02 -6.889277e-01 1.002084e+01 1.366963e-01 2.938650e-02 3.974403e-05 -8.240662e-02
45.000 195.000 4.833255e+01 1.078361e+02 -3.810213e-01 1.155407e+01 4.959589e+01 1.025705e+02 -3.481358e-01 1.156391e+01 -1.777656e-01 3.203619e-02 -2.011723e-03 -1.759162e-02
45.000 225.000 7.556305e+01 8.163301e+01 -3.861395e-02 1.252843e+01 7.966945e+01 7.538579e+01 2.762667e-02 1.244736e+01 -4.445954e-01 3.318322e-02 -3.750746e-03 3.240469e-02
45.000 255.000 9.053976e+01 2.125774e+01 6.197099e-01 8.298358e+00 9.664818e+01 1.924728e+01 6.678510e-01 8.012690e+00 -5.922962e-01 3.183054e-02 -4.173325e-03 1.460526e-01
45.000 285.000 1.094395e+02 2.638604e+01 6.114716e-01 9.221752e+00 1.152445e+02 2.459423e+01 6.482487e-01 9.004156e+00 -5.812917e-01 2.916217e-02 -2.853462e-03 1.293417e-01
45.000 315.000 0.000000e+00 3.121316e+01 -1.000000e+00 2.000000e+00 0.000000e+00 2.966172e+01 -1.000000e+00 2.000000e+00 -4.145306e-01 2.785003e-02 0.000000e+00 -2.927063e-01
45.000 345.000 1.030008e+02 1.090934e+02 -2.872557e-02 1.455744e+01 1.044707e+02 1.083530e+02 -1.824167e-02 1.458605e+01 -1.366964e-01 2.938650e-02 -5.087404e-04 7.416862e-03
75.000 15.000 2.242314e+01 1.559883e+02 -7.486356e-01 8.855496e+00 2.135213e+01 1.667076e+02 -7.729218e-01 8.701225e+00 2.010192e-01 3.126004e-02 1.956201e-03 -1.072384e-01
75.000 45.000 4.251462e+01 1.802434e+02 -6.182888e-01 1.173038e+01 3.785920e+01 1.918193e+02 -6.703287e-01 1.124609e+01 4.169998e-01 3.021174e-02 3.202370e-03 -8.825673e-02
75.000 75.000 1.291225e+02 1.029365e+02 1.128418e-01 1.513619e+01 1.169022e+02 1.082621e+02 3.837254e-02 1.499442e+01 5.212457e-01 2.956237e-02 3.495258e-03 -2.698190e-02
75.000 105.000 6.907724e+00 5.728240e+01 -7.847730e-01 4.965626e+00 6.872424e+00 5.862147e+01 -7.901354e-01 4.960357e+00 4.858242e-01 2.999266e-02 7.640175e-04 -2.558739e-01
75.000 135.000 6.283974e+01 3.574817e+01 2.747960e-01 9.546898e+00 6.267817e+01 3.513909e+01 2.815359e-01 9.490207e+00 3.202264e-01 3.104836e-02 -5.006861e-04 -4.758633e-03
75.000 165.000 1.273101e+02 7.097025e+01 2.841424e-01 1.350081e+01 1.326098e+02 6.896200e+01 3.157574e-01 1.347125e+01 6.882433e-02 3.166727e-02 -1.657651e-03 1.594849e-02
75.000 195.000 2.034997e+02 1.673599e+02 9.744874e-02 1.916606e+01 2.170457e+02 1.537476e+02 1.707098e-01 1.897334e+01 -2.010192e-01 3.126004e-02 -2.716493e-03 1.557272e-02
75.000 225.000 6.921069e+00 7.036421e+01 -8.208955e-01 5.020467e+00 7.231450e+00 6.478892e+01 -7.991832e-01 5.101118e+00 -4.169998e-01 3.021174e-02 -3.033608e-03 -8.044837e-02
75.000 255.000 1.077937e+02 1.640636e+02 -2.069831e-01 1.613104e+01 1.139250e+02 1.505150e+02 -1.383680e-01 1.610519e+01 -5.212457e-01 2.956237e-02 -3.010167e-03 1.948182e-02
75.000 285.000 2.293349e+01 9.925187e+01 -6.246115e-01 8.632267e+00 2.342769e+01 9.362222e+01 -5.996974e-01 8.657623e+00 -4.858242e-01 2.999266e-02 -2.037826e-03 -1.607764e-02
75.000 315.000 7.125469e+00 1.366662e+02 -9.008918e-01 5.204756e+00 7.061473e+00 1.370683e+02 -9.020123e-01 5.182858e+00 -3.202265e-01 3.104836e-02 1.525559e-04 -1.115624e-01
75.000 345.000 2.526693e+02 2.936539e+01 7.917604e-01 1.025824e+01 2.453563e+02 3.021882e+01 7.806854e-01 1.037403e+01 -6.882435e-02 3.166727e-02 7.591109e-04 8.389166e-02
105.000 15.000 0.000000e+00 8.512993e+01 -1.000000e+00 2.000000e+00 0.000000e+00 9.197191e+01 -1.000000e+00 2.000000e+00 2.492229e-01 3.166727e-02 0.000000e+00 -6.245332e-01
105.000 45.000 2.123680e+01 6.275292e+01 -4.943000e-01 7.966699e+00 1.981282e+01 6.744060e+01 -5.458558e-01 7.826590e+00 4.267562e-01 3.104836e-02 4.616391e-03 -1.156124e-01
105.000 75.000 2.725729e+01 0.000000e+00 1.000000e+00 2.000000e+00 2.544224e+01 0.000000e+00 1.000000e+00 2.000000e+00 4.899405e-01 2.999266e-02 0.000000e+00 2.550011e-01
105.000 105.000 2.746829e+01 0.000000e+00 1.000000e+00 2.000000e+00 2.678429e+01 0.000000e+00 1.000000e+00 2.000000e+00 4.218457e-01 2.956237e-02 0.000000e+00 2.890456e-01
105.000 135.000 8.643059e+00 1.251486e+02 -8.707982e-01 5.686725e+00 8.994181e+00 1.271670e+02 -8.678892e-01 5.796574e+00 2.407176e-01 3.021174e-02 -3.582379e-04 -1.954552e-01
105.000 165.000 1.367135e+02 1.149567e+02 8.644957e-02 1.580472e+01 1.437738e+02 1.113121e+02 1.272579e-01 1.584156e+01 -4.910499e-03 3.126004e-02 -1.823646e-03 5.780543e-03
105.000 195.000 0.000000e+00 1.839332e+01 -1.000000e+00 2.000000e+00 0.000000e+00 1.702583e+01 -1.000000e+00 2.000000e+00 -2.492229e-01 3.166727e-02 0.000000e+00 -3.753415e-01
105.000 225.000 1.298006e+02 1.465591e+02 -6.064028e-02 1.659348e+01 1.417418e+02 1.296686e+02 4.448328e-02 1.645823e+01 -4.267562e-01 3.104836e-02 -4.497980e-03 2.206380e-02
105.000 255.000 1.421549e+02 2.883734e+01 6.627059e-01 9.792652e+00 1.520025e+02 2.747761e+01 6.938089e-01 9.647987e+00 -4.899405e-01 2.999266e-02 -2.262528e-03 1.177047e-01
105.000 285.000 1.836897e+02 1.401255e+02 1.345341e-01 1.783127e+01 1.880396e+02 1.326831e+02 1.725995e-01 1.763996e+01 -4.218457e-01 2.956237e-02 -1.517616e-03 3.120243e-02
105.000 315.000 1.227378e+02 7.762944e+01 2.251285e-01 1.379174e+01 1.211765e+02 7.799968e+01 2.167770e-01 1.377739e+01 -2.407177e-01 3.021174e-02 4.284073e-04 3.377711e-02
105.000 345.000 1.061141e+02 1.744918e+02 -2.436789e-01 1.624634e+01 1.011602e+02 1.844337e+02 -2.915804e-01 1.616518e+01 4.910473e-03 3.126004e-02 2.090083e-03 -1.530122e-02
135.000 15.000 0.000000e+00 1.216100e+01 -1.000000e+00 2.000000e+00 0.000000e+00 1.302951e+01 -1.000000e+00 2.000000e+00 2.706161e-01 2.938650e-02 0.000000e+00 -6.352395e-01
135.000 45.000 4.184573e+01 5.441773e+01 -1.305998e-01 9.727362e+00 3.782013e+01 5.991116e+01 -2.260385e-01 9.630050e+00 4.543905e-01 2.785003e-02 6.972466e-03 -6.013840e-02
135.000 75.000 0.000000e+00 0.000000e+00         -nan         -nan 0.000000e+00 0.000000e+00         -nan         -nan 5.164114e-01 2.916217e-02         -nan         -nan
135.000 105.000 0.000000e+00 1.403091e+02 -1.000000e+00 2.000000e+00 0.000000e+00 1.480937e+02 -1.000000e+00 2.000000e+00 4.400603e-01 3.183054e-02 0.000000e+00 -7.199390e-01
135.000 135.000 0.000000e+00 1.064093e+02 -1.000000e+00 2.000000e+00 0.000000e+00 1.081102e+02 -1.000000e+00 2.000000e+00 2.457954e-01 3.318322e-02 0.000000e+00 -6.228120e-01
135.000 165.000 2.147916e+02 0.000000e+00 1.000000e+00 2.000000e+00 2.280663e+02 0.000000e+00 1.000000e+00 2.000000e+00 -1.433020e-02 3.203619e-02 0.000000e+00 5.071000e-01
135.000 195.000 2.229991e+01 0.000000e+00 1.000000e+00 2.000000e+00 2.413382e+01 0.000000e+00 1.000000e+00 2.000000e+00 -2.706160e-01 2.938650e-02 0.000000e+00 6.352395e-01
135.000 225.000 5.457982e+01 2.673626e+01 3.424114e-01 8.472434e+00 6.059470e+01 2.321911e+01 4.459359e-01 8.194308e+00 -4.543905e-01 2.785003e-02 -8.783082e-03 9.404590e-02
135.000 255.000 0.000000e+00 8.736735e+01 -1.000000e+00 2.000000e+00 0.000000e+00 7.972896e+01 -1.000000e+00 2.000000e+00 -5.164115e-01 2.916217e-02 0.000000e+00 -2.417686e-01
135.000 285.000 0.000000e+00 9.412939e+00 -1.000000e+00 2.000000e+00 0.000000e+00 9.442873e+00 -1.000000e+00 2.000000e+00 -4.400603e-01 3.183054e-02 0.000000e+00 -2.799344e-01
135.000 315.000 3.894731e+01 0.000000e+00 1.000000e+00 2.000000e+00 3.849202e+01 0.000000e+00 1.000000e+00 2.000000e+00 -2.457954e-01 3.318322e-02 0.000000e+00 6.228120e-01
135.000 345.000 4.601238e+01 0.000000e+00 1.000000e+00 2.000000e+00 4.319982e+01 0.000000e+00 1.000000e+00 2.000000e+00 1.433017e-02 3.203619e-02 0.000000e+00 4.927717e-01
165.000 15.000 2.775258e+01 0.000000e+00 1.000000e+00 2.000000e+00 2.696234e+01 0.000000e+00 1.000000e+00 2.000000e+00 2.051913e-01 2.419317e-02 0.000000e+00 3.973753e-01
165.000 45.000 0.000000e+00 1.348663e+01 -1.000000e+00 2.000000e+00 0.000000e+00 1.426132e+01 -1.000000e+00 2.000000e+00 4.320521e-01 3.593584e-02 0.000000e+00 -7.159105e-01
165.000 75.000 0.000000e+00 3.012172e+01 -1.000000e+00 2.000000e+00 0.000000e+00 3.245928e+01 -1.000000e+00 2.000000e+00 5.431448e-01 4.055181e-02 0.000000e+00 -7.714139e-01
165.000 105.000 4.588005e+01 0.000000e+00 1.000000e+00 2.000000e+00 3.882738e+01 0.000000e+00 1.000000e+00 2.000000e+00 5.087024e-01 3.593661e-02 0.000000e+00 2.456092e-01
165.000 135.000 0.000000e+00 0.000000e+00         -nan         -nan 0.000000e+00 0.000000e+00         -nan         -nan 3.379535e-01 2.419433e-02         -nan         -nan
165.000 165.000 1.508818e+02 1.693455e+01 7.981776e-01 7.804014e+00 1.541143e+02 1.688210e+01 8.025443e-01 7.801376e+00 7.665030e-02 1.524140e-02 -3.957310e-04 9.245574e-02
165.000 195.000 8.697817e+01 1.610841e+01 6.874780e-01 7.373275e+00 9.120621e+01 1.577594e+01 7.050734e-01 7.334731e+00 -2.051913e-01 2.419317e-02 -1.691837e-03 1.210676e-01
165.000 225.000 0.000000e+00 0.000000e+00         -nan         -nan 0.000000e+00 0.000000e+00         -nan         -nan -4.320521e-01 3.593584e-02         -nan         -nan
165.000 255.000 1.899125e+01 0.000000e+00 1.000000e+00 2.000000e+00 2.029628e+01 0.000000e+00 1.000000e+00 2.000000e+00 -5.431448e-01 4.055181e-02 0.000000e+00 7.714139e-01
165.000 285.000 0.000000e+00 9.858092e+01 -1.000000e+00 2.000000e+00 0.000000e+00 8.558872e+01 -1.000000e+00 2.000000e+00 -5.087024e-01 3.593661e-02 0.000000e+00 -2.456092e-01
165.000 315.000 1.192532e+01 0.000000e+00 1.000000e+00 2.000000e+00 1.231877e+01 0.000000e+00 1.000000e+00 2.000000e+00 -3.379535e-01 2.419433e-02 0.000000e+00 6.689278e-01
165.000 345.000 0.000000e+00 7.321572e+00 -1.000000e+00 2.000000e+00 0.000000e+00 7.628286e+00 -1.000000e+00 2.000000e+00 -7.665033e-02 1.524140e-02 0.000000e+00 -4.616614e-01
195.000 15.000 2.291338e+01 0.000000e+00 1.000000e+00 2.000000e+00 2.301293e+01 0.000000e+00 1.000000e+00 2.000000e+00 7.665029e-02 1.524139e-02 0.000000e+00 4.616614e-01
195.000 45.000 5.635270e+01 5.898367e+01 -2.281132e-02 1.073668e+01 5.262592e+01 6.134388e+01 -7.649360e-02 1.064438e+01 3.379535e-01 2.419433e-02 3.550688e-03 -3.360106e-02
195.000 75.000 0.000000e+00 0.000000e+00         -nan         -nan 0.000000e+00 0.000000e+00         -nan         -nan 5.087024e-01 3.593661e-02         -nan         -nan
195.000 105.000 7.862366e+01 0.000000e+00 1.000000e+00 2.000000e+00 6.764069e+01 0.000000e+00 1.000000e+00 2.000000e+00 5.431448e-01 4.055181e-02 0.000000e+00 2.283806e-01
195.000 135.000 0.000000e+00 0.000000e+00         -nan         -nan 0.000000e+00 0.000000e+00         -nan         -nan 4.320521e-01 3.593584e-02         -nan         -nan
195.000 165.000 0.000000e+00 5.271839e+01 -1.000000e+00 2.000000e+00 0.000000e+00 5.613566e+01 -1.000000e+00 2.000000e+00 2.051913e-01 2.419317e-02 0.000000e+00 -6.025516e-01
195.000 195.000 0.000000e+00 0.000000e+00         -nan         -nan 0.000000e+00 0.000000e+00         -nan         -nan -7.665026e-02 1.524139e-02         -nan         -nan
195.000 225.000 8.934945e+01 2.763749e+01 5.275115e-01 9.188752e+00 9.617973e+01 2.634881e+01 5.699156e-01 9.095648e+00 -3.379535e-01 2.419432e-02 -3.279712e-03 9.418711e-02
195.000 255.000 1.109274e+01 0.000000e+00 1.000000e+00 2.000000e+00 1.158413e+01 0.000000e+00 1.000000e+00 2.000000e+00 -5.087024e-01 3.593661e-02 0.000000e+00 7.542294e-01
195.000 285.000 0.000000e+00 8.320261e+01 -1.000000e+00 2.000000e+00 0.000000e+00 7.293228e+01 -1.000000e+00 2.000000e+00 -5.431449e-01 4.055181e-02 0.000000e+00 -2.283806e-01
195.000 315.000 4.289075e+01 4.454380e+01 -1.890616e-02 9.348973e+00 4.487998e+01 3.919482e+01 6.762029e-02 9.148244e+00 -4.320521e-01 3.593584e-02 -6.615032e-03 4.419126e-02
195.000 345.000 0.000000e+00 0.000000e+00         -nan         -nan 0.000000e+00 0.000000e+00         -nan         -nan -2.051914e-01 2.419317e-02         -nan         -nan
225.000 15.000 8.361973e+00 0.000000e+00 1.000000e+00 2.000000e+00 8.956253e+00 0.000000e+00 1.000000e+00 2.000000e+00 -1.433022e-02 3.203619e-02 0.000000e+00 5.071001e-01
225.000 45.000 8.244598e+00 0.000000e+00 1.000000e+00 2.000000e+00 8.485236e+00 0.000000e+00 1.000000e+00 2.000000e+00 2.457954e-01 3.318321e-02 0.000000e+00 3.770504e-01
225.000 75.000 5.677716e+01 0.000000e+00 1.000000e+00 2.000000e+00 5.419283e+01 0.000000e+00 1.000000e+00 2.000000e+00 4.400603e-01 3.183054e-02 0.000000e+00 2.799344e-01
225.000 105.000 6.083699e+01 0.000000e+00 1.000000e+00 2.000000e+00 5.325288e+01 0.000000e+00 1.000000e+00 2.000000e+00 5.164115e-01 2.916217e-02 0.000000e+00 2.417686e-01
225.000 135.000 0.000000e+00 3.992436e+01 -1.000000e+00 2.000000e+00 0.000000e+00 4.364998e+01 -1.000000e+00 2.000000e+00 4.543906e-01 2.785003e-02 0.000000e+00 -7.271248e-01
225.000 165.000 1.282532e+01 9.005903e+01 -7.506847e-01 6.701207e+00 1.173467e+01 9.776373e+01 -7.856651e-01 6.473667e+00 2.706161e-01 2.938650e-02 3.754288e-03 -1.524040e-01
225.000 195.000 0.000000e+00 3.952841e+01 -1.000000e+00 2.000000e+00 0.000000e+00 4.178267e+01 -1.000000e+00 2.000000e+00 1.433025e-02 3.203619e-02 0.000000e+00 -5.071001e-01
225.000 225.000 0.000000e+00 3.801753e+01 -1.000000e+00 2.000000e+00 0.000000e+00 3.732022e+01 -1.000000e+00 2.000000e+00 -2.457954e-01 3.318321e-02 0.000000e+00 -3.770504e-01
225.000 255.000 0.000000e+00 4.942159e+01 -1.000000e+00 2.000000e+00 0.000000e+00 4.662990e+01 -1.000000e+00 2.000000e+00 -4.400603e-01 3.183054e-02 0.000000e+00 -2.799344e-01
225.000 285.000 1.119039e+02 7.223858e+00 8.787209e-01 5.209916e+00 1.231771e+02 6.752540e+00 8.960585e-01 5.060279e+00 -5.164115e-01 2.916217e-02 -2.387155e-03 2.677798e-01
225.000 315.000 1.243265e+02 6.466744e+01 3.156665e-01 1.304460e+01 1.372818e+02 5.608282e+01 4.199268e-01 1.262010e+01 -4.543906e-01 2.785003e-02 -5.744314e-03 5.903250e-02
225.000 345.000 9.534136e+00 0.000000e+00 1.000000e+00 2.000000e+00 1.020840e+01 0.000000e+00 1.000000e+00 2.000000e+00 -2.706161e-01 2.938650e-02 0.000000e+00 6.352395e-01
255.000 15.000 5.056194e+01 1.315684e+02 -4.447719e-01 1.208722e+01 5.326347e+01 1.250763e+02 -4.026742e-01 1.222385e+01 -4.910537e-03 3.126004e-02 -2.448847e-03 -3.639048e-02
255.000 45.000 6.377343e+01 8.334413e+01 -1.330276e-01 1.202140e+01 6.411233e+01 8.187340e+01 -1.216631e-01 1.199270e+01 2.407176e-01 3.021174e-02 -6.692712e-04 -3.108989e-02
255.000 75.000 5.669748e+01 1.734532e+01 5.314786e-01 7.288894e+00 5.512407e+01 1.725930e+01 5.231142e-01 7.250915e+00 4.218457e-01 2.956237e-02 8.135599e-04 1.504097e-02
255.000 105.000 0.000000e+00 5.381030e+01 -1.000000e+00 2.000000e+00 0.000000e+00 5.624609e+01 -1.000000e+00 2.000000e+00 4.899405e-01 2.999266e-02 0.000000e+00 -7.448865e-01
255.000 135.000 1.714698e+01 3.122983e+02 -8.959039e-01 8.063377e+00 1.596439e+01 3.387574e+02 -9.099893e-01 7.809201e+00 4.267562e-01 3.104836e-02 1.254811e-03 -1.640318e-01
255.000 165.000 5.416669e+01 1.635946e+01 5.360740e-01 7.089335e+00 5.034318e+01 1.742722e+01 4.856981e-01 7.196054e+00 2.492229e-01 3.166727e-02 4.986933e-03 4.046193e-02
255.000 195.000 4.465952e+01 2.346102e+01 3.111910e-01 7.843708e+00 4.221151e+01 2.481580e+01 2.595317e-01 7.906490e+00 4.910563e-03 3.126004e-02 4.638466e-03 3.904760e-02
255.000 225.000 1.079126e+02 3.641935e+01 4.953389e-01 1.043641e+01 1.059880e+02 3.773143e+01 4.749294e-01 1.054999e+01 -2.407176e-01 3.021174e-02 1.375321e-03 7.052749e-02
255.000 255.000 1.442118e+01 0.000000e+00 1.000000e+00 2.000000e+00 1.436296e+01 0.000000e+00 1.000000e+00 2.000000e+00 -4.218456e-01 2.956237e-02 0.000000e+00 7.108452e-01
255.000 285.000 0.000000e+00 7.608451e+01 -1.000000e+00 2.000000e+00 0.000000e+00 6.820919e+01 -1.000000e+00 2.000000e+00 -4.899405e-01 2.999266e-02 0.000000e+00 -2.550011e-01
255.000 315.000 1.437582e+02 0.000000e+00 1.000000e+00 2.000000e+00 1.583780e+02 0.000000e+00 1.000000e+00 2.000000e+00 -4.267562e-01 3.104836e-02 0.000000e+00 7.132922e-01
255.000 345.000 7.766718e+01 1.820157e+01 6.202814e-01 7.680061e+00 8.473280e+01 1.671373e+01 6.704919e-01 7.472636e+00 -2.492229e-01 3.166727e-02 -4.685742e-03 1.132149e-01
285.000 15.000 7.040894e+01 2.641219e+01 4.544128e-01 8.765183e+00 7.330818e+01 2.543092e+01 4.848865e-01 8.690458e+00 6.882428e-02 3.166727e-02 -2.468887e-03 4.399063e-02
285.000 45.000 1.232163e+02 4.247597e+01 4.872908e-01 1.124047e+01 1.222954e+02 4.363434e+01 4.740623e-01 1.134193e+01 3.202264e-01 3.104836e-02 8.284230e-04 1.486270e-02
285.000 75.000 1.028573e+02 1.470079e+02 -1.766977e-01 1.555840e+01 9.512384e+01 1.534129e+02 -2.345290e-01 1.532535e+01 4.858241e-01 2.999265e-02 2.648110e-03 -4.258282e-02
285.000 105.000 9.782446e+01 9.784297e+01 -9.456368e-05 1.398812e+01 8.915783e+01 1.022646e+02 -6.847038e-02 1.380308e+01 5.212457e-01 2.956237e-02 3.479370e-03 -3.727014e-02
285.000 135.000 8.618649e+01 7.151170e+01 9.305613e-02 1.250330e+01 7.990063e+01 7.619257e+01 2.375543e-02 1.249020e+01 4.169999e-01 3.021174e-02 3.921257e-03 -2.590857e-02
285.000 165.000 7.400850e+01 0.000000e+00 1.000000e+00 2.000000e+00 7.030961e+01 0.000000e+00 1.000000e+00 2.000000e+00 2.010193e-01 3.126004e-02 0.000000e+00 3.994416e-01
285.000 195.000 5.228080e+01 1.141678e+02 -3.718086e-01 1.197658e+01 5.101886e+01 1.175466e+02 -3.946699e-01 1.192933e+01 -6.882425e-02 3.166727e-02 1.352418e-03 -2.529798e-02
285.000 225.000 2.537070e+02 4.888978e+01 6.768651e-01 1.280481e+01 2.542999e+02 4.815577e+01 6.815681e-01 1.272613e+01 -3.202264e-01 3.104836e-02 -2.605044e-04 7.786829e-02
285.000 255.000 5.098441e+01 0.000000e+00 1.000000e+00 2.000000e+00 5.277634e+01 0.000000e+00 1.000000e+00 2.000000e+00 -4.858241e-01 2.999265e-02 0.000000e+00 7.428285e-01
285.000 285.000 7.094888e+01 4.505609e+01 2.232042e-01 1.049884e+01 7.482497e+01 4.201561e+01 2.808044e-01 1.037437e+01 -5.212457e-01 2.956237e-02 -3.902499e-03 7.090755e-02
285.000 315.000 3.560635e+01 8.307211e+01 -3.999527e-01 9.984708e+00 3.844778e+01 7.538877e+01 -3.245090e-01 1.009202e+01 -4.169999e-01 3.021174e-02 -5.314205e-03 1.707325e-03
285.000 345.000 2.519377e+02 7.754868e+01 5.292754e-01 1.540086e+01 2.659074e+02 7.356508e+01 5.665918e-01 1.518199e+01 -2.010193e-01 3.126004e-02 -1.725544e-03 4.741898e-02
315.000 15.000 1.387814e+01 0.000000e+00 1.000000e+00 2.000000e+00 1.351290e+01 0.000000e+00 1.000000e+00 2.000000e+00 1.366963e-01 2.938650e-02 0.000000e+00 4.316053e-01
315.000 45.000 3.018949e+01 3.195526e+01 -2.841383e-02 7.880011e+00 2.866013e+01 3.319916e+01 -7.337673e-02 7.843866e+00 4.145305e-01 2.785003e-02 4.043975e-03 -5.621078e-02
315.000 75.000 5.898122e+00 2.560291e+01 -6.255283e-01 4.378941e+00 5.540879e+00 2.690478e+01 -6.584518e-01 4.287022e+00 5.812917e-01 2.916217e-02 5.372539e-03 -2.755902e-01
315.000 105.000 0.000000e+00 9.650186e+01 -1.000000e+00 2.000000e+00 0.000000e+00 1.023938e+02 -1.000000e+00 2.000000e+00 5.922962e-01 3.183054e-02 0.000000e+00 -7.960473e-01
315.000 135.000 9.902534e+01 4.776952e+01 3.491663e-01 1.135333e+01 9.193811e+01 5.038192e+01 2.919912e-01 1.140991e+01 4.445954e-01 3.318322e-02 3.552113e-03 -8.405350e-03
315.000 165.000 4.342075e+01 4.098898e+01 2.880909e-02 9.183664e+00 4.072866e+01 4.225069e+01 -1.834228e-02 9.107768e+00 1.777657e-01 3.203619e-02 3.645506e-03 -1.621963e-02
315.000 195.000 8.326119e+01 1.827642e+01 6.400069e-01 7.742539e+00 8.389524e+01 1.811671e+01 6.448120e-01 7.719920e+00 -1.366962e-01 2.938650e-02 -4.394780e-04 1.003156e-01
315.000 225.000 6.715024e+01 5.191668e+01 1.279412e-01 1.082210e+01 7.007369e+01 5.000551e+01 1.671245e-01 1.080395e+01 -4.145305e-01 2.785003e-02 -2.562351e-03 5.012610e-02
315.000 255.000 6.054923e+01 1.787440e+02 -4.939327e-01 1.345039e+01 6.443146e+01 1.636253e+02 -4.349524e-01 1.359824e+01 -5.812917e-01 2.916217e-02 -3.083684e-03 6.494888e-03
315.000 285.000 7.428767e+01 2.960345e+01 4.301062e-01 9.201748e+00 7.843837e+01 2.696220e+01 4.883860e-01 8.958813e+00 -5.922962e-01 3.183054e-02 -4.538007e-03 1.111089e-01
315.000 315.000 1.248760e+01 3.686157e+01 -4.939083e-01 6.108246e+00 1.307373e+01 3.409997e+01 -4.457196e-01 6.148325e+00 -4.445954e-01 3.318322e-02 -5.560178e-03 -8.073039e-03
315.000 345.000 4.383338e+01 1.292926e+02 -4.936244e-01 1.144295e+01 4.615218e+01 1.219069e+02 -4.507625e-01 1.157202e+01 -1.777657e-01 3.203619e-02 -2.633717e-03 -2.760279e-02
345.000 15.000 1.805322e+01 9.113038e+01 -6.693052e-01 7.763548e+00 1.809454e+01 9.412408e+01 -6.775128e-01 7.791510e+00 1.694477e-01 2.419318e-02 7.461982e-04 -1.080368e-01
345.000 45.000 7.730668e+00 1.197520e+01 -2.153944e-01 4.334930e+00 7.016504e+00 1.246326e+01 -2.796110e-01 4.237546e+00 4.695423e-01 3.593584e-02 1.059323e-02 -1.579987e-01
345.000 75.000 7.419411e+00 3.252852e+01 -6.285459e-01 4.915862e+00 6.807373e+00 3.474209e+01 -6.723244e-01 4.771611e+00 6.438234e-01 4.055181e-02 6.390229e-03 -2.588205e-01
345.000 105.000 1.510398e+01 5.092693e+01 -5.425179e-01 6.826150e+00 1.349599e+01 5.440577e+01 -6.024849e-01 6.576795e+00 6.455926e-01 3.593661e-02 6.326331e-03 -1.740504e-01
345.000 135.000 9.218621e+00 2.346261e+01 -4.358462e-01 5.145196e+00 8.678452e+00 2.493414e+01 -4.836190e-01 5.074548e+00 4.743758e-01 2.419433e-02 6.610667e-03 -1.769052e-01
345.000 165.000 1.320840e+01 7.376286e+01 -6.962583e-01 6.694006e+00 1.267015e+01 7.528095e+01 -7.118820e-01 6.586319e+00 1.760503e-01 1.524140e-02 1.663699e-03 -1.303116e-01
345.000 195.000 8.446059e+00 0.000000e+00 1.000000e+00 2.000000e+00 8.689796e+00 0.000000e+00 1.000000e+00 2.000000e+00 -1.694477e-01 2.419318e-02 0.000000e+00 5.846811e-01
345.000 225.000 2.098507e+02 7.682764e+00 9.293648e-01 5.444787e+00 2.235867e+02 7.097236e+00 9.384679e-01 5.245525e+00 -4.695423e-01 3.593584e-02 -1.204037e-03 2.569203e-01
345.000 255.000 4.278549e+01 2.363317e+01 2.883576e-01 7.803585e+00 4.569383e+01 2.151706e+01 3.597151e-01 7.649454e+00 -6.438234e-01 4.055181e-02 -6.530090e-03 1.194539e-01
345.000 285.000 8.666823e+01 2.041175e+01 6.187570e-01 8.129164e+00 9.417722e+01 1.840245e+01 6.730769e-01 7.847128e+00 -6.455926e-01 3.593661e-02 -4.807622e-03 1.555310e-01
345.000 315.000 3.457105e+01 2.378871e+01 1.847564e-01 7.507839e+00 3.670649e+01 2.208242e+01 2.487556e-01 7.426378e+00 -4.743758e-01 2.419433e-02 -6.060392e-03 8.779207e-02
345.000 345.000 2.524795e+01 5.675192e+01 -3.841953e-01 8.360394e+00 2.587389e+01 5.503741e+01 -3.604382e-01 8.390450e+00 -1.760503e-01 1.524140e-02 -2.005726e-03 -2.489651e-02
