  #t  #Q2   A1M1_AVG      A_1M1     dA_1M1   A0P1_AVG      A_0P1     dA_0P1   A2M1_AVG      A_2M1     dA_2M1   A3M1_AVG      A_3M1     dA_3M1   A1P1_AVG      A_1P1     dA_1P1       Asym      Astat          t         tp         xb         Q2          W     Dilute
   4    0 -9.752e-02 -3.929e-02 2.6144e-03  3.759e-01  3.645e-01 2.5534e-03 -1.996e-02 -3.553e-03 2.5773e-03 -2.213e-03  7.547e-03 2.5509e-03  3.990e-02  1.812e-02 2.5449e-03 1.5065e-02 2.8661e-03 4.6265e-01 8.6358e-02 4.3875e-01 5.4868e+00 2.7912e+00 6.6562e-01
   Phi   PhiS      N_U_avg      N_D_avg     Asym_avg    dAsym_avg      N_U_fit      N_D_fit     Asym_fit    dAsym_fit     Asym_cal    dAsym_cal     GOOD_fit     GOOD_cal
15.000 15.000 0.000000e+00 2.456233e+01 -1.000000e+00 2.000000e+00 0.000000e+00 2.433391e+01 -1.000000e+00 2.000000e+00 1.062535e-01 2.031652e-03 0.000000e+00 -5.531264e-01
15.000 45.000 0.000000e+00 0.000000e+00         -nan         -nan 0.000000e+00 0.000000e+00         -nan         -nan 2.939974e-01 3.204847e-03         -nan         -nan
15.000 75.000 1.260035e+01 4.578411e+01 -5.683663e-01 6.286806e+00 1.327931e+01 4.407888e+01 -5.369691e-01 6.389035e+00 4.029649e-01 4.757515e-03 -3.502800e-03 -1.545031e-01
15.000 105.000 9.252323e+01 9.887255e+01 -3.317380e-02 1.382697e+01 9.890090e+01 9.454194e+01 2.253357e-02 1.390484e+01 4.039584e-01 5.371537e-03 -2.840846e-03 -3.161445e-02
15.000 135.000 8.845716e+00 1.272202e+01 -1.797269e-01 4.568485e+00 9.389430e+00 1.239714e+01 -1.380535e-01 4.622915e+00 2.967115e-01 4.765498e-03 -6.411870e-03 -1.042880e-01
15.000 165.000 3.869175e+01 1.131386e+01 5.474963e-01 5.917459e+00 3.939178e+01 1.109581e+01 5.604538e-01 5.884642e+00 1.099610e-01 3.216687e-03 -1.552656e-03 7.393972e-02
15.000 195.000 3.161181e+01 7.086587e+01 -3.830498e-01 9.351012e+00 3.182256e+01 7.237600e+01 -3.891939e-01 9.402947e+00 -1.062534e-01 2.031652e-03 4.633152e-04 -2.960069e-02
15.000 225.000 0.000000e+00 1.062203e+01 -1.000000e+00 2.000000e+00 0.000000e+00 1.103002e+01 -1.000000e+00 2.000000e+00 -2.939974e-01 3.204847e-03 0.000000e+00 -3.530009e-01
15.000 255.000 4.666073e+01 1.201111e+01 5.905664e-01 6.181338e+00 4.450908e+01 1.280013e+01 5.532960e-01 6.305931e+00 -4.029649e-01 4.757515e-03 4.220746e-03 1.607307e-01
15.000 285.000 7.991558e+01 0.000000e+00 1.000000e+00 2.000000e+00 7.648537e+01 0.000000e+00 1.000000e+00 2.000000e+00 -4.039584e-01 5.371537e-03 0.000000e+00 7.019767e-01
15.000 315.000 1.684799e+01 0.000000e+00 1.000000e+00 2.000000e+00 1.624910e+01 0.000000e+00 1.000000e+00 2.000000e+00 -2.967115e-01 4.765499e-03 0.000000e+00 6.483539e-01
15.000 345.000 4.429422e+01 2.863101e+01 2.147846e-01 8.340325e+00 4.352877e+01 2.925976e+01 1.960337e-01 8.366082e+00 -1.099610e-01 3.216687e-03 1.587277e-03 3.893681e-02
45.000 15.000 2.358746e+01 4.140300e+01 -2.741254e-01 7.752856e+00 2.378244e+01 4.120679e+01 -2.681115e-01 7.766438e+00 9.349088e-02 4.252145e-03 -5.480225e-04 -4.741688e-02
45.000 45.000 5.393239e+01 6.990892e+01 -1.290081e-01 1.103541e+01 5.495340e+01 6.878063e+01 -1.117496e-01 1.105391e+01 2.808951e-01 4.423208e-03 -1.104932e-03 -3.714436e-02
45.000 75.000 1.108000e+02 1.578109e+02 -1.750148e-01 1.613640e+01 1.149466e+02 1.542266e+02 -1.459285e-01 1.623087e+01 3.930337e-01 4.239639e-03 -1.270856e-03 -3.520293e-02
45.000 105.000 3.578914e+01 7.111608e+00 6.684623e-01 4.871437e+00 3.746745e+01 6.941235e+00 6.873929e-01 4.839957e+00 3.998592e-01 3.860088e-03 -2.756736e-03 5.513835e-02
45.000 135.000 2.642221e+01 3.889008e+01 -1.908963e-01 7.932983e+00 2.740715e+01 3.802968e+01 -1.623327e-01 7.982008e+00 2.995428e-01 3.662820e-03 -2.538162e-03 -6.182278e-02
45.000 165.000 1.510500e+02 7.209637e+01 3.538200e-01 1.397179e+01 1.557763e+02 7.096362e+01 3.740527e-01 1.396480e+01 1.189641e-01 3.873820e-03 -1.024227e-03 1.680928e-02
45.000 195.000 6.127152e+01 5.474998e+01 5.620982e-02 1.075430e+01 6.089921e+01 5.465594e+01 5.402844e-02 1.073396e+01 -9.349086e-02 4.252145e-03 1.435642e-04 1.392008e-02
45.000 225.000 5.424081e+01 6.981260e+01 -1.255249e-01 1.104983e+01 5.329670e+01 7.135429e+01 -1.448652e-01 1.104695e+01 -2.808951e-01 4.423208e-03 1.237795e-03 1.406086e-02
45.000 255.000 6.331095e+01 2.275346e+02 -5.646421e-01 1.407544e+01 6.156771e+01 2.353706e+02 -5.853165e-01 1.397171e+01 -3.930336e-01 4.239639e-03 1.042450e-03 -1.219205e-02
45.000 285.000 1.698276e+02 1.157214e+02 1.894812e-01 1.659207e+01 1.671874e+02 1.212658e+02 1.591995e-01 1.676731e+01 -3.998592e-01 3.860089e-03 1.283723e-03 3.551939e-02
45.000 315.000 1.208742e+02 6.113001e+01 3.282573e-01 1.274334e+01 1.171749e+02 6.352023e+01 2.969348e-01 1.283601e+01 -2.995428e-01 3.662820e-03 1.731724e-03 4.926495e-02
45.000 345.000 1.288024e+02 5.967256e+01 3.667851e-01 1.277181e+01 1.255068e+02 6.066908e+01 3.482607e-01 1.279044e+01 -1.189642e-01 3.873820e-03 1.024851e-03 3.803292e-02
75.000 15.000 6.789412e+02 6.005327e+02 6.128186e-02 3.570251e+01 6.741884e+02 6.015154e+02 5.696695e-02 3.565899e+01 7.214755e-02 4.121600e-03 8.551111e-05 -3.043397e-04
75.000 45.000 6.344876e+02 7.584410e+02 -8.898758e-02 3.717389e+01 6.324583e+02 7.590000e+02 -9.094178e-02 3.714768e+01 2.503559e-01 4.002949e-03 3.718507e-05 -9.128542e-03
75.000 75.000 3.615407e+02 5.249058e+02 -1.842921e-01 2.926328e+01 3.702944e+02 5.173120e+02 -1.656338e-01 2.938121e+01 3.614815e-01 3.940371e-03 -4.499428e-04 -1.865046e-02
75.000 105.000 5.426922e+02 6.158917e+02 -6.318019e-02 3.396997e+01 5.506391e+02 6.056011e+02 -4.753506e-02 3.396509e+01 3.757485e-01 3.999179e-03 -3.256868e-04 -1.292108e-02
75.000 135.000 5.629524e+02 6.009917e+02 -3.268141e-02 3.409840e+01 5.731772e+02 5.939777e+02 -1.782157e-02 3.415822e+01 2.893340e-01 4.117939e-03 -3.078819e-04 -9.443710e-03
75.000 165.000 4.445574e+02 5.275094e+02 -8.533571e-02 3.106426e+01 4.486803e+02 5.236104e+02 -7.706559e-02 3.108884e+01 1.253927e-01 4.177858e-03 -1.881759e-04 -6.783628e-03
75.000 195.000 5.374266e+02 4.959360e+02 4.015104e-02 3.212004e+01 5.367911e+02 4.967042e+02 3.878768e-02 3.212383e+01 -7.214753e-02 4.121600e-03 3.001196e-05 3.496216e-03
75.000 225.000 5.870807e+02 5.245020e+02 5.629694e-02 3.328753e+01 5.834402e+02 5.284878e+02 4.942079e-02 3.330484e+01 -2.503558e-01 4.002949e-03 1.460280e-04 9.212242e-03
75.000 255.000 8.651268e+02 5.163606e+02 2.524570e-01 3.596441e+01 8.591556e+02 5.261253e+02 2.404063e-01 3.612780e+01 -3.614815e-01 3.940371e-03 2.363940e-04 1.707072e-02
75.000 285.000 7.190491e+02 5.715787e+02 1.142626e-01 3.569002e+01 7.066858e+02 5.836720e+02 9.533304e-02 3.575794e+01 -3.757485e-01 3.999179e-03 3.746841e-04 1.372964e-02
75.000 315.000 7.488991e+02 4.096603e+02 2.928108e-01 3.254576e+01 7.384218e+02 4.172678e+02 2.778895e-01 3.265646e+01 -2.893340e-01 4.117939e-03 3.236393e-04 1.788696e-02
75.000 345.000 5.831210e+02 5.114932e+02 6.543658e-02 3.301404e+01 5.785953e+02 5.175691e+02 5.567252e-02 3.305703e+01 -1.253927e-01 4.177858e-03 2.089942e-04 5.780245e-03
105.000 15.000 1.292059e+03 1.360275e+03 -2.571895e-02 5.148378e+01 1.283680e+03 1.367047e+03 -3.145074e-02 5.145974e+01 6.512561e-02 4.177859e-03 7.874204e-05 -1.764528e-03
105.000 45.000 1.289100e+03 1.554487e+03 -9.332855e-02 5.309255e+01 1.282282e+03 1.558671e+03 -9.728747e-02 5.304775e+01 2.243077e-01 4.117939e-03 5.274858e-05 -5.982690e-03
105.000 75.000 1.092008e+03 1.760238e+03 -2.342821e-01 5.192004e+01 1.095056e+03 1.763582e+03 -2.338616e-01 5.198360e+01 3.233867e-01 3.999179e-03 -5.723795e-06 -1.074092e-02
105.000 105.000 1.436384e+03 1.588138e+03 -5.017454e-02 5.492639e+01 1.441127e+03 1.584686e+03 -4.744451e-02 5.494544e+01 3.358145e-01 3.940370e-03 -3.513964e-05 -7.027388e-03
105.000 135.000 1.238027e+03 1.565727e+03 -1.168792e-01 5.258757e+01 1.243820e+03 1.559250e+03 -1.125300e-01 5.260774e+01 2.582611e-01 4.002949e-03 -5.846819e-05 -7.133630e-03
105.000 165.000 1.461289e+03 1.511764e+03 -1.697740e-02 5.451785e+01 1.470776e+03 1.503410e+03 -1.097234e-02 5.453281e+01 1.115068e-01 4.121600e-03 -7.787608e-05 -2.356737e-03
105.000 195.000 1.197179e+03 1.594160e+03 -1.422190e-01 5.229609e+01 1.202715e+03 1.586725e+03 -1.376655e-01 5.231229e+01 -6.512559e-02 4.177859e-03 -6.155926e-05 -1.474172e-03
105.000 225.000 1.349327e+03 1.370647e+03 -7.838297e-03 5.215177e+01 1.358322e+03 1.361147e+03 -1.038889e-03 5.214850e+01 -2.243077e-01 4.117939e-03 -9.219358e-05 4.150758e-03
105.000 255.000 1.722951e+03 1.403635e+03 1.021293e-01 5.562351e+01 1.720273e+03 1.400460e+03 1.024800e-01 5.556940e+01 -3.233867e-01 3.999179e-03 -4.461308e-06 7.649930e-03
105.000 285.000 1.586354e+03 1.379287e+03 6.982196e-02 5.432479e+01 1.587651e+03 1.383765e+03 6.861585e-02 5.438223e+01 -3.358145e-01 3.940370e-03 1.569074e-05 7.466877e-03
105.000 315.000 1.823932e+03 1.182527e+03 2.133424e-01 5.356884e+01 1.815387e+03 1.188888e+03 2.085357e-01 5.360622e+01 -2.582611e-01 4.002949e-03 6.342546e-05 8.803691e-03
105.000 345.000 1.736009e+03 1.337844e+03 1.295329e-01 5.497524e+01 1.725916e+03 1.348104e+03 1.229048e-01 5.502350e+01 -1.115069e-01 4.121600e-03 8.521515e-05 4.384515e-03
135.000 15.000 1.603823e+03 1.490046e+03 3.677494e-02 5.558494e+01 1.581716e+03 1.508194e+03 2.379432e-02 5.557122e+01 7.657884e-02 3.873820e-03 1.651494e-04 -7.160913e-04
135.000 45.000 1.398335e+03 1.605169e+03 -6.886431e-02 5.467413e+01 1.368936e+03 1.637251e+03 -8.925452e-02 5.460988e+01 2.209628e-01 3.662820e-03 2.638639e-04 -5.300991e-03
135.000 75.000 1.596753e+03 1.509701e+03 2.802313e-02 5.571368e+01 1.550163e+03 1.538477e+03 3.783592e-03 5.557513e+01 3.061399e-01 3.860088e-03 3.080261e-04 -4.991894e-03
135.000 105.000 1.344958e+03 2.042793e+03 -2.059875e-01 5.695618e+01 1.313899e+03 2.080254e+03 -2.257867e-01 5.675491e+01 3.092871e-01 4.239639e-03 2.462396e-04 -9.046861e-03
135.000 135.000 1.697964e+03 1.613229e+03 2.559058e-02 5.752412e+01 1.674395e+03 1.632791e+03 1.257996e-02 5.750359e+01 2.295611e-01 4.423208e-03 1.599596e-04 -3.545826e-03
135.000 165.000 1.592870e+03 1.617787e+03 -7.760922e-03 5.666096e+01 1.594512e+03 1.613566e+03 -5.939584e-03 5.663890e+01 8.832435e-02 4.252145e-03 -2.273402e-05 -1.695793e-03
135.000 195.000 1.616581e+03 1.415184e+03 6.642880e-02 5.493985e+01 1.641412e+03 1.394670e+03 8.126974e-02 5.491839e+01 -7.657882e-02 3.873820e-03 -1.910485e-04 2.602985e-03
135.000 225.000 1.568426e+03 1.570404e+03 -6.299731e-04 5.602525e+01 1.601483e+03 1.533865e+03 2.156654e-02 5.598116e+01 -2.209628e-01 3.662820e-03 -2.802573e-04 3.932741e-03
135.000 255.000 1.857656e+03 1.259074e+03 1.920547e-01 5.478840e+01 1.898492e+03 1.228706e+03 2.141809e-01 5.462364e+01 -3.061399e-01 3.860088e-03 -2.859938e-04 9.093066e-03
135.000 285.000 1.568836e+03 1.292484e+03 9.658224e-02 5.324124e+01 1.599889e+03 1.271207e+03 1.144797e-01 5.323034e+01 -3.092871e-01 4.239639e-03 -2.377235e-04 7.623214e-03
135.000 315.000 1.786816e+03 1.338899e+03 1.433007e-01 5.533107e+01 1.806076e+03 1.323310e+03 1.542685e-01 5.527124e+01 -2.295611e-01 4.423208e-03 -1.402394e-04 6.738742e-03
135.000 345.000 1.900647e+03 1.717042e+03 5.075209e-02 6.006972e+01 1.896669e+03 1.720871e+03 4.859604e-02 6.007492e+01 -8.832437e-02 4.252145e-03 2.537866e-05 2.315251e-03
165.000 15.000 1.031097e+03 1.221364e+03 -8.447071e-02 4.729048e+01 1.015381e+03 1.240807e+03 -9.991435e-02 4.726166e+01 8.374278e-02 3.216687e-03 2.309901e-04 -3.557027e-03
165.000 45.000 1.171213e+03 1.288598e+03 -4.772136e-02 4.953998e+01 1.137547e+03 1.326585e+03 -7.671564e-02 4.949374e+01 2.256332e-01 4.765498e-03 4.140418e-04 -5.517858e-03
165.000 75.000 1.330601e+03 1.663487e+03 -1.111811e-01 5.437902e+01 1.269507e+03 1.725562e+03 -1.522684e-01 5.408906e+01 3.070654e-01 5.371537e-03 5.356970e-04 -7.691321e-03
165.000 105.000 1.304905e+03 1.617181e+03 -1.068673e-01 5.374676e+01 1.246442e+03 1.669506e+03 -1.450862e-01 5.342816e+01 3.062197e-01 4.757515e-03 5.043107e-04 -7.685803e-03
165.000 135.000 1.444803e+03 1.602411e+03 -5.172201e-02 5.512768e+01 1.405358e+03 1.636863e+03 -7.609745e-02 5.499640e+01 2.233226e-01 3.204847e-03 3.130292e-04 -4.989229e-03
165.000 165.000 1.346184e+03 1.506837e+03 -5.630973e-02 5.332894e+01 1.339851e+03 1.515875e+03 -6.163903e-02 5.333739e+01 8.058647e-02 2.031652e-03 7.065742e-05 -2.567015e-03
165.000 195.000 1.586929e+03 1.240094e+03 1.226853e-01 5.276809e+01 1.609480e+03 1.223897e+03 1.360863e-01 5.273428e+01 -8.374277e-02 3.216687e-03 -1.796352e-04 3.911986e-03
165.000 225.000 1.172572e+03 1.189460e+03 -7.149857e-03 4.859949e+01 1.203211e+03 1.152458e+03 2.154500e-02 4.852396e+01 -2.256332e-01 4.765498e-03 -4.178254e-04 4.495589e-03
165.000 255.000 1.479575e+03 1.037680e+03 1.755465e-01 4.939314e+01 1.532036e+03 9.946759e+02 2.126717e-01 4.911650e+01 -3.070654e-01 5.371537e-03 -5.329706e-04 9.770829e-03
165.000 285.000 1.414717e+03 1.163524e+03 9.742831e-02 5.053482e+01 1.463768e+03 1.120143e+03 1.329866e-01 5.038069e+01 -3.062197e-01 4.757515e-03 -4.983076e-04 7.987523e-03
165.000 315.000 1.470543e+03 1.163660e+03 1.164996e-01 5.097501e+01 1.505164e+03 1.131911e+03 1.415404e-01 5.083546e+01 -2.233226e-01 3.204848e-03 -3.478323e-04 6.666449e-03
165.000 345.000 1.397591e+03 1.328085e+03 2.550054e-02 5.219103e+01 1.403771e+03 1.317948e+03 3.153242e-02 5.214416e+01 -8.058649e-02 2.031652e-03 -8.175912e-05 2.032668e-03
195.000 15.000 1.397497e+03 1.324533e+03 2.680509e-02 5.215433e+01 1.387652e+03 1.333230e+03 2.000168e-02 5.215163e+01 8.058646e-02 2.031652e-03 9.224287e-05 -1.031196e-03
195.000 45.000 1.203032e+03 1.806588e+03 -2.005423e-01 5.374552e+01 1.170964e+03 1.850516e+03 -2.249069e-01 5.355972e+01 2.233226e-01 3.204847e-03 3.211098e-04 -7.886515e-03
195.000 75.000 1.152254e+03 1.617583e+03 -1.679987e-01 5.188124e+01 1.103501e+03 1.666928e+03 -2.033718e-01 5.153488e+01 3.062197e-01 4.757515e-03 4.837236e-04 -9.140460e-03
195.000 105.000 1.265669e+03 1.678128e+03 -1.401112e-01 5.372157e+01 1.213221e+03 1.736424e+03 -1.773781e-01 5.344942e+01 3.070654e-01 5.371537e-03 4.917670e-04 -8.323968e-03
195.000 135.000 1.033365e+03 1.506858e+03 -1.863981e-01 4.951733e+01 1.000906e+03 1.554408e+03 -2.166083e-01 4.934998e+01 2.256332e-01 4.765498e-03 4.321304e-04 -8.320953e-03
195.000 165.000 1.134267e+03 1.265571e+03 -5.471357e-02 4.891476e+01 1.116607e+03 1.282565e+03 -6.917306e-02 4.886402e+01 8.374280e-02 3.216687e-03 2.091334e-04 -2.830565e-03
195.000 195.000 1.790131e+03 1.587044e+03 6.013537e-02 5.800829e+01 1.800343e+03 1.578579e+03 6.563158e-02 5.800317e+01 -8.058644e-02 2.031652e-03 -6.700039e-05 2.425891e-03
195.000 225.000 1.785442e+03 1.312084e+03 1.528181e-01 5.500171e+01 1.826293e+03 1.276322e+03 1.772603e-01 5.481904e+01 -2.233226e-01 3.204847e-03 -3.147528e-04 6.838709e-03
195.000 255.000 1.710257e+03 7.888811e+02 3.686775e-01 4.646986e+01 1.766195e+03 7.586355e+02 3.990603e-01 4.607335e+01 -3.062197e-01 4.757515e-03 -4.642947e-04 1.452333e-02
195.000 285.000 1.427493e+03 1.384679e+03 1.522451e-02 5.302376e+01 1.480098e+03 1.326305e+03 5.480077e-02 5.289589e+01 -3.070654e-01 5.371537e-03 -5.284123e-04 6.078217e-03
195.000 315.000 1.544929e+03 1.198532e+03 1.262626e-01 5.195887e+01 1.587738e+03 1.161025e+03 1.552381e-01 5.179306e+01 -2.256332e-01 4.765499e-03 -3.949575e-04 6.772583e-03
195.000 345.000 1.252907e+03 1.385490e+03 -5.025126e-02 5.130043e+01 1.269662e+03 1.367271e+03 -3.701615e-02 5.131588e+01 -8.374282e-02 3.216687e-03 -1.824005e-04 6.528514e-04
225.000 15.000 1.406054e+03 1.762338e+03 -1.124495e-01 5.593146e+01 1.409272e+03 1.759340e+03 -1.104799e-01 5.594583e+01 8.832433e-02 4.252145e-03 -2.489717e-05 -3.589641e-03
225.000 45.000 1.504462e+03 1.506260e+03 -5.973572e-04 5.487003e+01 1.491841e+03 1.514671e+03 -7.593695e-03 5.483009e+01 2.295611e-01 4.423208e-03 9.019420e-05 -4.194611e-03
225.000 75.000 1.717499e+03 2.104575e+03 -1.012737e-01 6.150507e+01 1.675258e+03 2.142382e+03 -1.223594e-01 6.132278e+01 3.092871e-01 4.239639e-03 2.427761e-04 -6.675236e-03
225.000 105.000 1.455532e+03 1.842054e+03 -1.172135e-01 5.702877e+01 1.410985e+03 1.879932e+03 -1.424975e-01 5.678110e+01 3.061399e-01 3.860089e-03 3.141802e-04 -7.423507e-03
225.000 135.000 1.438853e+03 1.664270e+03 -7.264201e-02 5.555851e+01 1.399714e+03 1.696879e+03 -9.596512e-02 5.539021e+01 2.209628e-01 3.662820e-03 2.972890e-04 -5.284605e-03
225.000 165.000 1.689976e+03 1.627917e+03 1.870431e-02 5.759108e+01 1.666552e+03 1.647535e+03 5.738325e-03 5.756716e+01 7.657886e-02 3.873820e-03 1.592302e-04 -1.004922e-03
225.000 195.000 1.502902e+03 1.420772e+03 2.809153e-02 5.404967e+01 1.500138e+03 1.421884e+03 2.678081e-02 5.403633e+01 -8.832431e-02 4.252145e-03 1.714964e-05 2.153868e-03
225.000 225.000 1.491376e+03 1.422194e+03 2.374458e-02 5.396228e+01 1.505836e+03 1.410658e+03 3.263450e-02 5.397580e+01 -2.295611e-01 4.423208e-03 -1.164764e-04 4.694124e-03
225.000 255.000 2.011308e+03 1.178843e+03 2.609484e-01 5.452450e+01 2.049493e+03 1.156237e+03 2.786434e-01 5.437674e+01 -3.092871e-01 4.239639e-03 -2.297910e-04 1.045834e-02
225.000 285.000 1.755788e+03 1.003812e+03 2.724945e-01 5.054395e+01 1.797624e+03 9.806042e+02 2.940794e-01 5.037817e+01 -3.061399e-01 3.860089e-03 -3.024669e-04 1.144814e-02
225.000 315.000 1.957968e+03 1.382142e+03 1.723975e-01 5.692837e+01 2.000012e+03 1.346707e+03 1.952074e-01 5.673790e+01 -2.209628e-01 3.662820e-03 -2.837958e-04 6.909741e-03
225.000 345.000 1.402422e+03 1.620603e+03 -7.217289e-02 5.483866e+01 1.421997e+03 1.599981e+03 -5.889637e-02 5.487709e+01 -7.657887e-02 3.873820e-03 -1.711317e-04 8.034440e-05
255.000 15.000 1.152981e+03 1.363632e+03 -8.370423e-02 4.998981e+01 1.160473e+03 1.354795e+03 -7.725672e-02 5.000255e+01 1.115068e-01 4.121600e-03 -9.118858e-05 -3.905017e-03
255.000 45.000 1.256369e+03 1.592195e+03 -1.178930e-01 5.299975e+01 1.262741e+03 1.587516e+03 -1.139458e-01 5.304008e+01 2.582611e-01 4.002949e-03 -5.264294e-05 -7.097281e-03
255.000 75.000 1.155071e+03 1.718456e+03 -1.960603e-01 5.256491e+01 1.161239e+03 1.716043e+03 -1.928222e-01 5.263368e+01 3.358145e-01 3.940371e-03 -4.353019e-05 -1.011844e-02
255.000 105.000 1.035462e+03 1.489955e+03 -1.799676e-01 4.943302e+01 1.036530e+03 1.491241e+03 -1.798862e-01 4.945679e+01 3.233867e-01 3.999179e-03 -1.163316e-06 -1.018255e-02
255.000 135.000 1.331267e+03 1.473887e+03 -5.084212e-02 5.289521e+01 1.323732e+03 1.477425e+03 -5.486781e-02 5.284623e+01 2.243077e-01 4.117939e-03 5.384054e-05 -5.201791e-03
255.000 165.000 1.224633e+03 1.444202e+03 -8.227169e-02 5.148564e+01 1.218050e+03 1.455697e+03 -8.888173e-02 5.150364e+01 6.512563e-02 4.177858e-03 9.076677e-05 -2.862882e-03
255.000 195.000 1.569111e+03 1.372166e+03 6.695882e-02 5.411182e+01 1.559675e+03 1.379748e+03 6.121189e-02 5.411478e+01 -1.115068e-01 4.121600e-03 7.509604e-05 3.298089e-03
255.000 225.000 1.620848e+03 1.182514e+03 1.563600e-01 5.229555e+01 1.614720e+03 1.188151e+03 1.521902e-01 5.232544e+01 -2.582611e-01 4.002949e-03 5.636557e-05 7.928420e-03
255.000 255.000 1.455759e+03 1.190234e+03 1.003498e-01 5.117956e+01 1.450664e+03 1.191403e+03 9.812801e-02 5.115296e+01 -3.358145e-01 3.940371e-03 3.070422e-05 8.522236e-03
255.000 285.000 1.614340e+03 1.178926e+03 1.558797e-01 5.220531e+01 1.611812e+03 1.180646e+03 1.544039e-01 5.221000e+01 -3.233867e-01 3.999179e-03 1.998894e-05 9.180416e-03
255.000 315.000 1.752223e+03 1.110369e+03 2.242212e-01 5.214091e+01 1.758104e+03 1.105907e+03 2.277218e-01 5.211038e+01 -2.243077e-01 4.117939e-03 -4.748673e-05 8.602246e-03
255.000 345.000 1.657515e+03 1.370283e+03 9.486494e-02 5.477728e+01 1.670122e+03 1.362182e+03 1.015533e-01 5.478167e+01 -6.512565e-02 4.177858e-03 -8.633506e-05 2.920747e-03
285.000 15.000 4.002199e+02 5.419226e+02 -1.504047e-01 3.034518e+01 4.037950e+02 5.377511e+02 -1.422724e-01 3.037248e+01 1.253926e-01 4.177859e-03 -1.894147e-04 -9.088672e-03
285.000 45.000 5.401468e+02 8.299982e+02 -2.115480e-01 3.617772e+01 5.506149e+02 8.183549e+02 -1.955777e-01 3.628506e+01 2.893340e-01 4.117939e-03 -3.116819e-04 -1.384504e-02
285.000 75.000 5.053352e+02 6.932261e+02 -1.567637e-01 3.419220e+01 5.112705e+02 6.826342e+02 -1.435321e-01 3.419515e+01 3.757485e-01 3.999179e-03 -2.736210e-04 -1.557408e-02
285.000 105.000 3.658002e+02 6.586023e+02 -2.858273e-01 3.067102e+01 3.728801e+02 6.526864e+02 -2.728310e-01 3.080952e+01 3.614815e-01 3.940370e-03 -2.989473e-04 -2.110490e-02
285.000 135.000 6.514558e+02 6.786860e+02 -2.047167e-02 3.646347e+01 6.569424e+02 6.717446e+02 -1.114047e-02 3.644890e+01 2.503559e-01 4.002949e-03 -1.809885e-04 -7.427367e-03
285.000 165.000 5.295858e+02 5.916591e+02 -5.536105e-02 3.343364e+01 5.299329e+02 5.920208e+02 -5.533906e-02 3.344425e+01 7.214757e-02 4.121600e-03 -4.649559e-07 -3.813782e-03
285.000 195.000 6.057301e+02 4.437883e+02 1.543011e-01 3.200829e+01 6.003969e+02 4.476780e+02 1.457137e-01 3.202845e+01 -1.253926e-01 4.177859e-03 1.896482e-04 8.738165e-03
285.000 225.000 7.260125e+02 5.412611e+02 1.457866e-01 3.521845e+01 7.166606e+02 5.493661e+02 1.321414e-01 3.526925e+01 -2.893340e-01 4.117939e-03 2.737670e-04 1.235490e-02
285.000 255.000 4.903342e+02 6.381047e+02 -1.309513e-01 3.330298e+01 4.831858e+02 6.534731e+02 -1.498139e-01 3.333388e+01 -3.757485e-01 3.999179e-03 4.003152e-04 7.350611e-03
285.000 285.000 7.400890e+02 4.613015e+02 2.320540e-01 3.371493e+01 7.356153e+02 4.711178e+02 2.191848e-01 3.389335e+01 -3.614815e-01 3.940370e-03 2.691930e-04 1.760453e-02
285.000 315.000 5.813889e+02 5.410991e+02 3.589334e-02 3.348196e+01 5.763830e+02 5.451950e+02 2.780727e-02 3.347702e+01 -2.503559e-01 4.002949e-03 1.707825e-04 8.549356e-03
285.000 345.000 6.857083e+02 5.196246e+02 1.377908e-01 3.438674e+01 6.856648e+02 5.196876e+02 1.377001e-01 3.438746e+01 -7.214759e-02 4.121600e-03 1.863972e-06 6.105212e-03
315.000 15.000 5.005279e+01 1.012786e+02 -3.385011e-01 1.157547e+01 5.070286e+01 9.909125e+01 -3.230327e-01 1.158288e+01 1.189641e-01 3.873819e-03 -9.446101e-04 -3.952024e-02
315.000 45.000 4.851758e+01 2.040480e+02 -6.158022e-01 1.252157e+01 5.011157e+01 1.984983e+02 -5.968658e-01 1.265081e+01 2.995428e-01 3.662820e-03 -1.063854e-03 -7.310147e-02
315.000 75.000 1.000119e+02 1.986026e+02 -3.301606e-01 1.631146e+01 1.044502e+02 1.928904e+02 -2.974370e-01 1.646315e+01 3.998592e-01 3.860088e-03 -1.411994e-03 -4.475502e-02
315.000 105.000 1.288959e+02 2.030074e+02 -2.232922e-01 1.775823e+01 1.311236e+02 1.993157e+02 -2.063681e-01 1.778670e+01 3.930337e-01 4.239640e-03 -6.733550e-04 -3.470649e-02
315.000 135.000 1.451663e+02 9.061354e+01 2.313716e-01 1.493847e+01 1.444491e+02 8.956707e+01 2.345225e-01 1.487095e+01 2.808951e-01 4.423208e-03 -1.494844e-04 -3.315164e-03
315.000 165.000 7.540434e+01 7.860671e+01 -2.079313e-02 1.240744e+01 7.443218e+01 8.029014e+01 -3.786109e-02 1.242982e+01 9.349090e-02 4.252145e-03 9.718360e-04 -9.210929e-03
315.000 195.000 5.977274e+01 1.855373e+02 -5.126759e-01 1.344744e+01 5.873226e+01 1.911011e+02 -5.298285e-01 1.340524e+01 -1.189641e-01 3.873819e-03 9.033506e-04 -2.927783e-02
315.000 225.000 1.566039e+01 4.551373e+01 -4.880059e-01 6.826824e+00 1.523980e+01 4.780774e+01 -5.165616e-01 6.798838e+00 -2.995428e-01 3.662820e-03 2.963800e-03 -2.760627e-02
315.000 255.000 1.929232e+02 4.070112e+01 6.515677e-01 1.159488e+01 1.878399e+02 4.249160e+01 6.310397e-01 1.177332e+01 -3.998592e-01 3.860088e-03 1.242294e-03 9.068025e-02
315.000 285.000 6.955370e+01 6.573013e+01 2.826336e-02 1.162651e+01 6.779154e+01 6.505741e+01 2.058068e-02 1.152357e+01 -3.930337e-01 4.239640e-03 4.693220e-04 3.623589e-02
315.000 315.000 9.023439e+01 1.330098e+02 -1.916082e-01 1.466452e+01 8.890903e+01 1.339373e+02 -2.020596e-01 1.462012e+01 -2.808951e-01 4.423208e-03 5.047187e-04 6.088635e-03
315.000 345.000 1.975487e+01 7.788894e+01 -5.953688e-01 7.939307e+00 1.969906e+01 7.774862e+01 -5.956998e-01 7.928907e+00 -9.349092e-02 4.252145e-03 2.950023e-05 -6.321430e-02
345.000 15.000 1.876859e+01 0.000000e+00 1.000000e+00 2.000000e+00 1.931451e+01 0.000000e+00 1.000000e+00 2.000000e+00 1.099610e-01 3.216687e-03 0.000000e+00 4.450189e-01
345.000 45.000 2.927972e+01 1.450346e+02 -6.640584e-01 9.871491e+00 3.078132e+01 1.399288e+02 -6.393731e-01 1.004610e+01 2.967115e-01 4.765498e-03 -1.752663e-03 -9.732773e-02
345.000 75.000 2.713951e+01 1.272182e+01 3.616962e-01 5.886129e+00 2.900152e+01 1.219997e+01 4.077897e-01 5.860887e+00 4.039584e-01 5.371537e-03 -5.549154e-03 -7.179967e-03
345.000 105.000 2.302462e+01 1.779537e+01 1.281052e-01 6.336410e+00 2.428188e+01 1.709121e+01 1.738006e-01 6.334299e+00 4.029650e-01 4.757514e-03 -5.100192e-03 -4.337782e-02
345.000 135.000 9.631920e+00 2.845519e+01 -4.942163e-01 5.365104e+00 9.889929e+00 2.793754e+01 -4.771033e-01 5.405265e+00 2.939974e-01 3.204847e-03 -2.247027e-03 -1.469149e-01
345.000 165.000 8.274849e+00 4.859175e+01 -7.089733e-01 5.318176e+00 8.319312e+00 4.855305e+01 -7.074392e-01 5.330050e+00 1.062535e-01 2.031653e-03 -2.037449e-04 -1.532907e-01
345.000 195.000 3.494952e+01 1.147205e+01 5.057448e-01 5.877751e+00 3.409565e+01 1.178612e+01 4.862396e-01 5.918952e+00 -1.099610e-01 3.216687e-03 2.338318e-03 1.047519e-01
345.000 225.000 6.840747e+00 1.626073e+01 -4.077653e-01 4.388660e+00 6.617723e+00 1.708597e+01 -4.416294e-01 4.368136e+00 -2.967115e-01 4.765498e-03 5.469006e-03 -2.530471e-02
345.000 255.000 6.205160e+01 2.671698e+01 3.980532e-01 8.643120e+00 5.931646e+01 2.841848e+01 3.521741e-01 8.766612e+00 -4.039584e-01 5.371537e-03 3.726718e-03 9.279188e-02
345.000 285.000 0.000000e+00 2.073994e+01 -1.000000e+00 2.000000e+00 0.000000e+00 2.204182e+01 -1.000000e+00 2.000000e+00 -4.029650e-01 4.757515e-03 0.000000e+00 -2.985167e-01
345.000 315.000 2.314171e+01 7.236270e+00 5.235845e-01 4.695757e+00 2.248372e+01 7.537788e+00 4.978409e-01 4.751927e+00 -2.939974e-01 3.204847e-03 3.853463e-03 1.741107e-01
345.000 345.000 1.242141e+02 4.628070e+01 4.571012e-01 1.161341e+01 1.239221e+02 4.625823e+01 4.563622e-01 1.160765e+01 -1.062535e-01 2.031653e-03 4.500644e-05 4.850897e-02
