  #t  #Q2   A1M1_AVG      A_1M1     dA_1M1   A0P1_AVG      A_0P1     dA_0P1   A2M1_AVG      A_2M1     dA_2M1   A3M1_AVG      A_3M1     dA_3M1   A1P1_AVG      A_1P1     dA_1P1       Asym      Astat          t         tp         xb         Q2          W     Dilute
   6    0 -5.845e-02 -5.810e-02 2.4307e-03  4.174e-01  3.731e-01 2.3679e-03 -1.072e-02  5.288e-03 2.3904e-03 -2.019e-03 -1.046e-02 2.3453e-03  3.452e-02  5.030e-02 2.3320e-03 1.6315e-02 3.0790e-03 8.0271e-01 9.3735e-02 5.6990e-01 6.9898e+00 2.4858e+00 6.0415e-01
   Phi   PhiS      N_U_avg      N_D_avg     Asym_avg    dAsym_avg      N_U_fit      N_D_fit     Asym_fit    dAsym_fit     Asym_cal    dAsym_cal     GOOD_fit     GOOD_cal
15.000 15.000 4.142528e+02 5.378025e+02 -1.297716e-01 3.059448e+01 4.152348e+02 5.370497e+02 -1.279187e-01 3.060559e+01 1.178540e-01 1.868964e-03 -4.281684e-05 -8.093801e-03
15.000 45.000 3.503795e+02 5.480432e+02 -2.200119e-01 2.923926e+01 3.516944e+02 5.458623e+02 -2.163294e-01 2.924983e+01 3.350640e-01 2.956685e-03 -8.903919e-05 -1.898392e-02
15.000 75.000 4.095841e+02 5.446454e+02 -1.415397e-01 3.057962e+01 4.116547e+02 5.432845e+02 -1.378411e-01 3.060711e+01 4.624938e-01 4.396922e-03 -8.548498e-05 -1.975281e-02
15.000 105.000 4.357982e+02 7.065873e+02 -2.370383e-01 3.283593e+01 4.373248e+02 7.035339e+02 -2.333410e-01 3.284420e+01 4.659988e-01 4.967383e-03 -7.960846e-05 -2.141061e-02
15.000 135.000 4.667468e+02 5.857747e+02 -1.130883e-01 3.223447e+01 4.677966e+02 5.852910e+02 -1.115714e-01 3.224870e+01 3.446398e-01 4.407486e-03 -3.326862e-05 -1.419996e-02
15.000 165.000 5.410461e+02 6.993330e+02 -1.276117e-01 3.493107e+01 5.410167e+02 6.992041e+02 -1.275477e-01 3.492913e+01 1.309349e-01 2.972373e-03 -1.293993e-06 -7.401620e-03
15.000 195.000 7.226906e+02 3.913902e+02 2.973755e-01 3.186786e+01 7.215893e+02 3.918436e+02 2.961523e-01 3.187127e+01 -1.178540e-01 1.868964e-03 2.714122e-05 1.302973e-02
15.000 225.000 4.943349e+02 3.586286e+02 1.590998e-01 2.883353e+01 4.928611e+02 3.598130e+02 1.560363e-01 2.884292e+01 -3.350640e-01 2.956685e-03 7.511641e-05 1.713851e-02
15.000 255.000 4.974878e+02 3.913348e+02 1.194310e-01 2.959974e+01 4.957591e+02 3.949000e+02 1.132409e-01 2.965194e+01 -4.624938e-01 4.396922e-03 1.477452e-04 1.965980e-02
15.000 285.000 6.400774e+02 2.659290e+02 4.129644e-01 2.741344e+01 6.375811e+02 2.659563e+02 4.112998e-01 2.739869e+01 -4.659988e-01 4.967383e-03 4.294961e-05 3.206323e-02
15.000 315.000 5.750589e+02 3.235198e+02 2.799300e-01 2.877786e+01 5.735072e+02 3.243092e+02 2.775601e-01 2.878626e+01 -3.446398e-01 4.407487e-03 5.822200e-05 2.170314e-02
15.000 345.000 5.249354e+02 2.934601e+02 2.828403e-01 2.743948e+01 5.250937e+02 2.932035e+02 2.833814e-01 2.743326e+01 -1.309349e-01 2.972373e-03 -1.394555e-05 1.507956e-02
45.000 15.000 8.118056e+02 8.342489e+02 -1.363460e-02 4.056783e+01 8.124880e+02 8.332718e+02 -1.262874e-02 4.056473e+01 1.071257e-01 3.922742e-03 -1.753297e-05 -2.976749e-03
45.000 45.000 6.077321e+02 7.514930e+02 -1.057668e-01 3.666088e+01 6.136470e+02 7.478263e+02 -9.855452e-02 3.671852e+01 3.074007e-01 4.074204e-03 -1.389999e-04 -1.126998e-02
45.000 75.000 5.362051e+02 8.159487e+02 -2.068874e-01 3.597608e+01 5.469090e+02 8.064524e+02 -1.917768e-01 3.610522e+01 4.253080e-01 3.910907e-03 -2.964644e-04 -1.757266e-02
45.000 105.000 5.686208e+02 7.152578e+02 -1.142141e-01 3.559678e+01 5.813884e+02 7.067062e+02 -9.728926e-02 3.571978e+01 4.292544e-01 3.574914e-03 -3.356199e-04 -1.526735e-02
45.000 135.000 5.698074e+02 7.170892e+02 -1.144473e-01 3.563763e+01 5.788493e+02 7.080483e+02 -1.003957e-01 3.569211e+01 3.181824e-01 3.401292e-03 -2.785913e-04 -1.213969e-02
45.000 165.000 6.865472e+02 6.391343e+02 3.576486e-02 3.638662e+01 6.942570e+02 6.345715e+02 4.491589e-02 3.641631e+01 1.218537e-01 3.587859e-03 -1.777608e-04 -2.365947e-03
45.000 195.000 8.697989e+02 7.152747e+02 9.748704e-02 3.962335e+01 8.711847e+02 7.155634e+02 9.807559e-02 3.964197e+01 -1.071256e-01 3.922742e-03 -1.050062e-05 5.163942e-03
45.000 225.000 8.450166e+02 5.758660e+02 1.894249e-01 3.701214e+01 8.403114e+02 5.827574e+02 1.809849e-01 3.710061e+01 -3.074007e-01 4.074204e-03 1.610510e-04 1.342331e-02
45.000 255.000 7.629419e+02 5.525844e+02 1.599037e-01 3.580348e+01 7.540977e+02 5.626065e+02 1.454322e-01 3.590063e+01 -4.253080e-01 3.910907e-03 2.854200e-04 1.634511e-02
45.000 285.000 8.271027e+02 6.016427e+02 1.578028e-01 3.732516e+01 8.152436e+02 6.152661e+02 1.397946e-01 3.745069e+01 -4.292544e-01 3.574914e-03 3.405828e-04 1.572819e-02
45.000 315.000 9.098342e+02 5.170617e+02 2.752636e-01 3.631501e+01 8.990436e+02 5.262105e+02 2.615907e-01 3.643795e+01 -3.181824e-01 3.401292e-03 2.657821e-04 1.634162e-02
45.000 345.000 7.628145e+02 7.306821e+02 2.151491e-02 3.863684e+01 7.555167e+02 7.374383e+02 1.210915e-02 3.863594e+01 -1.218537e-01 3.587859e-03 1.721402e-04 3.710671e-03
75.000 15.000 1.025023e+03 1.249904e+03 -9.885184e-02 4.746258e+01 1.018564e+03 1.259035e+03 -1.055812e-01 4.745745e+01 1.055185e-01 3.804886e-03 1.002611e-04 -4.305925e-03
75.000 45.000 9.096760e+02 1.491429e+03 -2.422855e-01 4.754108e+01 9.143653e+02 1.487249e+03 -2.385411e-01 4.759158e+01 2.834404e-01 3.700063e-03 -5.566366e-05 -1.105835e-02
75.000 75.000 9.366321e+02 1.490174e+03 -2.280948e-01 4.796401e+01 9.546299e+02 1.474904e+03 -2.141455e-01 4.814685e+01 3.854147e-01 3.646542e-03 -2.052555e-04 -1.279104e-02
75.000 105.000 8.717804e+02 1.281225e+03 -1.901737e-01 4.555370e+01 8.945892e+02 1.258446e+03 -1.689971e-01 4.573341e+01 3.841175e-01 3.700103e-03 -3.280657e-04 -1.260690e-02
75.000 135.000 9.019240e+02 1.306644e+03 -1.832499e-01 4.619960e+01 9.243119e+02 1.282694e+03 -1.623839e-01 4.635527e+01 2.798963e-01 3.804925e-03 -3.188259e-04 -1.002490e-02
75.000 165.000 9.937341e+02 1.212962e+03 -9.934680e-02 4.674309e+01 1.010696e+03 1.194345e+03 -8.328594e-02 4.679472e+01 1.006771e-01 3.856249e-03 -2.428268e-04 -4.279218e-03
75.000 195.000 1.336348e+03 1.026564e+03 1.311023e-01 4.819023e+01 1.344185e+03 1.018687e+03 1.377550e-01 4.814595e+01 -1.055185e-01 3.804886e-03 -9.766085e-05 4.910140e-03
75.000 225.000 1.223211e+03 1.099473e+03 5.327369e-02 4.812579e+01 1.217701e+03 1.103477e+03 4.920953e-02 4.812023e+01 -2.834404e-01 3.700063e-03 5.971772e-05 6.996542e-03
75.000 255.000 1.414499e+03 8.963103e+02 2.242456e-01 4.684664e+01 1.395317e+03 9.122903e+02 2.093192e-01 4.697340e+01 -3.854147e-01 3.646542e-03 2.249952e-04 1.301396e-02
75.000 285.000 1.638413e+03 8.014390e+02 3.430428e-01 4.639756e+01 1.612124e+03 8.230525e+02 3.240306e-01 4.668504e+01 -3.841175e-01 3.700103e-03 2.888533e-04 1.567238e-02
75.000 315.000 1.392997e+03 1.060364e+03 1.355826e-01 4.907404e+01 1.366852e+03 1.086264e+03 1.143801e-01 4.920388e+01 -2.798963e-01 3.804925e-03 3.051022e-04 8.466368e-03
75.000 345.000 1.267632e+03 1.265539e+03 8.260000e-04 5.033060e+01 1.248297e+03 1.288160e+03 -1.571599e-02 5.035703e+01 -1.006771e-01 3.856249e-03 2.323413e-04 2.016727e-03
105.000 15.000 1.154097e+03 1.227763e+03 -3.092805e-02 4.878095e+01 1.147663e+03 1.234675e+03 -3.652360e-02 4.877663e+01 8.971645e-02 3.856249e-03 8.111428e-05 -2.473189e-03
105.000 45.000 1.179306e+03 1.388592e+03 -8.150069e-02 5.050585e+01 1.179662e+03 1.389623e+03 -8.171956e-02 5.051858e+01 2.504841e-01 3.804925e-03 3.063908e-06 -6.573195e-03
105.000 75.000 1.136867e+03 1.468085e+03 -1.271492e-01 5.062448e+01 1.141328e+03 1.465677e+03 -1.244144e-01 5.066213e+01 3.441347e-01 3.700103e-03 -3.818486e-05 -9.309407e-03
105.000 105.000 1.122014e+03 1.582238e+03 -1.701853e-01 5.124381e+01 1.130932e+03 1.573590e+03 -1.636733e-01 5.130371e+01 3.455747e-01 3.646542e-03 -8.980631e-05 -1.006483e-02
105.000 135.000 1.033314e+03 1.429658e+03 -1.609209e-01 4.898155e+01 1.043385e+03 1.418991e+03 -1.525380e-01 4.904164e+01 2.544183e-01 3.700063e-03 -1.209421e-04 -8.479502e-03
105.000 165.000 1.164284e+03 1.240858e+03 -3.183748e-02 4.901739e+01 1.175155e+03 1.231601e+03 -2.345315e-02 4.904520e+01 9.509066e-02 3.804886e-03 -1.209149e-04 -2.589451e-03
105.000 195.000 1.156053e+03 1.125566e+03 1.336178e-02 4.776203e+01 1.162861e+03 1.119696e+03 1.891040e-02 4.776757e+01 -8.971644e-02 3.856249e-03 -8.214140e-05 2.158162e-03
105.000 225.000 1.346396e+03 1.018492e+03 1.386550e-01 4.816039e+01 1.347084e+03 1.017505e+03 1.393810e-01 4.815238e+01 -2.504841e-01 3.804925e-03 -1.065977e-05 8.080065e-03
105.000 255.000 1.539366e+03 9.801065e+02 2.219748e-01 4.894212e+01 1.533782e+03 9.839420e+02 2.183876e-01 4.896576e+01 -3.441347e-01 3.700103e-03 5.181529e-05 1.156692e-02
105.000 285.000 1.468614e+03 1.102389e+03 1.424445e-01 5.018801e+01 1.461259e+03 1.111710e+03 1.358545e-01 5.025417e+01 -3.455748e-01 3.646542e-03 9.278596e-05 9.723821e-03
105.000 315.000 1.436793e+03 1.110810e+03 1.279568e-01 5.005889e+01 1.425981e+03 1.122097e+03 1.192601e-01 5.011823e+01 -2.544183e-01 3.700063e-03 1.227721e-04 7.638506e-03
105.000 345.000 1.198838e+03 1.268712e+03 -2.831684e-02 4.965452e+01 1.190458e+03 1.279935e+03 -3.621989e-02 4.967044e+01 -9.509068e-02 3.804886e-03 1.125255e-04 1.344768e-03
135.000 15.000 5.665979e+02 5.654217e+02 1.039004e-03 3.364548e+01 5.688866e+02 5.627361e+02 5.435133e-03 3.363910e+01 6.106149e-02 3.587859e-03 -9.239956e-05 -1.783969e-03
135.000 45.000 4.851706e+02 7.137916e+02 -1.906825e-01 3.399071e+01 4.849813e+02 7.105753e+02 -1.886937e-01 3.395568e+01 2.019824e-01 3.401291e-03 -4.139370e-05 -1.155212e-02
135.000 75.000 5.336567e+02 7.659789e+02 -1.787595e-01 3.546979e+01 5.354161e+02 7.655477e+02 -1.768931e-01 3.550007e+01 2.887822e-01 3.574914e-03 -3.719185e-05 -1.318141e-02
135.000 105.000 5.954651e+02 6.890749e+02 -7.287423e-02 3.574519e+01 5.966560e+02 6.916881e+02 -7.376293e-02 3.579573e+01 2.982031e-01 3.910907e-03 1.756773e-05 -1.038118e-02
135.000 135.000 5.284153e+02 6.019072e+02 -6.501847e-02 3.354913e+01 5.257736e+02 6.040035e+02 -6.924365e-02 3.353148e+01 2.277207e-01 4.074204e-03 8.907643e-05 -8.725687e-03
135.000 165.000 4.715389e+02 6.258923e+02 -1.406498e-01 3.279819e+01 4.701251e+02 6.287729e+02 -1.443699e-01 3.280235e+01 9.622076e-02 3.922742e-03 8.019765e-05 -7.222061e-03
135.000 195.000 6.965731e+02 5.944912e+02 7.906808e-02 3.581889e+01 6.939034e+02 5.983450e+02 7.394738e-02 3.584944e+01 -6.106148e-02 3.587859e-03 1.010456e-04 3.912169e-03
135.000 225.000 7.431069e+02 5.800046e+02 1.232718e-01 3.609717e+01 7.395397e+02 5.822087e+02 1.190324e-01 3.609738e+01 -2.019823e-01 3.401291e-03 8.304455e-05 9.010516e-03
135.000 255.000 6.523782e+02 5.075087e+02 1.248997e-01 3.379042e+01 6.516772e+02 5.088208e+02 1.230993e-01 3.380699e+01 -2.887822e-01 3.574914e-03 3.766692e-05 1.224258e-02
135.000 285.000 7.310172e+02 4.439924e+02 2.442744e-01 3.323999e+01 7.312505e+02 4.426338e+02 2.458648e-01 3.321029e+01 -2.982031e-01 3.910907e-03 -3.384615e-05 1.632003e-02
135.000 315.000 5.649450e+02 4.615283e+02 1.007495e-01 3.187560e+01 5.678878e+02 4.585791e+02 1.064903e-01 3.185634e+01 -2.277207e-01 4.074204e-03 -1.273884e-04 1.030475e-02
135.000 345.000 6.363214e+02 6.126752e+02 1.893212e-02 3.533481e+01 6.383380e+02 6.098517e+02 2.282212e-02 3.532053e+01 -9.622078e-02 3.922742e-03 -7.786098e-05 3.258908e-03
165.000 15.000 1.622699e+02 1.805840e+02 -5.341643e-02 1.848988e+01 1.632259e+02 1.797438e+02 -4.816125e-02 1.849795e+01 5.471758e-02 2.972373e-03 -2.009295e-04 -5.848281e-03
165.000 45.000 1.404013e+02 1.947661e+02 -1.622018e-01 1.806514e+01 1.415429e+02 1.940992e+02 -1.565843e-01 1.809455e+01 1.727876e-01 4.407486e-03 -2.197017e-04 -1.854341e-02
165.000 75.000 1.500144e+02 1.871755e+02 -1.102080e-01 1.825088e+01 1.505720e+02 1.868949e+02 -1.076339e-01 1.826355e+01 2.445594e-01 4.967383e-03 -9.969620e-05 -1.943838e-02
165.000 105.000 1.160904e+02 2.255730e+02 -3.204399e-01 1.750945e+01 1.169335e+02 2.259094e+02 -3.178597e-01 1.755574e+01 2.508017e-01 4.396922e-03 -1.040629e-04 -3.262476e-02
165.000 135.000 1.816355e+02 1.638695e+02 5.142021e-02 1.856318e+01 1.806684e+02 1.648021e+02 4.592679e-02 1.856722e+01 1.898418e-01 2.956685e-03 2.092321e-04 -7.456786e-03
165.000 165.000 1.392550e+02 1.555765e+02 -5.535880e-02 1.714433e+01 1.385970e+02 1.565708e+02 -6.089375e-02 1.714857e+01 7.801404e-02 1.868964e-03 2.282572e-04 -7.779415e-03
165.000 195.000 1.445007e+02 1.943656e+02 -1.471521e-01 1.820793e+01 1.435225e+02 1.956848e+02 -1.537771e-01 1.819851e+01 -5.471756e-02 2.972373e-03 2.573483e-04 -5.076611e-03
165.000 225.000 2.125764e+02 1.830581e+02 7.461017e-02 1.983512e+01 2.109925e+02 1.846278e+02 6.664144e-02 1.984599e+01 -1.727876e-01 4.407486e-03 2.840012e-04 1.247271e-02
165.000 255.000 1.650964e+02 1.561027e+02 2.800022e-02 1.791500e+01 1.649474e+02 1.559158e+02 2.814769e-02 1.790556e+01 -2.445594e-01 4.967383e-03 -5.822182e-06 1.521404e-02
165.000 285.000 1.720404e+02 1.417198e+02 9.663637e-02 1.763038e+01 1.716823e+02 1.412910e+02 9.710510e-02 1.760745e+01 -2.508017e-01 4.396922e-03 -1.881179e-05 1.970679e-02
165.000 315.000 1.720897e+02 1.801456e+02 -2.287084e-02 1.876302e+01 1.718925e+02 1.799836e+02 -2.299399e-02 1.875340e+01 -1.898418e-01 2.956685e-03 4.642075e-06 8.898939e-03
165.000 345.000 1.889674e+02 1.656919e+02 6.562751e-02 1.879180e+01 1.895581e+02 1.653232e+02 6.829005e-02 1.879431e+01 -7.801405e-02 1.868964e-03 -1.001808e-04 7.643842e-03
195.000 15.000 1.356295e+02 1.535462e+02 -6.195782e-02 1.697250e+01 1.352561e+02 1.535586e+02 -6.337122e-02 1.696039e+01 7.801402e-02 1.868963e-03 5.890587e-05 -8.246980e-03
195.000 45.000 1.776523e+02 1.835359e+02 -1.628946e-02 1.900243e+01 1.777332e+02 1.838957e+02 -1.704097e-02 1.901378e+01 1.898418e-01 2.956685e-03 2.795642e-05 -1.084763e-02
195.000 75.000 1.889649e+02 1.676066e+02 5.989920e-02 1.884919e+01 1.916549e+02 1.663321e+02 7.073660e-02 1.887315e+01 2.508017e-01 4.396922e-03 -4.062948e-04 -1.012788e-02
195.000 105.000 2.005427e+02 2.491681e+02 -1.081258e-01 2.108206e+01 2.023843e+02 2.489717e+02 -1.032166e-01 2.113167e+01 2.445594e-01 4.967383e-03 -1.644640e-04 -1.672917e-02
195.000 135.000 1.392955e+02 2.007882e+02 -1.808166e-01 1.813739e+01 1.392209e+02 1.994537e+02 -1.778486e-01 1.810973e+01 1.727877e-01 4.407486e-03 -1.157984e-04 -1.949588e-02
195.000 165.000 1.577012e+02 1.842846e+02 -7.773251e-02 1.843690e+01 1.584145e+02 1.829621e+02 -7.190777e-02 1.842855e+01 5.471759e-02 2.972373e-03 -2.234459e-04 -7.183967e-03
195.000 195.000 1.646279e+02 2.082976e+02 -1.171002e-01 1.917842e+01 1.651226e+02 2.075185e+02 -1.137715e-01 1.917857e+01 -7.801400e-02 1.868963e-03 -1.227277e-04 -2.038028e-03
195.000 225.000 1.618035e+02 1.605839e+02 3.783168e-03 1.795502e+01 1.625460e+02 1.607619e+02 5.518232e-03 1.798049e+01 -1.898418e-01 2.956685e-03 -6.828206e-05 1.078389e-02
195.000 255.000 1.582682e+02 1.456903e+02 4.138027e-02 1.741947e+01 1.586683e+02 1.464651e+02 3.999294e-02 1.745409e+01 -2.508017e-01 4.396922e-03 5.625975e-05 1.677329e-02
195.000 285.000 2.077083e+02 1.884765e+02 4.854254e-02 1.988093e+01 2.057616e+02 1.891896e+02 4.195970e-02 1.985588e+01 -2.445594e-01 4.967383e-03 2.342801e-04 1.474287e-02
195.000 315.000 2.383561e+02 1.292656e+02 2.967468e-01 1.830982e+01 2.371079e+02 1.292096e+02 2.945486e-01 1.829033e+01 -1.727877e-01 4.407487e-03 8.493958e-05 2.564386e-02
195.000 345.000 1.981691e+02 1.829985e+02 3.980032e-02 1.950804e+01 1.967210e+02 1.839812e+02 3.346392e-02 1.950067e+01 -5.471761e-02 2.972373e-03 2.297183e-04 4.845074e-03
225.000 15.000 6.532672e+02 6.118526e+02 3.273567e-02 3.554946e+01 6.494187e+02 6.138162e+02 2.818363e-02 3.552790e+01 9.622075e-02 3.922742e-03 9.057125e-05 -1.785824e-03
225.000 45.000 5.595523e+02 6.832021e+02 -9.949660e-02 3.507779e+01 5.592218e+02 6.856767e+02 -1.015785e-01 3.510062e+01 2.277207e-01 4.074204e-03 4.195394e-05 -9.328332e-03
225.000 75.000 5.536491e+02 6.707622e+02 -9.564850e-02 3.483116e+01 5.523467e+02 6.707002e+02 -9.676938e-02 3.480796e+01 2.982031e-01 3.910906e-03 2.276269e-05 -1.130745e-02
225.000 105.000 4.577255e+02 6.379812e+02 -1.645108e-01 3.265046e+01 4.577340e+02 6.394429e+02 -1.656150e-01 3.266624e+01 2.887822e-01 3.574914e-03 2.390644e-05 -1.388320e-02
225.000 135.000 4.974951e+02 6.676531e+02 -1.460398e-01 3.376830e+01 5.005330e+02 6.666276e+02 -1.423066e-01 3.381603e+01 2.019824e-01 3.401292e-03 -7.811856e-05 -1.030618e-02
225.000 165.000 6.357420e+02 6.347115e+02 8.110878e-04 3.564341e+01 6.389876e+02 6.328960e+02 4.789481e-03 3.566307e+01 6.106151e-02 3.587859e-03 -7.890304e-05 -1.690366e-03
225.000 195.000 6.208675e+02 6.321905e+02 -9.036300e-03 3.539711e+01 6.232016e+02 6.291721e+02 -4.767400e-03 3.538849e+01 -9.622073e-02 3.922742e-03 -8.528764e-05 2.463038e-03
225.000 225.000 6.863461e+02 5.519047e+02 1.085736e-01 3.498077e+01 6.893365e+02 5.497021e+02 1.126957e-01 3.497574e+01 -2.277207e-01 4.074204e-03 -8.333139e-05 9.613692e-03
225.000 255.000 6.572399e+02 6.046597e+02 4.166746e-02 3.549238e+01 6.597025e+02 6.045875e+02 4.359368e-02 3.552305e+01 -2.982031e-01 3.910906e-03 -3.835909e-05 9.575875e-03
225.000 285.000 7.527828e+02 5.515985e+02 1.542373e-01 3.568405e+01 7.528473e+02 5.529411e+02 1.530923e-01 3.570972e+01 -2.887822e-01 3.574914e-03 2.268197e-05 1.241506e-02
225.000 315.000 7.115306e+02 5.504632e+02 1.276293e-01 3.523403e+01 7.100436e+02 5.531587e+02 1.241962e-01 3.526638e+01 -2.019824e-01 3.401292e-03 6.886799e-05 9.354925e-03
225.000 345.000 6.058390e+02 5.251249e+02 7.136756e-02 3.354405e+01 6.031684e+02 5.278563e+02 6.658751e-02 3.355607e+01 -6.106152e-02 3.587859e-03 1.007453e-04 3.947915e-03
255.000 15.000 1.346890e+03 1.302599e+03 1.671672e-02 5.146600e+01 1.358678e+03 1.292652e+03 2.490274e-02 5.147510e+01 9.509064e-02 3.804886e-03 -1.124603e-04 -1.522829e-03
255.000 45.000 1.043814e+03 1.249490e+03 -8.968543e-02 4.769547e+01 1.052023e+03 1.240106e+03 -8.205624e-02 4.771473e+01 2.544183e-01 3.700063e-03 -1.130834e-04 -7.214599e-03
255.000 75.000 9.331245e+02 1.275015e+03 -1.548320e-01 4.642418e+01 9.406507e+02 1.267551e+03 -1.480392e-01 4.647373e+01 3.455747e-01 3.646542e-03 -1.034086e-04 -1.077901e-02
255.000 105.000 1.022676e+03 1.499898e+03 -1.891805e-01 4.931828e+01 1.028011e+03 1.495073e+03 -1.851154e-01 4.936217e+01 3.441347e-01 3.700103e-03 -5.825787e-05 -1.081374e-02
255.000 135.000 1.208494e+03 1.472641e+03 -9.852076e-02 5.152776e+01 1.208530e+03 1.473627e+03 -9.883732e-02 5.153597e+01 2.504841e-01 3.804925e-03 4.343692e-06 -6.773142e-03
255.000 165.000 1.102957e+03 1.189123e+03 -3.759303e-02 4.784183e+01 1.096213e+03 1.194762e+03 -4.301614e-02 4.781983e+01 8.971647e-02 3.856249e-03 8.017258e-05 -2.661050e-03
255.000 195.000 1.365259e+03 1.135313e+03 9.195719e-02 4.979385e+01 1.354604e+03 1.145095e+03 8.381380e-02 4.982107e+01 -9.509062e-02 3.804886e-03 1.156102e-04 3.756444e-03
255.000 225.000 1.467861e+03 1.081046e+03 1.517575e-01 4.990195e+01 1.456881e+03 1.094650e+03 1.419663e-01 5.000106e+01 -2.544183e-01 3.700063e-03 1.386035e-04 8.139477e-03
255.000 255.000 1.360029e+03 1.040209e+03 1.332449e-01 4.855537e+01 1.352509e+03 1.047653e+03 1.270147e-01 4.859465e+01 -3.455747e-01 3.646542e-03 9.069271e-05 9.861312e-03
255.000 285.000 1.507784e+03 1.098803e+03 1.569030e-01 5.042238e+01 1.505806e+03 1.106688e+03 1.527727e-01 5.051257e+01 -3.441347e-01 3.700103e-03 5.786951e-05 9.936811e-03
255.000 315.000 1.490971e+03 1.010320e+03 1.921615e-01 4.908083e+01 1.492374e+03 1.007963e+03 1.937382e-01 4.905597e+01 -2.504841e-01 3.804925e-03 -2.272173e-05 9.018706e-03
255.000 345.000 1.196507e+03 1.072866e+03 5.448263e-02 4.756718e+01 1.202232e+03 1.066745e+03 5.971299e-02 4.754878e+01 -8.971649e-02 3.856249e-03 -7.776658e-05 3.031483e-03
285.000 15.000 1.241512e+03 1.429785e+03 -7.048014e-02 5.155606e+01 1.262686e+03 1.408104e+03 -5.444766e-02 5.160303e+01 1.006770e-01 3.856249e-03 -2.197901e-04 -3.319827e-03
285.000 45.000 9.669445e+02 1.326899e+03 -1.569219e-01 4.730072e+01 9.911723e+02 1.302518e+03 -1.357400e-01 4.744922e+01 2.798962e-01 3.804925e-03 -3.161557e-04 -9.234915e-03
285.000 75.000 1.104578e+03 1.395262e+03 -1.162811e-01 4.965922e+01 1.133594e+03 1.371216e+03 -9.486643e-02 4.982236e+01 3.841175e-01 3.700103e-03 -3.044275e-04 -1.007665e-02
285.000 105.000 1.057392e+03 1.431745e+03 -1.503945e-01 4.932380e+01 1.074088e+03 1.413440e+03 -1.364211e-01 4.940884e+01 3.854147e-01 3.646541e-03 -2.001510e-04 -1.086310e-02
285.000 135.000 1.127510e+03 1.343909e+03 -8.756076e-02 4.952243e+01 1.131556e+03 1.336997e+03 -8.322328e-02 4.951217e+01 2.834404e-01 3.700063e-03 -6.193923e-05 -7.491579e-03
285.000 165.000 1.163730e+03 1.287049e+03 -5.031839e-02 4.944263e+01 1.155495e+03 1.298191e+03 -5.815561e-02 4.945086e+01 1.055185e-01 3.804886e-03 1.120751e-04 -3.151873e-03
285.000 195.000 1.237563e+03 1.153818e+03 3.501951e-02 4.887175e+01 1.218559e+03 1.173348e+03 1.890144e-02 4.889839e+01 -1.006770e-01 3.856249e-03 2.331427e-04 2.776584e-03
285.000 225.000 1.400619e+03 1.086732e+03 1.261932e-01 4.947465e+01 1.374026e+03 1.114061e+03 1.044841e-01 4.960771e+01 -2.798962e-01 3.804925e-03 3.098559e-04 8.208031e-03
285.000 255.000 1.307080e+03 9.872760e+02 1.393873e-01 4.743184e+01 1.283751e+03 1.011272e+03 1.187260e-01 4.756755e+01 -3.841175e-01 3.700103e-03 3.075754e-04 1.103699e-02
285.000 285.000 1.260891e+03 1.136056e+03 5.208079e-02 4.889218e+01 1.247037e+03 1.157696e+03 3.715237e-02 4.900422e+01 -3.854147e-01 3.646541e-03 2.156562e-04 8.948171e-03
285.000 315.000 1.542881e+03 1.023404e+03 2.024240e-01 4.960978e+01 1.535023e+03 1.029713e+03 1.970221e-01 4.965057e+01 -2.834405e-01 3.700063e-03 7.696368e-05 9.793723e-03
285.000 345.000 1.233395e+03 1.052687e+03 7.904698e-02 4.766337e+01 1.241622e+03 1.044102e+03 8.641441e-02 4.763040e+01 -1.055185e-01 3.804886e-03 -1.093369e-04 3.872271e-03
315.000 15.000 5.456088e+02 5.657038e+02 -1.808217e-02 3.333090e+01 5.511009e+02 5.623031e+02 -1.006118e-02 3.336602e+01 1.218536e-01 3.587859e-03 -1.700738e-04 -4.198380e-03
315.000 45.000 6.486712e+02 8.673176e+02 -1.442269e-01 3.852861e+01 6.604323e+02 8.553318e+02 -1.285817e-01 3.860963e+01 3.181823e-01 3.401291e-03 -2.868318e-04 -1.200171e-02
315.000 75.000 4.999379e+02 8.646593e+02 -2.672740e-01 3.559658e+01 5.110110e+02 8.540220e+02 -2.512840e-01 3.576087e+01 4.292544e-01 3.574914e-03 -3.169003e-04 -1.956728e-02
315.000 105.000 6.620799e+02 7.845961e+02 -8.468810e-02 3.789855e+01 6.711206e+02 7.750370e+02 -7.185692e-02 3.793007e+01 4.253080e-01 3.910907e-03 -2.393031e-04 -1.345688e-02
315.000 135.000 7.396026e+02 7.136954e+02 1.782648e-02 3.811609e+01 7.479357e+02 7.078175e+02 2.755844e-02 3.813984e+01 3.074007e-01 4.074204e-03 -1.804851e-04 -7.597166e-03
315.000 165.000 7.222990e+02 6.944697e+02 1.964275e-02 3.763273e+01 7.224124e+02 6.943063e+02 1.983888e-02 3.763192e+01 1.071257e-01 3.922742e-03 -3.685306e-06 -2.324650e-03
315.000 195.000 8.065056e+02 7.242639e+02 5.372573e-02 3.906854e+01 7.996622e+02 7.310755e+02 4.480633e-02 3.908535e+01 -1.218536e-01 3.587859e-03 1.613985e-04 4.494136e-03
315.000 225.000 9.408362e+02 5.435364e+02 2.676550e-01 3.712187e+01 9.288346e+02 5.540260e+02 2.527606e-01 3.725753e+01 -3.181823e-01 3.401291e-03 2.831960e-04 1.578146e-02
315.000 255.000 6.792355e+02 5.143219e+02 1.381699e-01 3.421654e+01 6.694255e+02 5.260996e+02 1.198853e-01 3.432699e+01 -4.292544e-01 3.574914e-03 3.772523e-04 1.658333e-02
315.000 285.000 8.526169e+02 5.672677e+02 2.009665e-01 3.691259e+01 8.416111e+02 5.778397e+02 1.858264e-01 3.701939e+01 -4.253080e-01 3.910907e-03 2.896089e-04 1.696642e-02
315.000 315.000 7.490654e+02 4.951633e+02 2.040639e-01 3.453138e+01 7.435027e+02 4.992435e+02 1.965479e-01 3.456498e+01 -3.074007e-01 4.074204e-03 1.538316e-04 1.481159e-02
315.000 345.000 8.445540e+02 7.399885e+02 6.599102e-02 3.971954e+01 8.444233e+02 7.404793e+02 6.558386e-02 3.972513e+01 -1.071257e-01 3.922742e-03 7.247984e-06 4.358477e-03
345.000 15.000 4.156377e+02 4.691580e+02 -6.048891e-02 2.969105e+01 4.156320e+02 4.689299e+02 -6.025345e-02 2.968755e+01 1.309348e-01 2.972373e-03 -5.607787e-06 -6.447187e-03
345.000 45.000 3.757315e+02 5.922611e+02 -2.236893e-01 3.032420e+01 3.759662e+02 5.912773e+02 -2.226028e-01 3.032020e+01 3.446398e-01 4.407486e-03 -2.533628e-05 -1.874176e-02
345.000 75.000 3.273679e+02 6.057400e+02 -2.983279e-01 2.915582e+01 3.294983e+02 6.030932e+02 -2.933706e-01 2.919464e+01 4.659988e-01 4.967383e-03 -1.201484e-04 -2.621524e-02
345.000 105.000 4.571105e+02 7.315694e+02 -2.308939e-01 3.354563e+01 4.587918e+02 7.294769e+02 -2.277979e-01 3.356497e+01 4.624938e-01 4.396921e-03 -6.524075e-05 -2.066999e-02
345.000 135.000 3.624168e+02 5.671408e+02 -2.202382e-01 2.974003e+01 3.642337e+02 5.657837e+02 -2.167163e-01 2.977143e+01 3.350640e-01 2.956685e-03 -8.369120e-05 -1.867187e-02
345.000 165.000 4.419176e+02 4.329538e+02 1.024592e-02 2.957667e+01 4.426636e+02 4.321795e+02 1.198399e-02 2.957562e+01 1.178540e-01 1.868964e-03 -4.155366e-05 -3.638277e-03
345.000 195.000 4.039498e+02 4.255267e+02 -2.601278e-02 2.879089e+01 4.039036e+02 4.257070e+02 -2.628144e-02 2.879301e+01 -1.309348e-01 2.972373e-03 6.598014e-06 3.644279e-03
345.000 225.000 6.993106e+02 3.339274e+02 3.536292e-01 3.006706e+01 6.971835e+02 3.343210e+02 3.517798e-01 3.006421e+01 -3.446398e-01 4.407486e-03 4.349606e-05 2.322372e-02
345.000 255.000 5.031825e+02 3.449616e+02 1.865495e-01 2.861168e+01 5.019215e+02 3.465794e+02 1.830782e-01 2.863671e+01 -4.659988e-01 4.967383e-03 8.575193e-05 2.280706e-02
345.000 285.000 6.078960e+02 4.324653e+02 1.686248e-01 3.179276e+01 6.059850e+02 4.339434e+02 1.654360e-01 3.180356e+01 -4.624938e-01 4.396922e-03 7.090996e-05 1.985102e-02
345.000 315.000 5.431712e+02 5.037516e+02 3.765283e-02 3.233324e+01 5.413433e+02 5.059308e+02 3.381400e-02 3.234311e+01 -3.350640e-01 2.956685e-03 8.393989e-05 1.152736e-02
345.000 345.000 4.156828e+02 3.748192e+02 5.169321e-02 2.807828e+01 4.148298e+02 3.756608e+02 4.955021e-02 2.808113e+01 -1.178541e-01 1.868964e-03 5.396516e-05 6.038379e-03
