  #t  #Q2   A1M1_AVG      A_1M1     dA_1M1   A0P1_AVG      A_0P1     dA_0P1   A2M1_AVG      A_2M1     dA_2M1   A3M1_AVG      A_3M1     dA_3M1   A1P1_AVG      A_1P1     dA_1P1       Asym      Astat          t         tp         xb         Q2          W     Dilute
   7    0 -6.635e-02 -4.665e-02 2.5118e-03  4.042e-01  3.585e-01 2.4527e-03 -1.390e-02  2.020e-03 2.4747e-03 -2.790e-03  7.091e-03 2.4287e-03  4.167e-02  2.369e-02 2.4226e-03 -4.8713e-02 8.6667e-03 1.0783e+00 1.4145e-01 5.8441e-01 7.0028e+00 2.3015e+00 5.1621e-01
   Phi   PhiS      N_U_avg      N_D_avg     Asym_avg    dAsym_avg      N_U_fit      N_D_fit     Asym_fit    dAsym_fit     Asym_cal    dAsym_cal     GOOD_fit     GOOD_cal
15.000 15.000 1.255855e+02 2.961804e+01 6.183328e-01 9.791001e+00 1.261835e+02 2.946437e+01 6.213972e-01 9.774809e+00 1.086999e-01 1.937811e-03 -2.214893e-04 5.205115e-02
15.000 45.000 3.010256e+01 5.019819e+01 -2.502546e-01 8.675928e+00 3.113276e+01 4.923364e+01 -2.252294e-01 8.734389e+00 2.968161e-01 3.065475e-03 -2.032754e-03 -6.305616e-02
15.000 75.000 3.694713e+01 4.767217e+01 -1.267445e-01 9.124690e+00 3.848490e+01 4.635964e+01 -9.281372e-02 9.171350e+00 4.054006e-01 4.555252e-03 -2.622711e-03 -5.831925e-02
15.000 105.000 5.523732e+01 5.243196e+01 2.605534e-02 1.037286e+01 5.849647e+01 5.107602e+01 6.772183e-02 1.044366e+01 4.053584e-01 5.144072e-03 -2.830683e-03 -3.656687e-02
15.000 135.000 5.022413e+01 3.085595e+02 -7.200311e-01 1.314436e+01 5.190273e+01 3.002737e+02 -7.052459e-01 1.330465e+01 2.967007e-01 4.562834e-03 -7.905405e-04 -7.735119e-02
15.000 165.000 4.349542e+01 1.643836e+02 -5.815315e-01 1.172940e+01 4.419493e+01 1.634014e+02 -5.742225e-01 1.179599e+01 1.085423e-01 3.076731e-03 -4.393719e-04 -5.883285e-02
15.000 195.000 6.419701e+01 3.809445e+01 2.551783e-01 9.779093e+00 6.399692e+01 3.844973e+01 2.493706e-01 9.801833e+00 -1.086999e-01 1.937811e-03 4.194492e-04 3.720981e-02
15.000 225.000 7.725646e+01 5.643738e+00 8.638426e-01 4.586729e+00 7.548210e+01 5.807929e+00 8.571060e-01 4.644554e+00 -2.968161e-01 3.065475e-03 1.032013e-03 2.530471e-01
15.000 255.000 1.388123e+02 3.896702e+01 5.616249e-01 1.103194e+01 1.340570e+02 4.078179e+01 5.334926e-01 1.118379e+01 -4.054006e-01 4.555252e-03 1.790810e-03 8.765687e-02
15.000 285.000 2.171152e+01 2.417243e+02 -8.351665e-01 8.926842e+00 2.114375e+01 2.531982e+02 -8.458584e-01 8.834973e+00 -4.053584e-01 5.144072e-03 8.512889e-04 -4.814782e-02
15.000 315.000 3.161525e+01 5.744701e+01 -2.900417e-01 9.031610e+00 3.087747e+01 5.958695e+01 -3.173566e-01 9.019605e+00 -2.967007e-01 4.562834e-03 2.139975e-03 7.373070e-04
15.000 345.000 5.180837e+01 4.121517e+01 1.138766e-01 9.582130e+00 5.114447e+01 4.196247e+01 9.861782e-02 9.602158e+00 -1.085423e-01 3.076731e-03 1.124835e-03 2.321184e-02
45.000 15.000 4.935213e+01 4.743668e+01 1.978997e-02 9.836204e+00 4.892459e+01 4.820561e+01 7.402248e-03 9.855195e+00 9.806992e-02 4.064461e-03 8.896713e-04 -7.958350e-03
45.000 45.000 2.126139e+02 6.972205e+01 5.061058e-01 1.449198e+01 2.187673e+02 6.854362e+01 5.228610e-01 1.444870e+01 2.857071e-01 4.223448e-03 -8.187575e-04 1.520831e-02
45.000 75.000 6.478186e+01 5.515632e+01 8.025420e-02 1.091630e+01 6.647056e+01 5.378318e+01 1.055050e-01 1.090482e+01 3.967893e-01 4.052896e-03 -1.636491e-03 -2.899655e-02
45.000 105.000 7.694927e+01 4.563077e+02 -7.113989e-01 1.622904e+01 8.007211e+01 4.452412e+02 -6.951453e-01 1.647628e+01 4.015522e-01 3.700912e-03 -7.028039e-04 -6.857775e-02
45.000 135.000 1.648851e+02 8.793088e+01 3.043883e-01 1.514569e+01 1.713284e+02 8.592737e+01 3.319694e-01 1.512962e+01 2.987194e-01 3.518391e-03 -1.288362e-03 3.742910e-04
45.000 165.000 1.182764e+02 4.630470e+01 4.373023e-01 1.153723e+01 1.197304e+02 4.588873e+01 4.458523e-01 1.151940e+01 1.158451e-01 3.713573e-03 -5.244297e-04 2.786259e-02
45.000 195.000 8.198058e+01 1.768725e+02 -3.665860e-01 1.496887e+01 8.159084e+01 1.767080e+02 -3.682447e-01 1.494230e+01 -9.806990e-02 4.064461e-03 7.842014e-05 -1.793830e-02
45.000 225.000 5.360762e+01 5.200102e+01 1.521273e-02 1.027542e+01 5.279181e+01 5.301184e+01 -2.079625e-03 1.028607e+01 -2.857071e-01 4.223448e-03 1.189363e-03 2.928541e-02
45.000 255.000 1.024241e+02 1.881908e+02 -2.951216e-01 1.628813e+01 1.001286e+02 1.951804e+02 -3.218724e-01 1.627005e+01 -3.967893e-01 4.052896e-03 1.161960e-03 6.241829e-03
45.000 285.000 3.787191e+01 6.433641e+01 -2.589271e-01 9.765037e+00 3.685526e+01 6.700076e+01 -2.902624e-01 9.752226e+00 -4.015522e-01 3.700912e-03 2.270546e-03 1.460569e-02
45.000 315.000 1.182947e+02 2.134894e+02 -2.869177e-01 1.744910e+01 1.157375e+02 2.204800e+02 -3.115322e-01 1.742374e+01 -2.987195e-01 3.518391e-03 9.982017e-04 6.763518e-04
45.000 345.000 2.368696e+02 7.136422e+01 5.369475e-01 1.481101e+01 2.330715e+02 7.232613e+01 5.263478e-01 1.485899e+01 -1.158451e-01 3.713573e-03 5.052332e-04 4.407481e-02
75.000 15.000 1.151588e+02 1.556614e+02 -1.495552e-01 1.627153e+01 1.160028e+02 1.550610e+02 -1.440919e-01 1.629220e+01 7.395940e-02 3.942149e-03 -2.372653e-04 -1.373654e-02
75.000 45.000 1.401401e+02 2.012700e+02 -1.790511e-01 1.817869e+01 1.422703e+02 1.990089e+02 -1.662528e-01 1.821665e+01 2.526401e-01 3.834162e-03 -4.973050e-04 -2.374710e-02
75.000 75.000 1.484682e+02 1.757034e+02 -8.401468e-02 1.794111e+01 1.516137e+02 1.728323e+02 -6.539945e-02 1.797383e+01 3.636261e-01 3.777374e-03 -7.330070e-04 -2.495056e-02
75.000 105.000 1.262990e+02 1.792659e+02 -1.733411e-01 1.721579e+01 1.294833e+02 1.764232e+02 -1.534452e-01 1.728305e+01 3.771788e-01 3.830934e-03 -8.155917e-04 -3.197760e-02
75.000 135.000 1.411215e+02 1.815810e+02 -1.253771e-01 1.782217e+01 1.428043e+02 1.793518e+02 -1.134467e-01 1.783283e+01 2.896667e-01 3.939009e-03 -4.732037e-04 -2.328806e-02
75.000 165.000 9.675447e+01 1.786607e+02 -2.973919e-01 1.584478e+01 9.696444e+01 1.777077e+02 -2.939622e-01 1.584098e+01 1.245387e-01 3.993499e-03 -1.530768e-04 -2.662900e-02
75.000 195.000 1.556065e+02 9.421026e+01 2.457650e-01 1.532083e+01 1.550915e+02 9.494736e+01 2.405391e-01 1.534835e+01 -7.395938e-02 3.942149e-03 2.409765e-04 2.086861e-02
75.000 225.000 1.479197e+02 1.102711e+02 1.458171e-01 1.589657e+01 1.472756e+02 1.122432e+02 1.349900e-01 1.596214e+01 -2.526401e-01 3.834162e-03 4.806175e-04 2.506561e-02
75.000 255.000 2.669491e+02 1.170712e+02 3.902863e-01 1.804231e+01 2.622080e+02 1.194598e+02 3.740115e-01 1.811845e+01 -3.636261e-01 3.777374e-03 6.364909e-04 4.178579e-02
75.000 285.000 2.189093e+02 1.232944e+02 2.794093e-01 1.776198e+01 2.164854e+02 1.252089e+02 2.671293e-01 1.781324e+01 -3.771788e-01 3.830934e-03 4.881629e-04 3.696592e-02
75.000 315.000 1.205750e+02 1.256244e+02 -2.050936e-02 1.568744e+01 1.189916e+02 1.276443e+02 -3.508286e-02 1.569498e+01 -2.896667e-01 3.939009e-03 6.567386e-04 1.715751e-02
75.000 345.000 1.885777e+02 1.579384e+02 8.842112e-02 1.854203e+01 1.879700e+02 1.585386e+02 8.493711e-02 1.854747e+01 -1.245387e-01 3.993499e-03 1.328443e-04 1.148525e-02
105.000 15.000 1.246707e+02 1.868527e+02 -1.996062e-01 1.729484e+01 1.254595e+02 1.861698e+02 -1.948157e-01 1.731479e+01 5.998897e-02 3.993499e-03 -1.957497e-04 -1.500998e-02
105.000 45.000 1.325447e+02 1.566988e+02 -8.350801e-02 1.694776e+01 1.318975e+02 1.563083e+02 -8.469949e-02 1.691562e+01 2.183745e-01 3.939009e-03 4.975891e-05 -1.781254e-02
105.000 75.000 1.526754e+02 1.340380e+02 6.500382e-02 1.689680e+01 1.532068e+02 1.339350e+02 6.711596e-02 1.690705e+01 3.182468e-01 3.830934e-03 -8.836322e-05 -1.498763e-02
105.000 105.000 1.380783e+02 1.548684e+02 -5.731452e-02 1.708755e+01 1.378363e+02 1.547226e+02 -5.771910e-02 1.707584e+01 3.328451e-01 3.777374e-03 1.674792e-05 -2.283297e-02
105.000 135.000 1.437163e+02 1.622083e+02 -6.044656e-02 1.745872e+01 1.425952e+02 1.627621e+02 -6.604362e-02 1.743633e+01 2.582578e-01 3.834162e-03 2.268356e-04 -1.825474e-02
105.000 165.000 1.209005e+02 1.407027e+02 -7.569564e-02 1.612775e+01 1.200485e+02 1.415303e+02 -8.212378e-02 1.611876e+01 1.144706e-01 3.942149e-03 2.819149e-04 -1.179124e-02
105.000 195.000 1.466805e+02 1.268260e+02 7.259216e-02 1.649440e+01 1.459701e+02 1.276553e+02 6.693398e-02 1.650453e+01 -5.998895e-02 3.993499e-03 2.424893e-04 8.037947e-03
105.000 225.000 1.602712e+02 9.622012e+01 2.497203e-01 1.550795e+01 1.599687e+02 9.658937e+01 2.470368e-01 1.552099e+01 -2.183745e-01 3.939009e-03 1.223064e-04 3.018418e-02
105.000 255.000 1.666400e+02 1.452612e+02 6.854365e-02 1.761919e+01 1.664150e+02 1.450116e+02 6.872718e-02 1.760556e+01 -3.182468e-01 3.830934e-03 -7.368398e-06 2.195279e-02
105.000 285.000 1.837385e+02 1.495675e+02 1.025213e-01 1.816047e+01 1.842800e+02 1.498236e+02 1.031310e-01 1.818104e+01 -3.328451e-01 3.777374e-03 -2.372639e-05 2.397329e-02
105.000 315.000 1.497194e+02 1.134500e+02 1.378179e-01 1.606769e+01 1.504275e+02 1.124928e+02 1.442821e-01 1.604516e+01 -2.582578e-01 3.834162e-03 -2.846748e-04 2.465044e-02
105.000 345.000 1.648894e+02 1.462424e+02 5.993262e-02 1.760722e+01 1.659646e+02 1.449431e+02 6.761339e-02 1.759223e+01 -1.144706e-01 3.942149e-03 -3.085912e-04 9.905210e-03
135.000 15.000 3.745669e+01 2.843360e+01 1.369411e-01 8.040812e+00 3.737705e+01 2.831536e+01 1.379413e-01 8.027604e+00 6.582587e-02 3.713573e-03 -8.803048e-05 8.844280e-03
135.000 45.000 1.755757e+01 1.871084e+01 -3.179817e-02 6.019280e+00 1.732352e+01 1.871408e+01 -3.858627e-02 5.998662e+00 2.054194e-01 3.518391e-03 7.987895e-04 -3.940962e-02
135.000 75.000 1.139532e+01 1.217138e+01 -3.293025e-02 4.851922e+00 1.110234e+01 1.227987e+01 -5.035992e-02 4.829380e+00 2.899710e-01 3.700912e-03 2.546063e-03 -6.655119e-02
135.000 105.000 3.570508e+01 3.703383e+01 -1.826736e-02 8.527288e+00 3.479994e+01 3.768702e+01 -3.982892e-02 8.507172e+00 2.968251e-01 4.052896e-03 1.790055e-03 -3.695107e-02
135.000 135.000 3.461157e+01 4.602184e+01 -1.415079e-01 8.889250e+00 3.409279e+01 4.631103e+01 -1.519609e-01 8.862682e+00 2.241451e-01 4.223448e-03 8.327435e-04 -4.113429e-02
135.000 165.000 2.292244e+01 3.161873e+01 -1.594446e-01 7.290720e+00 2.258118e+01 3.196943e+01 -1.721017e-01 7.275635e+00 9.140569e-02 4.064461e-03 1.228849e-03 -3.440678e-02
135.000 195.000 4.324844e+01 2.738625e+01 2.245666e-01 8.189784e+00 4.324236e+01 2.734876e+01 2.251502e-01 8.186127e+00 -6.582585e-02 3.713573e-03 -5.039741e-05 3.545789e-02
135.000 225.000 2.448513e+01 1.935998e+01 1.168921e-01 6.576171e+00 2.454305e+01 1.922495e+01 1.215065e-01 6.566720e+00 -2.054194e-01 3.518391e-03 -4.965249e-04 4.901203e-02
135.000 255.000 2.510207e+01 1.724169e+01 1.856326e-01 6.394107e+00 2.558825e+01 1.683931e+01 2.062089e-01 6.373653e+00 -2.899710e-01 3.700912e-03 -2.279121e-03 7.438154e-02
135.000 285.000 4.532320e+01 1.950330e+01 3.982923e-01 7.385299e+00 4.618288e+01 1.886687e+01 4.199250e-01 7.319773e+00 -2.968251e-01 4.052896e-03 -2.080431e-03 9.412176e-02
135.000 315.000 3.523347e+01 2.201195e+01 2.309621e-01 7.361505e+00 3.582985e+01 2.144193e+01 2.512218e-01 7.325109e+00 -2.241452e-01 4.223448e-03 -1.950859e-03 6.182257e-02
135.000 345.000 3.471439e+01 1.075857e+01 5.268146e-01 5.731726e+00 3.515941e+01 1.063668e+01 5.354766e-01 5.715307e+00 -9.140570e-02 4.064461e-03 -1.070138e-03 1.078593e-01
165.000 15.000 0.000000e+00 0.000000e+00         -nan         -nan 0.000000e+00 0.000000e+00         -nan         -nan 7.417426e-02 3.076731e-03         -nan         -nan
165.000 45.000 0.000000e+00 1.739173e+00 -1.000000e+00 2.000000e+00 0.000000e+00 1.772633e+00 -1.000000e+00 2.000000e+00 2.063925e-01 4.562834e-03 0.000000e+00 -6.031947e-01
165.000 75.000 1.921042e+00 3.122161e+00 -2.381659e-01 2.181086e+00 1.862626e+00 3.243475e+00 -2.704312e-01 2.175471e+00 2.833081e-01 5.144072e-03 1.047389e-02 -2.390884e-01
165.000 105.000 3.743629e+00 2.939716e+00 1.202861e-01 2.566446e+00 3.599808e+00 3.009961e+00 8.923866e-02 2.560690e+00 2.843115e-01 4.555252e-03 8.563779e-03 -6.391139e-02
165.000 135.000 0.000000e+00 1.746462e+00 -1.000000e+00 2.000000e+00 0.000000e+00 1.793408e+00 -1.000000e+00 2.000000e+00 2.091338e-01 3.065475e-03 0.000000e+00 -6.045662e-01
165.000 165.000 0.000000e+00 1.645648e+00 -1.000000e+00 2.000000e+00 0.000000e+00 1.657296e+00 -1.000000e+00 2.000000e+00 7.791896e-02 1.937811e-03 0.000000e+00 -5.389592e-01
165.000 195.000 1.565865e+00 5.488349e+00 -5.560484e-01 2.207515e+00 1.580758e+00 5.497952e+00 -5.533769e-01 2.216083e+00 -7.417424e-02 3.076731e-03 -8.540748e-04 -2.182878e-01
165.000 225.000 0.000000e+00 0.000000e+00         -nan         -nan 0.000000e+00 0.000000e+00         -nan         -nan -2.063925e-01 4.562834e-03         -nan         -nan
165.000 255.000 3.260748e+00 0.000000e+00 1.000000e+00 2.000000e+00 3.273174e+00 0.000000e+00 1.000000e+00 2.000000e+00 -2.833081e-01 5.144072e-03 0.000000e+00 6.416519e-01
165.000 285.000 0.000000e+00 1.401736e+00 -1.000000e+00 2.000000e+00 0.000000e+00 1.346681e+00 -1.000000e+00 2.000000e+00 -2.843115e-01 4.555252e-03 0.000000e+00 -3.578433e-01
165.000 315.000 1.715520e+00 2.223916e+00 -1.290530e-01 1.968204e+00 1.737718e+00 2.134280e+00 -1.024179e-01 1.957392e+00 -2.091338e-01 3.065475e-03 -9.595375e-03 4.068723e-02
165.000 345.000 0.000000e+00 0.000000e+00         -nan         -nan 0.000000e+00 0.000000e+00         -nan         -nan -7.791897e-02 1.937811e-03         -nan         -nan
195.000 15.000 1.540045e+00 0.000000e+00 1.000000e+00 2.000000e+00 1.527074e+00 0.000000e+00 1.000000e+00 2.000000e+00 7.791894e-02 1.937811e-03 0.000000e+00 4.610403e-01
195.000 45.000 0.000000e+00 0.000000e+00         -nan         -nan 0.000000e+00 0.000000e+00         -nan         -nan 2.091338e-01 3.065475e-03         -nan         -nan
195.000 75.000 0.000000e+00 3.477491e+00 -1.000000e+00 2.000000e+00 0.000000e+00 3.562443e+00 -1.000000e+00 2.000000e+00 2.843115e-01 4.555252e-03 0.000000e+00 -6.421541e-01
195.000 105.000 2.778662e+00 4.063757e+00 -1.878130e-01 2.569253e+00 2.651229e+00 3.857909e+00 -1.853826e-01 2.507078e+00 2.833081e-01 5.144072e-03 -6.770442e-04 -1.833685e-01
195.000 135.000 3.383117e+00 5.507233e+00 -2.389238e-01 2.895315e+00 3.277942e+00 5.376227e+00 -2.424595e-01 2.854018e+00 2.063925e-01 4.562834e-03 8.696888e-04 -1.538056e-01
195.000 165.000 1.838580e+00 3.027699e+00 -2.443590e-01 2.139090e+00 1.834937e+00 3.025640e+00 -2.449715e-01 2.137496e+00 7.417427e-02 3.076730e-03 2.025416e-04 -1.489105e-01
195.000 195.000 8.623798e+00 0.000000e+00 1.000000e+00 2.000000e+00 8.545099e+00 0.000000e+00 1.000000e+00 2.000000e+00 -7.791893e-02 1.937811e-03 0.000000e+00 5.389592e-01
195.000 225.000 3.877849e+00 0.000000e+00 1.000000e+00 2.000000e+00 3.978596e+00 0.000000e+00 1.000000e+00 2.000000e+00 -2.091338e-01 3.065475e-03 0.000000e+00 6.045662e-01
195.000 255.000 4.588811e+00 2.397477e+00 3.136621e-01 2.509771e+00 4.767562e+00 2.354252e+00 3.388618e-01 2.510784e+00 -2.843115e-01 4.555252e-03 -7.098371e-03 2.382578e-01
195.000 285.000 0.000000e+00 1.725853e+00 -1.000000e+00 2.000000e+00 0.000000e+00 1.689126e+00 -1.000000e+00 2.000000e+00 -2.833081e-01 5.144072e-03 0.000000e+00 -3.583448e-01
195.000 315.000 5.964482e+00 0.000000e+00 1.000000e+00 2.000000e+00 6.141013e+00 0.000000e+00 1.000000e+00 2.000000e+00 -2.063925e-01 4.562834e-03 0.000000e+00 6.031947e-01
195.000 345.000 3.835579e+00 1.917190e+00 3.334722e-01 2.261203e+00 3.845203e+00 1.906742e+00 3.370098e-01 2.258022e+00 -7.417429e-02 3.076731e-03 -1.107009e-03 1.802784e-01
225.000 15.000 3.179438e+01 2.932370e+01 4.042472e-02 7.811415e+00 3.138799e+01 2.961948e+01 2.898849e-02 7.807445e+00 9.140567e-02 4.064461e-03 1.035496e-03 -6.526467e-03
225.000 45.000 3.260696e+01 2.436934e+01 1.445797e-01 7.468956e+00 3.187213e+01 2.480400e+01 1.247110e-01 7.469582e+00 2.241451e-01 4.223448e-03 1.880953e-03 -1.065281e-02
225.000 75.000 2.962262e+01 2.150567e+01 1.587566e-01 7.059722e+00 2.912548e+01 2.217629e+01 1.354570e-01 7.096510e+00 2.968251e-01 4.052896e-03 2.327627e-03 -1.955721e-02
225.000 105.000 1.533821e+01 2.889391e+01 -3.064672e-01 6.330698e+00 1.484181e+01 2.931094e+01 -3.277064e-01 6.277828e+00 2.899710e-01 3.700912e-03 2.382232e-03 -9.421364e-02
225.000 135.000 2.113915e+01 2.186332e+01 -1.684008e-02 6.556697e+00 2.092341e+01 2.209303e+01 -2.719008e-02 6.556267e+00 2.054194e-01 3.518391e-03 1.116232e-03 -3.389809e-02
225.000 165.000 3.249339e+01 2.606467e+01 1.097838e-01 7.606069e+00 3.261647e+01 2.608319e+01 1.113001e-01 7.613968e+00 6.582589e-02 3.713573e-03 -1.408988e-04 5.779315e-03
225.000 195.000 2.085745e+01 1.956480e+01 3.197871e-02 6.354598e+00 2.113807e+01 1.927040e+01 4.621964e-02 6.349972e+00 -9.140565e-02 4.064461e-03 -1.585234e-03 1.941654e-02
225.000 225.000 3.919791e+01 2.475251e+01 2.258844e-01 7.790214e+00 3.997491e+01 2.418934e+01 2.460183e-01 7.764065e+00 -2.241451e-01 4.223448e-03 -1.830598e-03 5.776855e-02
225.000 255.000 3.945869e+01 2.553049e+01 2.143156e-01 7.874271e+00 4.039767e+01 2.495013e+01 2.363895e-01 7.854691e+00 -2.968251e-01 4.052896e-03 -1.984692e-03 6.491276e-02
225.000 285.000 2.689583e+01 2.058326e+01 1.329547e-01 6.829334e+00 2.749158e+01 2.013605e+01 1.544384e-01 6.818479e+00 -2.899710e-01 3.700912e-03 -2.226182e-03 6.192781e-02
225.000 315.000 3.367854e+01 1.344602e+01 4.293413e-01 6.199831e+00 3.392346e+01 1.330989e+01 4.364198e-01 6.183622e+00 -2.054194e-01 3.518391e-03 -8.083694e-04 1.023835e-01
225.000 345.000 2.038954e+01 1.817114e+01 5.753035e-02 6.199440e+00 2.032224e+01 1.820535e+01 5.494465e-02 6.197683e+00 -6.582590e-02 3.713573e-03 2.949660e-04 1.989796e-02
255.000 15.000 1.400994e+02 1.335569e+02 2.390762e-02 1.653783e+01 1.390595e+02 1.343847e+02 1.709588e-02 1.653373e+01 1.144706e-01 3.942149e-03 2.912848e-04 -5.476107e-03
255.000 45.000 1.435131e+02 1.806958e+02 -1.146875e-01 1.788699e+01 1.425208e+02 1.819897e+02 -1.216259e-01 1.788044e+01 2.582578e-01 3.834162e-03 2.743364e-04 -2.085009e-02
255.000 75.000 1.320982e+02 2.323472e+02 -2.750727e-01 1.835401e+01 1.312590e+02 2.325927e+02 -2.785026e-01 1.832021e+01 3.328451e-01 3.777374e-03 1.322602e-04 -3.312180e-02
255.000 105.000 9.255152e+01 1.546664e+02 -2.512557e-01 1.521878e+01 9.226341e+01 1.545504e+02 -2.523643e-01 1.520180e+01 3.182468e-01 3.830934e-03 5.153450e-05 -3.742104e-02
255.000 135.000 1.686403e+02 1.951572e+02 -7.288921e-02 1.902274e+01 1.696204e+02 1.947106e+02 -6.886630e-02 1.904214e+01 2.183745e-01 3.939009e-03 -1.494619e-04 -1.531134e-02
255.000 165.000 1.247074e+02 2.038932e+02 -2.409789e-01 1.759314e+01 1.255083e+02 2.028898e+02 -2.356333e-01 1.761148e+01 5.998898e-02 3.993499e-03 -2.147427e-04 -1.710712e-02
255.000 195.000 2.353266e+02 1.256347e+02 3.038882e-01 1.810047e+01 2.367714e+02 1.247943e+02 3.097005e-01 1.808000e+01 -1.144705e-01 3.942149e-03 -2.271885e-04 2.311314e-02
255.000 225.000 1.610535e+02 1.125538e+02 1.772604e-01 1.627913e+01 1.618800e+02 1.120660e+02 1.818390e-01 1.627538e+01 -2.582578e-01 3.834162e-03 -1.989006e-04 2.675315e-02
255.000 255.000 1.834812e+02 9.711526e+01 3.077941e-01 1.593780e+01 1.835813e+02 9.644444e+01 3.111744e-01 1.590317e+01 -3.328451e-01 3.777374e-03 -1.501362e-04 4.019620e-02
255.000 285.000 1.551786e+02 1.270411e+02 9.970041e-02 1.671569e+01 1.552550e+02 1.268271e+02 1.007787e-01 1.670979e+01 -3.182468e-01 3.830934e-03 -4.562014e-05 2.500328e-02
255.000 315.000 1.838877e+02 1.303858e+02 1.702402e-01 1.746898e+01 1.828633e+02 1.311206e+02 1.647941e-01 1.747733e+01 -2.183745e-01 3.939009e-03 2.203936e-04 2.224599e-02
255.000 345.000 1.776547e+02 1.224779e+02 1.838413e-01 1.702906e+01 1.767858e+02 1.231292e+02 1.789057e-01 1.703865e+01 -5.998900e-02 3.993499e-03 2.048852e-04 1.431849e-02
285.000 15.000 1.638578e+02 1.369152e+02 8.957803e-02 1.727309e+01 1.647402e+02 1.361916e+02 9.486713e-02 1.726915e+01 1.245387e-01 3.993500e-03 -2.165445e-04 -2.023994e-03
285.000 45.000 1.533158e+02 2.002491e+02 -1.327429e-01 1.863692e+01 1.557310e+02 1.977386e+02 -1.188436e-01 1.866754e+01 2.896667e-01 3.939009e-03 -5.269236e-04 -2.266520e-02
285.000 75.000 1.288747e+02 1.869625e+02 -1.839168e-01 1.746866e+01 1.319791e+02 1.847248e+02 -1.665459e-01 1.754763e+01 3.771787e-01 3.830933e-03 -7.015612e-04 -3.212013e-02
285.000 105.000 1.842815e+02 2.145553e+02 -7.590524e-02 1.991328e+01 1.868879e+02 2.115412e+02 -6.187615e-02 1.992244e+01 3.636261e-01 3.777374e-03 -4.980488e-04 -2.207227e-02
285.000 135.000 9.105133e+01 2.518537e+02 -4.689414e-01 1.635537e+01 9.216396e+01 2.484960e+02 -4.589093e-01 1.639871e+01 2.526401e-01 3.834162e-03 -4.331537e-04 -4.411893e-02
285.000 165.000 1.991036e+02 1.492659e+02 1.430599e-01 1.847267e+01 1.985882e+02 1.483379e+02 1.448443e-01 1.842953e+01 7.395941e-02 3.942149e-03 -6.838498e-05 3.740685e-03
285.000 195.000 2.104496e+02 2.241246e+02 -3.146772e-02 2.083612e+01 2.096608e+02 2.269234e+02 -3.954018e-02 2.087826e+01 -1.245386e-01 3.993500e-03 2.736747e-04 4.466806e-03
285.000 225.000 1.601644e+02 1.569089e+02 1.026728e-02 1.780561e+01 1.582858e+02 1.592742e+02 -3.112487e-03 1.782013e+01 -2.896667e-01 3.939009e-03 5.311283e-04 1.684491e-02
285.000 255.000 1.886443e+02 1.137161e+02 2.478109e-01 1.684614e+01 1.859805e+02 1.162459e+02 2.307362e-01 1.691556e+01 -3.771787e-01 3.830933e-03 7.152246e-04 3.709987e-02
285.000 285.000 2.395435e+02 1.113939e+02 3.651636e-01 1.743966e+01 2.357374e+02 1.137557e+02 3.490244e-01 1.751909e+01 -3.636261e-01 3.777374e-03 6.528905e-04 4.178921e-02
285.000 315.000 1.565240e+02 1.645657e+02 -2.504506e-02 1.791335e+01 1.544607e+02 1.663166e+02 -3.695994e-02 1.789802e+01 -2.526401e-01 3.834162e-03 4.705259e-04 1.270533e-02
285.000 345.000 1.140681e+02 1.273568e+02 -5.504250e-02 1.551430e+01 1.137819e+02 1.281413e+02 -5.935520e-02 1.552646e+01 -7.395943e-02 3.942149e-03 1.964862e-04 1.219323e-03
315.000 15.000 1.877384e+02 3.971629e+02 -3.580510e-01 2.258133e+01 1.912309e+02 3.922449e+02 -3.445112e-01 2.267651e+01 1.158450e-01 3.713573e-03 -4.230890e-04 -2.098618e-02
315.000 45.000 6.480505e+01 2.762012e+02 -6.199187e-01 1.448992e+01 6.680816e+01 2.698622e+02 -6.031241e-01 1.463569e+01 2.987194e-01 3.518391e-03 -8.154628e-04 -6.339842e-02
315.000 75.000 4.676969e+01 1.735818e+02 -5.754992e-01 1.213966e+01 4.854714e+01 1.694545e+02 -5.546168e-01 1.228594e+01 4.015522e-01 3.700912e-03 -1.209042e-03 -8.048427e-02
315.000 105.000 6.857369e+01 2.985432e+02 -6.264204e-01 1.493517e+01 7.113909e+01 2.915837e+02 -6.077496e-01 1.512441e+01 3.967894e-01 4.052896e-03 -8.783872e-04 -6.851008e-02
315.000 135.000 5.675875e+01 2.875476e+02 -6.703009e-01 1.376984e+01 5.815368e+01 2.822249e+02 -6.583001e-01 1.388785e+01 2.857071e-01 4.223448e-03 -6.136289e-04 -6.942770e-02
315.000 165.000 1.269185e+02 2.378372e+02 -3.040905e-01 1.819413e+01 1.277072e+02 2.370778e+02 -2.998221e-01 1.822068e+01 9.806994e-02 4.064461e-03 -1.657697e-04 -2.210386e-02
315.000 195.000 5.115205e+01 7.829123e+01 -2.096607e-01 1.112444e+01 5.060523e+01 7.928225e+01 -2.207835e-01 1.111558e+01 -1.158450e-01 3.713573e-03 7.072855e-04 -8.433293e-03
315.000 225.000 3.760969e+02 6.007370e+01 7.245404e-01 1.439441e+01 3.676020e+02 6.180290e+01 7.121463e-01 1.454755e+01 -2.987194e-01 3.518391e-03 6.056122e-04 7.108730e-02
315.000 255.000 1.352250e+02 3.868773e+01 5.550904e-01 1.096931e+01 1.320969e+02 4.019616e+01 5.333976e-01 1.110286e+01 -4.015522e-01 3.700912e-03 1.389878e-03 8.721079e-02
315.000 285.000 1.009770e+02 3.678086e+01 4.660070e-01 1.038470e+01 9.857175e+01 3.803386e+01 4.431582e-01 1.047749e+01 -3.967894e-01 4.052896e-03 1.548865e-03 8.308341e-02
315.000 315.000 8.472353e+01 1.904101e+02 -3.841282e-01 1.531458e+01 8.322295e+01 1.957403e+02 -4.033412e-01 1.528334e+01 -2.857072e-01 4.223448e-03 8.880078e-04 -6.426623e-03
315.000 345.000 6.025910e+01 9.200690e+01 -2.085022e-01 1.206841e+01 6.001711e+01 9.227991e+01 -2.118413e-01 1.206078e+01 -9.806996e-02 4.064461e-03 1.957046e-04 -9.150523e-03
345.000 15.000 3.055557e+01 2.096602e+01 1.861269e-01 7.052426e+00 3.086294e+01 2.068696e+01 1.974006e-01 7.038548e+00 1.085423e-01 3.076731e-03 -1.131463e-03 1.100112e-02
345.000 45.000 5.200418e+01 2.286022e+02 -6.293443e-01 1.301789e+01 5.373289e+01 2.202777e+02 -6.078043e-01 1.314473e+01 2.967007e-01 4.562834e-03 -1.164327e-03 -7.113634e-02
345.000 75.000 1.851488e+02 3.990708e+01 6.453586e-01 1.145962e+01 1.939016e+02 3.884111e+01 6.662314e-01 1.137702e+01 4.053584e-01 5.144072e-03 -1.292590e-03 2.094311e-02
345.000 105.000 3.368910e+01 4.440116e+01 -1.371753e-01 8.753332e+00 3.504665e+01 4.322931e+01 -1.045360e-01 8.798896e+00 4.054006e-01 4.555252e-03 -2.629795e-03 -6.198506e-02
345.000 135.000 7.091190e+01 5.285726e+01 1.458735e-01 1.100616e+01 7.387458e+01 5.171919e+01 1.764052e-01 1.103111e+01 2.968161e-01 3.065475e-03 -1.959327e-03 -1.371438e-02
345.000 165.000 2.113747e+02 2.334459e+02 -4.961813e-02 2.106479e+01 2.099964e+02 2.315886e+02 -4.889702e-02 2.098879e+01 1.087000e-01 1.937812e-03 -2.425014e-05 -7.515768e-03
345.000 195.000 5.275285e+01 1.301181e+01 6.042917e-01 6.461384e+00 5.229146e+01 1.324637e+01 5.957641e-01 6.502013e+00 -1.085423e-01 3.076731e-03 9.302907e-04 1.103222e-01
345.000 225.000 4.024567e+02 8.950070e+00 9.564904e-01 5.917893e+00 3.915198e+02 9.279705e+00 9.536940e-01 6.021579e+00 -2.967007e-01 4.562834e-03 3.312142e-04 2.117630e-01
345.000 255.000 3.490003e+01 1.519620e+02 -6.264620e-01 1.065491e+01 3.391084e+01 1.604566e+02 -6.510647e-01 1.058196e+01 -4.053584e-01 5.144072e-03 1.638339e-03 -2.075133e-02
345.000 285.000 1.518616e+02 1.468818e+01 8.236182e-01 7.319238e+00 1.488842e+02 1.522247e+01 8.144808e-01 7.432481e+00 -4.054006e-01 4.555252e-03 8.759578e-04 1.679162e-01
345.000 315.000 3.674300e+01 2.753231e+01 1.433006e-01 7.934444e+00 3.598482e+01 2.838772e+01 1.180177e-01 7.967179e+00 -2.968161e-01 3.065475e-03 2.248538e-03 5.546913e-02
345.000 345.000 4.441158e+01 3.437116e+01 1.274445e-01 8.803587e+00 4.412140e+01 3.454343e+01 1.217568e-01 8.803332e+00 -1.087000e-01 1.937812e-03 4.568457e-04 2.682366e-02
