  #t  #Q2   A1M1_AVG      A_1M1     dA_1M1   A0P1_AVG      A_0P1     dA_0P1   A2M1_AVG      A_2M1     dA_2M1   A3M1_AVG      A_3M1     dA_3M1   A1P1_AVG      A_1P1     dA_1P1       Asym      Astat          t         tp         xb         Q2          W     Dilute
   1    0 -5.283e-03  1.139e-02 7.5978e-03  3.962e-01  3.590e-01 7.4867e-03  1.133e-03 -2.554e-02 7.6234e-03  1.136e-03 -3.048e-02 7.6499e-03  4.238e-03  3.945e-02 7.5989e-03 -3.7710e-02 2.5229e-03 2.8107e-01 1.9605e-03 4.2466e-01 5.2026e+00 2.8259e+00 7.9064e-01
   Phi   PhiS      N_U_avg      N_D_avg     Asym_avg    dAsym_avg      N_U_fit      N_D_fit     Asym_fit    dAsym_fit     Asym_cal    dAsym_cal     GOOD_fit     GOOD_cal
15.000 15.000 1.098897e+03 8.688115e+02 1.169306e-01 4.405456e+01 1.108963e+03 8.633542e+02 1.245279e-01 4.406508e+01 9.079080e-02 6.059191e-03 -1.219277e-04 5.933496e-04
15.000 45.000 9.000769e+02 1.679096e+03 -3.020421e-01 4.841359e+01 8.948533e+02 1.690032e+03 -3.076264e-01 4.837631e+01 2.889313e-01 9.468764e-03 8.159324e-05 -1.220677e-02
15.000 75.000 8.344526e+02 1.750360e+03 -3.543420e-01 4.754228e+01 8.286319e+02 1.766522e+03 -3.614006e-01 4.749947e+01 4.096528e-01 1.403647e-02 1.050321e-04 -1.606980e-02
15.000 105.000 1.045526e+03 1.951003e+03 -3.021755e-01 5.218157e+01 1.028739e+03 1.971639e+03 -3.142607e-01 5.200059e+01 4.206083e-01 1.585698e-02 1.640492e-04 -1.385132e-02
15.000 135.000 1.089265e+03 1.083526e+03 2.640952e-03 4.661304e+01 1.075483e+03 1.095974e+03 -9.436407e-03 4.659682e+01 3.188621e-01 1.408901e-02 1.832420e-04 -6.783962e-03
15.000 165.000 7.299351e+02 7.522219e+02 -1.503679e-02 3.849444e+01 7.236242e+02 7.585526e+02 -2.356562e-02 3.848836e+01 1.316770e-01 9.546474e-03 1.566791e-04 -3.811299e-03
15.000 195.000 6.862307e+02 9.744299e+02 -1.735449e-01 4.013284e+01 6.823114e+02 9.784916e+02 -1.783355e-01 4.009967e+01 -9.079077e-02 6.059191e-03 8.444186e-05 -2.062005e-03
15.000 225.000 1.178923e+03 9.839155e+02 9.016282e-02 4.631691e+01 1.179542e+03 9.774091e+02 9.371242e-02 4.623861e+01 -2.889313e-01 9.468763e-03 -5.423651e-05 8.184787e-03
15.000 255.000 1.950031e+03 1.213437e+03 2.328438e-01 5.469878e+01 1.964643e+03 1.195756e+03 2.432881e-01 5.452832e+01 -4.096528e-01 1.403647e-02 -1.352270e-04 1.174609e-02
15.000 285.000 2.252875e+03 8.916410e+02 4.328915e-01 5.054948e+01 2.282086e+03 8.825573e+02 4.422391e-01 5.045510e+01 -4.206083e-01 1.585698e-02 -1.308804e-04 1.688444e-02
15.000 315.000 1.321485e+03 9.084996e+02 1.851965e-01 4.640583e+01 1.337530e+03 8.997655e+02 1.956668e-01 4.638577e+01 -3.188621e-01 1.408901e-02 -1.595764e-04 1.086197e-02
15.000 345.000 1.031965e+03 1.204675e+03 -7.721837e-02 4.715192e+01 1.044120e+03 1.189138e+03 -6.493554e-02 4.715763e+01 -1.316770e-01 9.546475e-03 -1.841865e-04 1.154962e-03
45.000 15.000 1.398036e+03 4.858142e+02 4.842326e-01 3.797529e+01 1.407415e+03 4.798645e+02 4.914748e-01 3.783400e+01 8.170954e-02 1.263359e-02 -1.351025e-04 1.059960e-02
45.000 45.000 1.052227e+03 9.803562e+02 3.535928e-02 4.505599e+01 1.071808e+03 9.655520e+02 5.215358e-02 4.507569e+01 2.447618e-01 1.316616e-02 -2.635115e-04 -4.647607e-03
45.000 75.000 9.580698e+02 1.334968e+03 -1.643663e-01 4.723440e+01 9.874551e+02 1.315173e+03 -1.423232e-01 4.749722e+01 3.422304e-01 1.256260e-02 -3.290718e-04 -1.072516e-02
45.000 105.000 9.866512e+02 1.519448e+03 -2.126000e-01 4.891652e+01 1.007563e+03 1.494331e+03 -1.945599e-01 4.906310e+01 3.479986e-01 1.133799e-02 -2.603861e-04 -1.146031e-02
45.000 135.000 9.562903e+02 8.615051e+02 5.214295e-02 4.257761e+01 9.714660e+02 8.458644e+02 6.911326e-02 4.252822e+01 2.605209e-01 1.071494e-02 -2.819976e-04 -4.894072e-03
45.000 165.000 9.117387e+02 9.828387e+02 -3.752814e-02 4.349608e+01 9.085879e+02 9.822793e+02 -3.897226e-02 4.345107e+01 1.032368e-01 1.141660e-02 2.348899e-05 -3.236266e-03
45.000 195.000 1.077563e+03 1.143197e+03 -2.955505e-02 4.710436e+01 1.066806e+03 1.153227e+03 -3.892781e-02 4.708151e+01 -8.170952e-02 1.263359e-02 1.407332e-04 1.107211e-03
45.000 225.000 1.624090e+03 7.219522e+02 3.845359e-01 4.471172e+01 1.603683e+03 7.375730e+02 3.699339e-01 4.495389e+01 -2.447618e-01 1.316616e-02 2.303039e-04 1.407456e-02
45.000 255.000 1.041256e+03 1.106818e+03 -3.052132e-02 4.632573e+01 1.027797e+03 1.120291e+03 -4.305856e-02 4.630449e+01 -3.422304e-01 1.256260e-02 1.914098e-04 6.728637e-03
45.000 285.000 1.311970e+03 9.197545e+02 1.757455e-01 4.650585e+01 1.296832e+03 9.409290e+02 1.590441e-01 4.670285e+01 -3.479986e-01 1.133799e-02 2.534023e-04 1.126190e-02
45.000 315.000 1.135706e+03 1.054752e+03 3.695731e-02 4.677036e+01 1.117876e+03 1.071559e+03 2.115481e-02 4.678092e+01 -2.605209e-01 1.071494e-02 2.388862e-04 6.360400e-03
45.000 345.000 8.638102e+02 1.731848e+03 -3.344192e-01 4.801427e+01 8.668928e+02 1.730842e+03 -3.325780e-01 4.806667e+01 -1.032368e-01 1.141660e-02 -2.709998e-05 -4.814868e-03
75.000 15.000 1.278171e+03 8.582244e+02 1.965678e-01 4.531939e+01 1.254144e+03 8.743808e+02 1.784161e-01 4.539569e+01 1.394106e-01 1.218529e-02 2.829773e-04 1.261209e-03
75.000 45.000 8.662083e+02 9.233024e+02 -3.190486e-02 4.228107e+01 8.752901e+02 9.229599e+02 -2.650901e-02 4.239088e+01 2.690413e-01 1.183164e-02 -9.012281e-05 -7.117751e-03
75.000 75.000 6.530581e+02 1.289568e+03 -3.276544e-01 4.164218e+01 6.731209e+02 1.262244e+03 -3.043989e-01 4.190509e+01 3.265826e-01 1.164411e-02 -3.936463e-04 -1.571092e-02
75.000 105.000 8.500526e+02 1.305284e+03 -2.112112e-01 4.537826e+01 8.939591e+02 1.261840e+03 -1.706470e-01 4.574955e+01 2.966164e-01 1.181848e-02 -6.295118e-04 -1.119099e-02
75.000 135.000 9.187322e+02 1.404407e+03 -2.090597e-01 4.713390e+01 9.675133e+02 1.351772e+03 -1.656796e-01 4.749338e+01 1.871721e-01 1.217251e-02 -6.483147e-04 -8.406515e-03
75.000 165.000 8.590364e+02 7.155165e+02 9.114963e-02 3.951545e+01 8.908809e+02 6.937007e+02 1.244368e-01 3.949741e+01 2.757514e-02 1.235202e-02 -5.957905e-04 1.608851e-03
75.000 195.000 1.024642e+03 8.772589e+02 7.749256e-02 4.347965e+01 1.041847e+03 8.634517e+02 9.363102e-02 4.345797e+01 -1.394105e-01 1.218529e-02 -2.625241e-04 4.988612e-03
75.000 225.000 1.131139e+03 1.056150e+03 3.428383e-02 4.674097e+01 1.133177e+03 1.063938e+03 3.151386e-02 4.685011e+01 -2.690413e-01 1.183164e-02 4.185573e-05 6.489491e-03
75.000 255.000 1.231481e+03 1.288854e+03 -2.276410e-02 5.018993e+01 1.214253e+03 1.319198e+03 -4.142363e-02 5.029020e+01 -3.265826e-01 1.164411e-02 2.626245e-04 6.053376e-03
75.000 285.000 1.442699e+03 1.091958e+03 1.383784e-01 4.986102e+01 1.402400e+03 1.153068e+03 9.756830e-02 5.031045e+01 -2.966164e-01 1.181848e-02 5.761475e-04 8.724144e-03
75.000 315.000 5.736550e+02 1.285351e+03 -3.828368e-01 3.983142e+01 5.523573e+02 1.342979e+03 -4.171407e-01 3.956685e+01 -1.871721e-01 1.217251e-02 6.110050e-04 -4.912320e-03
75.000 345.000 7.458851e+02 1.287022e+03 -2.661889e-01 4.346105e+01 7.181516e+02 1.337299e+03 -3.012222e-01 4.323135e+01 -2.757516e-02 1.235202e-02 5.714965e-04 -5.490289e-03
105.000 15.000 8.276828e+02 1.363187e+03 -2.444256e-01 4.538699e+01 7.994915e+02 1.408526e+03 -2.758286e-01 4.516667e+01 1.714774e-01 1.235202e-02 4.904321e-04 -9.163484e-03
105.000 45.000 1.241928e+03 1.296987e+03 -2.168597e-02 5.037579e+01 1.223404e+03 1.312568e+03 -3.515983e-02 5.032730e+01 3.073101e-01 1.217251e-02 1.892188e-04 -6.530837e-03
105.000 75.000 1.324591e+03 2.445212e+03 -2.972624e-01 5.862325e+01 1.337480e+03 2.437432e+03 -2.913846e-01 5.877417e+01 3.607993e-01 1.181848e-02 -7.080600e-05 -1.122527e-02
105.000 105.000 1.188033e+03 1.701454e+03 -1.776859e-01 5.289858e+01 1.227799e+03 1.655937e+03 -1.484665e-01 5.310530e+01 3.176126e-01 1.164411e-02 -3.898190e-04 -9.363172e-03
105.000 135.000 1.244638e+03 1.810559e+03 -1.852323e-01 5.431731e+01 1.300545e+03 1.747435e+03 -1.466182e-01 5.461188e+01 1.893219e-01 1.183164e-02 -5.013209e-04 -6.895669e-03
105.000 165.000 7.621327e+02 9.103166e+02 -8.860293e-02 4.073475e+01 7.958865e+02 8.733842e+02 -4.642610e-02 4.081265e+01 1.030252e-02 1.218529e-02 -7.314399e-04 -2.428036e-03
105.000 195.000 1.225518e+03 1.238982e+03 -5.463125e-03 4.964300e+01 1.263002e+03 1.195087e+03 2.762924e-02 4.956019e+01 -1.714774e-01 1.235202e-02 -4.717556e-04 3.344163e-03
105.000 225.000 1.613290e+03 8.547017e+02 3.073707e-01 4.727392e+01 1.634523e+03 8.429973e+02 3.194832e-01 4.716611e+01 -3.073101e-01 1.217251e-02 -1.813813e-04 1.300253e-02
105.000 255.000 1.544176e+03 8.559503e+02 2.867455e-01 4.693379e+01 1.536312e+03 8.741185e+02 2.747201e-01 4.720713e+01 -3.607993e-01 1.181848e-02 1.806474e-04 1.379699e-02
105.000 285.000 1.389180e+03 9.617756e+02 1.818004e-01 4.767865e+01 1.355840e+03 9.873123e+02 1.572786e-01 4.780367e+01 -3.176126e-01 1.164411e-02 3.631980e-04 1.047456e-02
105.000 315.000 2.006935e+03 1.603116e+03 1.118596e-01 5.970661e+01 1.945141e+03 1.676662e+03 7.412866e-02 6.001583e+01 -1.893219e-01 1.183164e-02 4.456931e-04 5.044358e-03
105.000 345.000 1.206268e+03 1.243191e+03 -1.507383e-02 4.948639e+01 1.156874e+03 1.298110e+03 -5.753040e-02 4.946574e+01 -1.030254e-02 1.218529e-02 6.067849e-04 -9.641626e-05
135.000 15.000 8.220014e+02 6.796941e+02 9.476437e-02 3.857732e+01 8.084039e+02 6.884567e+02 8.013253e-02 3.856487e+01 1.319348e-01 1.141660e-02 2.682391e-04 -9.635309e-04
135.000 45.000 8.998003e+02 1.308514e+03 -1.850794e-01 4.618084e+01 8.959966e+02 1.317577e+03 -1.904526e-01 4.618748e+01 2.833008e-01 1.071494e-02 8.226639e-05 -1.014231e-02
135.000 75.000 8.659093e+02 1.026694e+03 -8.495435e-02 4.334679e+01 8.753691e+02 1.014414e+03 -7.357738e-02 4.335381e+01 3.587566e-01 1.133799e-02 -1.855750e-04 -1.023631e-02
135.000 105.000 8.675123e+02 1.233008e+03 -1.740025e-01 4.513229e+01 8.836719e+02 1.211435e+03 -1.564422e-01 4.520875e+01 3.380839e-01 1.256260e-02 -2.748923e-04 -1.134634e-02
135.000 135.000 7.643143e+02 1.527435e+03 -3.329860e-01 4.514023e+01 7.857456e+02 1.500126e+03 -3.125200e-01 4.541601e+01 2.268218e-01 1.316616e-02 -3.196144e-04 -1.240153e-02
135.000 165.000 1.087008e+03 1.046131e+03 1.916286e-02 4.617744e+01 1.117100e+03 1.026529e+03 4.225136e-02 4.625799e+01 5.478306e-02 1.263359e-02 -3.532417e-04 -7.713766e-04
135.000 195.000 1.120934e+03 8.041511e+02 1.645554e-01 4.327767e+01 1.138366e+03 7.910173e+02 1.800308e-01 4.320705e+01 -1.319348e-01 1.141660e-02 -2.530556e-04 6.850881e-03
135.000 225.000 1.289302e+03 8.395410e+02 2.112704e-01 4.509792e+01 1.291019e+03 8.301632e+02 2.172637e-01 4.495615e+01 -2.833008e-01 1.071494e-02 -9.412018e-05 1.096661e-02
135.000 255.000 7.785670e+02 9.855044e+02 -1.173067e-01 4.171086e+01 7.683335e+02 9.947311e+02 -1.284114e-01 4.164124e+01 -3.587566e-01 1.133799e-02 1.884097e-04 5.788658e-03
135.000 285.000 1.242225e+03 1.080145e+03 6.979108e-02 4.807347e+01 1.213563e+03 1.107475e+03 4.570738e-02 4.812680e+01 -3.380839e-01 1.256260e-02 3.540477e-04 8.484409e-03
135.000 315.000 1.147605e+03 9.365800e+02 1.012504e-01 4.541826e+01 1.120928e+03 9.700795e+02 7.214147e-02 4.560839e+01 -2.268219e-01 1.316616e-02 4.522434e-04 7.223356e-03
135.000 345.000 1.069159e+03 9.408751e+02 6.382190e-02 4.474200e+01 1.043291e+03 9.617529e+02 4.066649e-02 4.474067e+01 -5.478308e-02 1.263359e-02 3.659558e-04 2.650864e-03
165.000 15.000 6.865780e+02 9.011419e+02 -1.351396e-01 3.948068e+01 6.906434e+02 8.954112e+02 -1.291051e-01 3.949200e+01 9.027409e-02 9.546475e-03 -1.080636e-04 -5.709469e-03
165.000 45.000 9.052289e+02 9.110727e+02 -3.217450e-03 4.261787e+01 9.286377e+02 8.924992e+02 1.984395e-02 4.266638e+01 2.381801e-01 1.408901e-02 -3.824122e-04 -5.664233e-03
165.000 75.000 4.511872e+02 1.027501e+03 -3.897465e-01 3.541287e+01 4.668138e+02 1.000087e+03 -3.635373e-01 3.567963e+01 3.222660e-01 1.585698e-02 -5.213655e-04 -2.010603e-02
165.000 105.000 5.148996e+02 1.561350e+03 -5.040100e-01 3.935516e+01 5.343382e+02 1.534131e+03 -4.833492e-01 3.981482e+01 3.200009e-01 1.403647e-02 -3.690591e-04 -2.093781e-02
165.000 135.000 4.411941e+02 1.091199e+03 -4.241763e-01 3.544963e+01 4.547579e+02 1.065397e+03 -4.016952e-01 3.570523e+01 2.319919e-01 9.468764e-03 -4.468122e-04 -1.850987e-02
165.000 165.000 8.947185e+02 9.321053e+02 -2.046550e-02 4.273241e+01 9.032215e+02 9.255674e+02 -1.221896e-02 4.276115e+01 8.182081e-02 6.059192e-03 -1.364123e-04 -2.393647e-03
165.000 195.000 8.240554e+02 8.091549e+02 9.123491e-03 4.041131e+01 8.199710e+02 8.110244e+02 5.485384e-03 4.038498e+01 -9.027407e-02 9.546474e-03 6.367940e-05 2.459647e-03
165.000 225.000 9.224815e+02 9.295045e+02 -3.792148e-03 4.303440e+01 9.109875e+02 9.481538e+02 -1.999110e-02 4.310914e+01 -2.381801e-01 1.408901e-02 2.659373e-04 5.446525e-03
165.000 255.000 1.634296e+03 6.508751e+02 4.303490e-01 4.315040e+01 1.598783e+03 6.669284e+02 4.112856e-01 4.338724e+01 -3.222660e-01 1.585698e-02 3.115353e-04 1.744167e-02
165.000 285.000 1.039392e+03 1.194162e+03 -6.929318e-02 4.714689e+01 1.015915e+03 1.230828e+03 -9.565529e-02 4.718248e+01 -3.200009e-01 1.403647e-02 3.952285e-04 5.317588e-03
165.000 315.000 6.648156e+02 6.682326e+02 -2.563303e-03 3.651081e+01 6.492015e+02 6.885420e+02 -2.940805e-02 3.655936e+01 -2.319919e-01 9.468765e-03 5.195580e-04 6.283853e-03
165.000 345.000 8.433246e+02 9.410485e+02 -5.476650e-02 4.217844e+01 8.322281e+02 9.491894e+02 -6.565632e-02 4.211577e+01 -8.182083e-02 6.059192e-03 1.826998e-04 6.414256e-04
195.000 15.000 8.480727e+02 9.498476e+02 -5.660702e-02 4.233390e+01 8.592090e+02 9.413818e+02 -4.563661e-02 4.238916e+01 8.182080e-02 6.059190e-03 -1.831202e-04 -3.269905e-03
195.000 45.000 4.433434e+02 1.157652e+03 -4.461653e-01 3.580916e+01 4.547885e+02 1.139089e+03 -4.293307e-01 3.605671e+01 2.319919e-01 9.468764e-03 -3.312782e-04 -1.893809e-02
195.000 75.000 8.953589e+02 9.454759e+02 -2.722515e-02 4.288905e+01 9.248001e+02 9.225875e+02 1.197708e-03 4.298122e+01 3.200009e-01 1.403647e-02 -4.681012e-04 -8.095914e-03
195.000 105.000 8.944559e+02 1.147218e+03 -1.238015e-01 4.483728e+01 9.186408e+02 1.118112e+03 -9.793595e-02 4.491345e+01 3.222660e-01 1.585698e-02 -4.075663e-04 -9.948583e-03
195.000 135.000 8.681755e+02 1.289837e+03 -1.953935e-01 4.555900e+01 8.897016e+02 1.272358e+03 -1.769872e-01 4.576390e+01 2.381801e-01 1.408901e-02 -2.850372e-04 -9.516749e-03
195.000 165.000 8.314531e+02 9.876396e+02 -8.585955e-02 4.249332e+01 8.361803e+02 9.807307e+02 -7.955829e-02 4.249013e+01 9.027410e-02 9.546474e-03 -1.048597e-04 -4.144972e-03
195.000 195.000 1.176798e+03 1.226379e+03 -2.063142e-02 4.901177e+01 1.164844e+03 1.238153e+03 -3.050758e-02 4.899756e+01 -8.182078e-02 6.059190e-03 1.425068e-04 1.248463e-03
195.000 225.000 9.826732e+02 7.821654e+02 1.136126e-01 4.173797e+01 9.614737e+02 8.007747e+02 9.118977e-02 4.180424e+01 -2.319919e-01 9.468763e-03 3.795758e-04 8.280335e-03
195.000 255.000 1.355399e+03 7.509259e+02 2.869801e-01 4.396423e+01 1.323113e+03 7.852884e+02 2.550864e-01 4.439831e+01 -3.200009e-01 1.403647e-02 5.104419e-04 1.380625e-02
195.000 285.000 5.534844e+02 9.162937e+02 -2.468463e-01 3.715131e+01 5.406853e+02 9.502181e+02 -2.746877e-01 3.712694e+01 -3.222660e-01 1.585698e-02 5.300824e-04 2.030066e-03
195.000 315.000 1.395613e+03 9.842301e+02 1.728613e-01 4.804925e+01 1.375819e+03 1.006799e+03 1.548798e-01 4.822306e+01 -2.381801e-01 1.408901e-02 2.641421e-04 8.554584e-03
195.000 345.000 1.080304e+03 8.145851e+02 1.402291e-01 4.310020e+01 1.073909e+03 8.198700e+02 1.341440e-01 4.312425e+01 -9.027412e-02 9.546474e-03 9.980486e-05 5.348077e-03
225.000 15.000 7.492821e+02 8.051518e+02 -3.594215e-02 3.940083e+01 7.661062e+02 7.877581e+02 -1.393425e-02 3.941526e+01 5.478305e-02 1.263359e-02 -3.948924e-04 -2.302621e-03
225.000 45.000 7.212535e+02 1.184554e+03 -2.430992e-01 4.234595e+01 7.412152e+02 1.158342e+03 -2.195915e-01 4.252011e+01 2.268218e-01 1.316616e-02 -3.917323e-04 -1.109719e-02
225.000 75.000 1.028105e+03 9.809681e+02 2.346210e-02 4.481035e+01 1.049100e+03 9.695340e+02 3.941568e-02 4.489429e+01 3.380839e-01 1.256260e-02 -2.515116e-04 -7.021185e-03
225.000 105.000 6.765843e+02 1.303316e+03 -3.165471e-01 4.220794e+01 6.879699e+02 1.295252e+03 -3.062097e-01 4.239417e+01 3.587566e-01 1.133799e-02 -1.727989e-04 -1.599945e-02
225.000 135.000 1.380758e+03 1.286337e+03 3.540244e-02 5.161155e+01 1.373227e+03 1.288519e+03 3.182416e-02 5.156599e+01 2.833008e-01 1.071494e-02 4.904614e-05 -4.803157e-03
225.000 165.000 1.104820e+03 1.031390e+03 3.437428e-02 4.619184e+01 1.084004e+03 1.051267e+03 1.533167e-02 4.620356e+01 1.319348e-01 1.141660e-02 2.914682e-04 -2.112073e-03
225.000 195.000 1.360556e+03 9.424744e+02 1.815355e-01 4.719252e+01 1.330677e+03 9.632865e+02 1.601554e-01 4.727710e+01 -5.478303e-02 1.263359e-02 3.200607e-04 5.007542e-03
225.000 225.000 6.040053e+02 9.482267e+02 -2.217590e-01 3.841742e+01 5.867853e+02 9.699009e+02 -2.461097e-01 3.824131e+01 -2.268218e-01 1.316616e-02 4.492250e-04 1.317842e-04
225.000 255.000 9.575443e+02 4.491191e+02 3.614405e-01 3.496996e+01 9.422544e+02 4.633787e+02 3.406833e-01 3.524895e+01 -3.380839e-01 1.256260e-02 4.180487e-04 2.000358e-02
225.000 285.000 1.076733e+03 1.014795e+03 2.961397e-02 4.571317e+01 1.072266e+03 1.019404e+03 2.527259e-02 4.572017e+01 -3.587566e-01 1.133799e-02 6.714881e-05 8.495815e-03
225.000 315.000 1.042620e+03 9.158016e+02 6.475516e-02 4.416117e+01 1.050748e+03 9.163652e+02 6.831472e-02 4.424853e+01 -2.833009e-01 1.071494e-02 -5.693912e-05 7.881494e-03
225.000 345.000 9.749378e+02 1.009654e+03 -1.749263e-02 4.454194e+01 9.937988e+02 9.925746e+02 6.162996e-04 4.456874e+01 -1.319348e-01 1.141660e-02 -2.873943e-04 2.569314e-03
255.000 15.000 1.381649e+03 1.407640e+03 -9.318114e-03 5.281143e+01 1.441804e+03 1.349420e+03 3.309826e-02 5.280309e+01 1.030250e-02 1.218529e-02 -5.679693e-04 -3.715222e-04
255.000 45.000 1.046655e+03 1.198506e+03 -6.763485e-02 4.727464e+01 1.095272e+03 1.150691e+03 -2.467497e-02 4.737717e+01 1.893219e-01 1.183164e-02 -6.418728e-04 -5.435404e-03
255.000 75.000 1.293855e+03 8.854463e+02 1.874034e-01 4.585590e+01 1.331910e+03 8.569800e+02 2.169731e-01 4.567103e+01 3.176126e-01 1.164411e-02 -4.568904e-04 -2.839531e-03
255.000 105.000 1.241910e+03 1.325393e+03 -3.251799e-02 5.064176e+01 1.253339e+03 1.313711e+03 -2.351817e-02 5.065205e+01 3.607993e-01 1.181848e-02 -1.256510e-04 -7.766659e-03
255.000 135.000 1.812144e+03 1.579874e+03 6.847553e-02 5.810433e+01 1.782300e+03 1.600503e+03 5.374152e-02 5.807781e+01 3.073101e-01 1.217251e-02 1.793480e-04 -4.110444e-03
255.000 165.000 9.533601e+02 1.698994e+03 -2.811216e-01 4.942409e+01 9.206725e+02 1.749897e+03 -3.105048e-01 4.912323e+01 1.714774e-01 1.235202e-02 4.216645e-04 -9.157459e-03
255.000 195.000 1.244325e+03 7.465341e+02 2.500380e-01 4.320176e+01 1.193735e+03 7.788571e+02 2.103211e-01 4.342044e+01 -1.030248e-02 1.218529e-02 6.484258e-04 6.026155e-03
255.000 225.000 1.392263e+03 9.802006e+02 1.736854e-01 4.796764e+01 1.341443e+03 1.031362e+03 1.306811e-01 4.829372e+01 -1.893219e-01 1.183164e-02 6.317894e-04 7.567754e-03
255.000 255.000 1.786933e+03 1.182632e+03 2.034984e-01 5.335345e+01 1.741374e+03 1.227739e+03 1.729926e-01 5.366804e+01 -3.176126e-01 1.164411e-02 4.031115e-04 9.767148e-03
255.000 285.000 1.386162e+03 1.067408e+03 1.299144e-01 4.911374e+01 1.379814e+03 1.078808e+03 1.224290e-01 4.921148e+01 -3.607993e-01 1.181848e-02 1.076625e-04 9.991373e-03
255.000 315.000 1.327537e+03 1.153728e+03 7.004841e-02 4.968993e+01 1.341396e+03 1.131135e+03 8.503890e-02 4.954443e+01 -3.073101e-01 1.217251e-02 -2.136330e-04 7.594265e-03
255.000 345.000 1.482957e+03 1.280260e+03 7.335553e-02 5.242468e+01 1.529072e+03 1.234413e+03 1.066261e-01 5.226917e+01 -1.714775e-01 1.235202e-02 -4.494210e-04 4.670186e-03
285.000 15.000 7.688648e+02 6.376933e+02 9.325712e-02 3.734067e+01 7.973228e+02 6.123537e+02 1.312139e-01 3.722104e+01 2.757511e-02 1.235202e-02 -7.199258e-04 1.758994e-03
285.000 45.000 8.651305e+02 1.164294e+03 -1.474129e-01 4.455697e+01 9.043891e+02 1.124239e+03 -1.083735e-01 4.477501e+01 1.871721e-01 1.217251e-02 -6.180312e-04 -7.509150e-03
285.000 75.000 1.137295e+03 1.170892e+03 -1.455535e-02 4.803851e+01 1.190301e+03 1.133620e+03 2.439009e-02 4.819272e+01 2.966164e-01 1.181848e-02 -5.723412e-04 -6.477548e-03
285.000 105.000 7.006676e+02 1.504406e+03 -3.644950e-01 4.372774e+01 7.275557e+02 1.469588e+03 -3.377260e-01 4.411961e+01 3.265826e-01 1.164411e-02 -4.309374e-04 -1.580410e-02
285.000 135.000 1.119986e+03 1.590960e+03 -1.737307e-01 5.127498e+01 1.121959e+03 1.593109e+03 -1.735316e-01 5.131577e+01 2.690413e-01 1.183164e-02 -2.744279e-06 -8.635244e-03
285.000 165.000 8.311578e+02 1.255481e+03 -2.033525e-01 4.472529e+01 8.178103e+02 1.283399e+03 -2.215813e-01 4.469948e+01 1.394106e-01 1.218529e-02 2.882799e-04 -7.663742e-03
285.000 195.000 9.296738e+02 1.111269e+03 -8.897602e-02 4.499761e+01 9.018679e+02 1.151197e+03 -1.214424e-01 4.497539e+01 -2.757509e-02 1.235202e-02 5.103131e-04 -1.364537e-03
285.000 225.000 1.426106e+03 7.916331e+02 2.860899e-01 4.512452e+01 1.373393e+03 8.287918e+02 2.473005e-01 4.546983e+01 -1.871720e-01 1.217251e-02 6.055136e-04 1.048791e-02
285.000 255.000 9.791437e+02 7.011850e+02 1.654193e-01 4.042708e+01 9.448290e+02 7.306652e+02 1.278212e-01 4.059704e+01 -2.966164e-01 1.181848e-02 6.562432e-04 1.142886e-02
285.000 285.000 9.306461e+02 1.049490e+03 -6.001821e-02 4.441851e+01 9.004464e+02 1.073501e+03 -8.766932e-02 4.425806e+01 -3.265826e-01 1.164411e-02 4.409791e-04 6.001202e-03
285.000 315.000 9.565600e+02 1.137827e+03 -8.654878e-02 4.559274e+01 9.546057e+02 1.134003e+03 -8.589335e-02 4.553241e+01 -2.690413e-01 1.183164e-02 -1.017197e-05 4.002666e-03
285.000 345.000 6.973989e+02 1.124505e+03 -2.344283e-01 4.149431e+01 7.058926e+02 1.102783e+03 -2.194372e-01 4.149197e+01 -1.394106e-01 1.218529e-02 -2.554718e-04 -2.289898e-03
315.000 15.000 1.451484e+03 9.653357e+02 2.011521e-01 4.815631e+01 1.450568e+03 9.640621e+02 2.014824e-01 4.813115e+01 1.032367e-01 1.141660e-02 -4.851408e-06 2.033282e-03
315.000 45.000 9.628352e+02 1.041055e+03 -3.903415e-02 4.473072e+01 9.628576e+02 1.032869e+03 -3.508053e-02 4.464606e+01 2.605208e-01 1.071494e-02 -6.255827e-05 -6.696851e-03
315.000 75.000 5.046368e+02 1.113027e+03 -3.760919e-01 3.726732e+01 5.232302e+02 1.098348e+03 -3.546654e-01 3.765108e+01 3.479986e-01 1.133799e-02 -4.044568e-04 -1.942963e-02
315.000 105.000 1.011919e+03 1.052798e+03 -1.979855e-02 4.543025e+01 1.026943e+03 1.033102e+03 -2.989779e-03 4.538752e+01 3.422304e-01 1.256260e-02 -2.617460e-04 -7.968895e-03
315.000 135.000 8.690803e+02 1.026750e+03 -8.316680e-02 4.339030e+01 8.857408e+02 1.009450e+03 -6.527521e-02 4.344094e+01 2.447618e-01 1.316616e-02 -2.913988e-04 -7.557649e-03
315.000 165.000 9.464618e+02 1.190424e+03 -1.141670e-01 4.592421e+01 9.572803e+02 1.177970e+03 -1.033555e-01 4.596130e+01 8.170956e-02 1.263359e-02 -1.664013e-04 -4.265214e-03
315.000 195.000 1.254032e+03 9.957866e+02 1.147851e-01 4.711875e+01 1.253954e+03 9.996904e+02 1.128234e-01 4.716946e+01 -1.032367e-01 1.141660e-02 2.942302e-05 4.627072e-03
315.000 225.000 8.804622e+02 1.117228e+03 -1.185199e-01 4.438050e+01 8.699667e+02 1.120898e+03 -1.260413e-01 4.426327e+01 -2.605208e-01 1.071494e-02 1.199953e-04 3.199623e-03
315.000 255.000 1.464404e+03 9.450993e+02 2.155234e-01 4.793309e+01 1.436842e+03 9.641297e+02 1.968837e-01 4.804063e+01 -3.479986e-01 1.133799e-02 2.746629e-04 1.175643e-02
315.000 285.000 1.533829e+03 1.048894e+03 1.877612e-01 4.991664e+01 1.503938e+03 1.068208e+03 1.694033e-01 4.998332e+01 -3.422304e-01 1.256260e-02 2.598800e-04 1.061753e-02
315.000 315.000 1.548806e+03 1.175816e+03 1.368958e-01 5.170649e+01 1.526717e+03 1.198336e+03 1.205043e-01 5.182164e+01 -2.447618e-01 1.316616e-02 2.239108e-04 7.381232e-03
315.000 345.000 1.135026e+03 1.197962e+03 -2.697643e-02 4.828344e+01 1.122444e+03 1.210948e+03 -3.792936e-02 4.827044e+01 -8.170958e-02 1.263359e-02 1.604263e-04 1.133580e-03
345.000 15.000 1.038866e+03 1.580424e+03 -2.067578e-01 5.007313e+01 1.028062e+03 1.596308e+03 -2.165266e-01 5.001329e+01 1.316770e-01 9.546476e-03 1.380325e-04 -6.758809e-03
345.000 45.000 5.740342e+02 1.104201e+03 -3.159072e-01 3.886839e+01 5.685476e+02 1.113903e+03 -3.241434e-01 3.880305e+01 3.188620e-01 1.408901e-02 1.499619e-04 -1.633125e-02
345.000 75.000 8.164941e+02 1.529434e+03 -3.039053e-01 4.614393e+01 8.073446e+02 1.558966e+03 -3.176344e-01 4.612559e+01 4.206083e-01 1.585698e-02 2.104258e-04 -1.570117e-02
345.000 105.000 1.024513e+03 1.513475e+03 -1.926572e-01 4.943466e+01 1.022461e+03 1.523294e+03 -1.967325e-01 4.946943e+01 4.096528e-01 1.403647e-02 5.827270e-05 -1.218396e-02
345.000 135.000 1.021149e+03 1.023799e+03 -1.295828e-03 4.522106e+01 1.013619e+03 1.021972e+03 -4.103489e-03 4.511714e+01 2.889313e-01 9.468764e-03 4.395295e-05 -6.417964e-03
345.000 165.000 1.057298e+03 1.709470e+03 -2.357163e-01 5.111790e+01 1.064168e+03 1.699988e+03 -2.300230e-01 5.116545e+01 9.079081e-02 6.059193e-03 -7.871869e-05 -6.387334e-03
345.000 195.000 1.056535e+03 1.102106e+03 -2.111086e-02 4.645082e+01 1.064278e+03 1.088954e+03 -1.145998e-02 4.639987e+01 -1.316770e-01 9.546475e-03 -1.469931e-04 2.380283e-03
345.000 225.000 1.162380e+03 1.184690e+03 -9.505405e-03 4.844438e+01 1.176550e+03 1.167106e+03 4.029643e-03 4.841092e+01 -3.188620e-01 1.408901e-02 -1.976293e-04 6.385810e-03
345.000 255.000 1.243100e+03 8.845436e+02 1.685227e-01 4.546668e+01 1.251680e+03 8.694343e+02 1.802099e-01 4.530155e+01 -4.206083e-01 1.585698e-02 -1.820918e-04 1.295742e-02
345.000 285.000 1.796711e+03 1.135482e+03 2.255069e-01 5.275492e+01 1.805872e+03 1.116773e+03 2.357794e-01 5.253731e+01 -4.096528e-01 1.403647e-02 -1.379723e-04 1.203982e-02
345.000 315.000 1.516934e+03 9.991342e+02 2.057974e-01 4.908673e+01 1.520991e+03 9.939309e+02 2.095731e-01 4.903533e+01 -2.889313e-01 9.468764e-03 -5.441850e-05 1.007866e-02
345.000 345.000 1.418419e+03 8.757060e+02 2.365665e-01 4.653748e+01 1.412345e+03 8.819446e+02 2.311827e-01 4.660118e+01 -9.079083e-02 6.059193e-03 8.174666e-05 7.034272e-03
