  #t  #Q2   A1M1_AVG      A_1M1     dA_1M1   A0P1_AVG      A_0P1     dA_0P1   A2M1_AVG      A_2M1     dA_2M1   A3M1_AVG      A_3M1     dA_3M1   A1P1_AVG      A_1P1     dA_1P1       Asym      Astat          t         tp         xb         Q2          W     Dilute
   7    0 -6.857e-02 -5.586e-02 2.3790e-03  4.030e-01  3.764e-01 2.3171e-03 -1.444e-02  1.930e-02 2.3349e-03 -3.006e-03 -1.178e-02 2.3025e-03  4.647e-02  3.622e-02 2.3001e-03 1.4406e-02 1.1239e-02 1.0683e+00 1.6542e-01 5.9480e-01 7.3091e+00 2.4209e+00 4.8516e-01
   Phi   PhiS      N_U_avg      N_D_avg     Asym_avg    dAsym_avg      N_U_fit      N_D_fit     Asym_fit    dAsym_fit     Asym_cal    dAsym_cal     GOOD_fit     GOOD_cal
15.000 15.000 2.762919e+01 1.968283e+01 1.679566e-01 6.780662e+00 2.769759e+01 1.963423e+01 1.703583e-01 6.779245e+00 1.146347e-01 1.836530e-03 -2.504838e-04 7.863820e-03
15.000 45.000 4.027988e+01 3.521517e+01 6.708666e-02 8.669214e+00 4.090351e+01 3.488162e+01 7.946002e-02 8.677939e+00 3.204572e-01 2.903865e-03 -1.008729e-03 -2.922647e-02
15.000 75.000 2.087320e+01 4.354045e+01 -3.519014e-01 7.512457e+00 2.128326e+01 4.300501e+01 -3.378806e-01 7.546450e+00 4.404135e-01 4.312279e-03 -1.316722e-03 -1.054668e-01
15.000 105.000 2.258122e+01 3.437145e+01 -2.070181e-01 7.383216e+00 2.299564e+01 3.389674e+01 -1.916091e-01 7.402948e+00 4.423613e-01 4.868211e-03 -1.473788e-03 -8.795346e-02
15.000 135.000 3.061967e+01 3.613358e+01 -8.260150e-02 8.142346e+00 3.107960e+01 3.570289e+01 -6.922907e-02 8.152449e+00 3.257788e-01 4.317394e-03 -1.160583e-03 -5.015511e-02
15.000 165.000 0.000000e+00 0.000000e+00 -1.000000e+01 0.000000e+00 0.000000e+00 0.000000e+00 -1.000000e+01 0.000000e+00 1.219041e-01 2.911455e-03 -1.000000e+01 -3.476579e+03
15.000 195.000 8.269171e+00 3.076904e+01 -5.763550e-01 5.105908e+00 8.259306e+00 3.091547e+01 -5.783355e-01 5.106066e+00 -1.146347e-01 1.836530e-03 2.742692e-04 -9.042864e-02
15.000 225.000 3.104991e+01 3.710780e+01 -8.888044e-02 8.223095e+00 3.072103e+01 3.755836e+01 -1.001375e-01 8.221600e+00 -3.204572e-01 2.903864e-03 9.680843e-04 2.816175e-02
15.000 255.000 9.269731e+00 1.498357e+01 -2.355902e-01 4.786144e+00 9.180165e+00 1.533360e+01 -2.510195e-01 4.792612e+00 -4.404135e-01 4.312279e-03 2.277989e-03 4.279503e-02
15.000 285.000 2.142798e+01 7.087455e+00 5.029040e-01 4.615574e+00 2.108184e+01 7.245029e+00 4.884694e-01 4.644137e+00 -4.423613e-01 4.868211e-03 2.204546e-03 2.047989e-01
15.000 315.000 1.276023e+01 3.411396e+01 -4.555540e-01 6.094786e+00 1.261211e+01 3.475412e+01 -4.674640e-01 6.084048e+00 -3.257788e-01 4.317394e-03 1.382996e-03 -2.129281e-02
15.000 345.000 3.139628e+01 1.680022e+01 3.028450e-01 6.616355e+00 3.133271e+01 1.683773e+01 3.009103e-01 6.618818e+00 -1.219042e-01 2.911455e-03 2.067293e-04 6.419684e-02
45.000 15.000 5.255259e+01 2.821247e+01 3.013695e-01 8.569112e+00 5.266836e+01 2.826309e+01 3.015549e-01 8.577408e+00 1.092975e-01 3.847739e-03 -1.529124e-05 2.241445e-02
45.000 45.000 3.262286e+01 3.787436e+01 -7.449239e-02 8.372934e+00 3.317694e+01 3.754452e+01 -6.175752e-02 8.393553e+00 3.042421e-01 4.000290e-03 -1.074155e-03 -4.523319e-02
45.000 75.000 3.118782e+01 1.965332e+01 2.268735e-01 6.944369e+00 3.194601e+01 1.935744e+01 2.453748e-01 6.943668e+00 4.176653e-01 3.838409e-03 -1.883983e-03 -2.747432e-02
45.000 105.000 1.686619e+01 1.004014e+01 2.536968e-01 5.017428e+00 1.734804e+01 9.845256e+00 2.759056e-01 5.012308e+00 4.191755e-01 3.502459e-03 -3.131480e-03 -3.298076e-02
45.000 135.000 4.770700e+01 3.058757e+01 2.186541e-01 8.634311e+00 4.891278e+01 3.003166e+01 2.391697e-01 8.627204e+00 3.083678e-01 3.327160e-03 -1.680814e-03 -1.039037e-02
45.000 165.000 5.601587e+01 5.517713e+01 7.543107e-03 1.054451e+01 5.672078e+01 5.451674e+01 1.981379e-02 1.054485e+01 1.149333e-01 3.512682e-03 -8.228492e-04 -1.018447e-02
45.000 195.000 3.592692e+01 8.724462e+00 6.092187e-01 5.298975e+00 3.593195e+01 8.711149e+00 6.097426e-01 5.295792e+00 -1.092975e-01 3.847739e-03 -6.993324e-05 1.355953e-01
45.000 225.000 1.851969e+01 1.924880e+01 -1.930477e-02 6.144462e+00 1.831173e+01 1.946471e+01 -3.052110e-02 6.143391e+00 -3.042421e-01 4.000290e-03 1.290892e-03 4.637303e-02
45.000 255.000 4.801696e+01 1.166527e+01 6.090874e-01 6.127060e+00 4.725130e+01 1.192561e+01 5.969505e-01 6.171647e+00 -4.176653e-01 3.838409e-03 1.395596e-03 1.675767e-01
45.000 285.000 2.394117e+01 2.838239e+01 -8.487992e-02 7.207399e+00 2.349342e+01 2.920925e+01 -1.084542e-01 7.216839e+00 -4.191755e-01 3.502459e-03 2.311324e-03 4.638227e-02
45.000 315.000 5.791076e+01 3.169824e+01 2.925210e-01 9.052143e+00 5.686322e+01 3.242996e+01 2.736297e-01 9.088867e+00 -3.083679e-01 3.327160e-03 1.472701e-03 6.638084e-02
45.000 345.000 3.484659e+01 5.115642e+01 -1.896426e-01 9.105491e+00 3.449125e+01 5.184779e+01 -2.010276e-01 9.102192e+00 -1.149333e-01 3.512682e-03 8.842876e-04 -8.204861e-03
75.000 15.000 9.727566e+01 1.047225e+02 -3.686572e-02 1.420294e+01 9.669959e+01 1.052579e+02 -4.237677e-02 1.419841e+01 1.048005e-01 3.734447e-03 2.744164e-04 -9.974425e-03
75.000 45.000 9.249576e+01 8.491111e+01 4.275282e-02 1.330724e+01 9.226330e+01 8.513914e+01 4.015817e-02 1.330851e+01 2.882348e-01 3.626816e-03 1.378651e-04 -1.844725e-02
75.000 75.000 8.889604e+01 1.766223e+02 -3.303962e-01 1.537966e+01 8.964867e+01 1.754364e+02 -3.236234e-01 1.540526e+01 3.944368e-01 3.569853e-03 -3.111329e-04 -4.712933e-02
75.000 105.000 8.820128e+01 9.618109e+01 -4.327859e-02 1.356602e+01 8.914128e+01 9.544243e+01 -3.413709e-02 1.357824e+01 3.949499e-01 3.623013e-03 -4.762713e-04 -3.230338e-02
75.000 135.000 7.658342e+01 1.527850e+02 -3.322234e-01 1.428469e+01 7.787945e+01 1.508850e+02 -3.191297e-01 1.433409e+01 2.896364e-01 3.730754e-03 -6.470328e-04 -4.353330e-02
75.000 165.000 8.688409e+01 1.207955e+02 -1.632871e-01 1.421768e+01 8.781541e+01 1.195816e+02 -1.531661e-01 1.423136e+01 1.067151e-01 3.785296e-03 -5.031167e-04 -1.899060e-02
75.000 195.000 1.121552e+02 1.019372e+02 4.772705e-02 1.461523e+01 1.127408e+02 1.013480e+02 5.321511e-02 1.461104e+01 -1.048004e-01 3.734447e-03 -2.655588e-04 1.043621e-02
75.000 225.000 1.881776e+02 7.882938e+01 4.095333e-01 1.490722e+01 1.884634e+02 7.883527e+01 4.101335e-01 1.491095e+01 -2.882348e-01 3.626816e-03 -2.846397e-05 4.680738e-02
75.000 255.000 1.199529e+02 5.739697e+01 3.527261e-01 1.246133e+01 1.191720e+02 5.779444e+01 3.468315e-01 1.247713e+01 -3.944368e-01 3.569853e-03 3.342698e-04 5.995852e-02
75.000 285.000 1.079043e+02 8.310536e+01 1.298306e-01 1.370365e+01 1.066877e+02 8.433770e+01 1.170003e-01 1.372627e+01 -3.949499e-01 3.623013e-03 6.614972e-04 3.829495e-02
75.000 315.000 1.433218e+02 7.078076e+01 3.388145e-01 1.376679e+01 1.419318e+02 7.160601e+01 3.293364e-01 1.379772e+01 -2.896364e-01 3.730754e-03 4.862785e-04 4.564976e-02
75.000 345.000 5.955546e+01 7.158657e+01 -9.174112e-02 1.140343e+01 5.894123e+01 7.234576e+01 -1.021010e-01 1.139817e+01 -1.067151e-01 3.785296e-03 6.425463e-04 1.313112e-03
105.000 15.000 1.115737e+02 1.203068e+02 -3.766229e-02 1.521682e+01 1.116668e+02 1.205971e+02 -3.844924e-02 1.522894e+01 7.813350e-02 3.785296e-03 3.655404e-05 -7.609724e-03
105.000 45.000 1.300946e+02 1.128725e+02 7.088220e-02 1.554820e+01 1.286960e+02 1.137568e+02 6.161723e-02 1.554131e+01 2.526640e-01 3.730754e-03 4.214493e-04 -1.169151e-02
105.000 75.000 1.266159e+02 1.510503e+02 -8.799901e-02 1.659868e+01 1.244956e+02 1.530210e+02 -1.027879e-01 1.657059e+01 3.594934e-01 3.623012e-03 6.305429e-04 -2.695953e-02
105.000 105.000 9.854563e+01 1.885763e+02 -3.135624e-01 1.609011e+01 9.618341e+01 1.914149e+02 -3.311268e-01 1.600202e+01 3.699969e-01 3.569853e-03 7.740137e-04 -4.248319e-02
105.000 135.000 1.170995e+02 1.649003e+02 -1.695065e-01 1.654984e+01 1.149158e+02 1.668917e+02 -1.844376e-01 1.649913e+01 2.813599e-01 3.626816e-03 6.389215e-04 -2.724295e-02
105.000 165.000 1.197780e+02 1.684774e+02 -1.689455e-01 1.673403e+01 1.190028e+02 1.694622e+02 -1.749238e-01 1.672240e+01 1.173328e-01 3.734447e-03 2.527022e-04 -1.710755e-02
105.000 195.000 1.168792e+02 1.375910e+02 -8.139198e-02 1.589920e+01 1.169558e+02 1.373363e+02 -8.014591e-02 1.589524e+01 -7.813348e-02 3.785296e-03 -5.542523e-05 -2.049474e-04
105.000 225.000 1.845942e+02 9.868701e+01 3.032576e-01 1.603837e+01 1.862367e+02 9.739542e+01 3.132272e-01 1.599389e+01 -2.526640e-01 3.730754e-03 -4.401553e-04 3.466198e-02
105.000 255.000 1.954519e+02 1.510431e+02 1.281659e-01 1.846086e+01 1.976580e+02 1.480468e+02 1.435076e-01 1.840068e+01 -3.594934e-01 3.623013e-03 -5.885904e-04 2.641585e-02
105.000 285.000 1.834938e+02 1.100531e+02 2.501838e-01 1.658835e+01 1.863855e+02 1.077487e+02 2.673501e-01 1.652606e+01 -3.699969e-01 3.569853e-03 -7.331200e-04 3.738652e-02
105.000 315.000 1.257656e+02 1.588450e+02 -1.162270e-01 1.675607e+01 1.271331e+02 1.562668e+02 -1.028008e-01 1.674530e+01 -2.813599e-01 3.626815e-03 -5.667677e-04 9.855112e-03
105.000 345.000 1.555387e+02 1.211798e+02 1.241656e-01 1.650613e+01 1.568586e+02 1.200557e+02 1.329035e-01 1.649312e+01 -1.173329e-01 3.734447e-03 -3.744717e-04 1.463083e-02
135.000 15.000 1.863384e+01 2.910792e+01 -2.193903e-01 6.741206e+00 1.880910e+01 2.889100e+01 -2.113600e-01 6.750496e+00 4.262094e-02 3.512682e-03 -8.417428e-04 -3.886711e-02
135.000 45.000 2.677143e+01 3.138097e+01 -7.926650e-02 7.601777e+00 2.654389e+01 3.165852e+01 -8.787648e-02 7.599537e+00 1.966478e-01 3.327160e-03 8.010065e-04 -3.629603e-02
135.000 75.000 1.793724e+01 2.757371e+01 -2.117395e-01 6.593219e+00 1.735940e+01 2.821213e+01 -2.381470e-01 6.556446e+00 2.979831e-01 3.502459e-03 2.840053e-03 -7.731012e-02
135.000 105.000 3.881158e+01 3.126463e+01 1.076963e-01 8.322466e+00 3.724886e+01 3.220607e+01 7.260522e-02 8.311967e+00 3.194740e-01 3.838409e-03 2.983347e-03 -2.544651e-02
135.000 135.000 3.005098e+01 4.469192e+01 -1.958841e-01 8.477911e+00 2.888362e+01 4.603484e+01 -2.289318e-01 8.425675e+00 2.553622e-01 4.000290e-03 2.764875e-03 -5.322611e-02
135.000 165.000 2.065775e+01 2.049773e+01 3.888041e-03 6.415205e+00 2.008298e+01 2.100802e+01 -2.251181e-02 6.408602e+00 1.228262e-01 3.847739e-03 2.911384e-03 -1.854004e-02
135.000 195.000 2.851968e+01 2.052873e+01 1.629196e-01 6.909886e+00 2.826343e+01 2.075248e+01 1.532350e-01 6.918452e+00 -4.262092e-02 3.512682e-03 9.904411e-04 2.974586e-02
135.000 225.000 1.778340e+01 2.651652e+01 -1.971362e-01 6.525206e+00 1.787952e+01 2.627133e+01 -1.900715e-01 6.523481e+00 -1.966478e-01 3.327160e-03 -7.656729e-04 -7.484769e-05
135.000 255.000 4.007953e+01 2.503104e+01 2.311220e-01 7.850640e+00 4.096726e+01 2.422864e+01 2.567434e-01 7.803741e+00 -2.979831e-01 3.502459e-03 -2.314619e-03 6.739643e-02
135.000 285.000 4.298508e+01 3.148300e+01 1.544564e-01 8.525931e+00 4.433228e+01 3.021273e+01 1.894097e-01 8.477655e+00 -3.194740e-01 3.838409e-03 -2.907101e-03 5.558694e-02
135.000 315.000 2.016547e+01 3.253381e+01 -2.346965e-01 7.056661e+00 2.081420e+01 3.127566e+01 -2.008349e-01 7.070279e+00 -2.553622e-01 4.000290e-03 -3.389805e-03 2.928534e-03
135.000 345.000 3.384172e+01 8.733037e+00 5.897551e-01 5.269419e+00 3.466338e+01 8.552560e+00 6.041942e-01 5.238314e+00 -1.228262e-01 3.847739e-03 -1.943316e-03 1.352295e-01
165.000 15.000 0.000000e+00 0.000000e+00 -1.000000e+01 0.000000e+00 0.000000e+00 0.000000e+00 -1.000000e+01 0.000000e+00 4.564054e-02 2.911455e-03 -1.000000e+01 -3.450385e+03
165.000 45.000 0.000000e+00 0.000000e+00 -1.000000e+01 0.000000e+00 0.000000e+00 0.000000e+00 -1.000000e+01 0.000000e+00 1.692464e-01 4.317394e-03 -1.000000e+01 -2.355413e+03
165.000 75.000 0.000000e+00 0.000000e+00 -1.000000e+01 0.000000e+00 0.000000e+00 0.000000e+00 -1.000000e+01 0.000000e+00 2.475029e-01 4.868211e-03 -1.000000e+01 -2.104983e+03
165.000 105.000 0.000000e+00 0.000000e+00 -1.000000e+01 0.000000e+00 0.000000e+00 0.000000e+00 -1.000000e+01 0.000000e+00 2.594411e-01 4.312279e-03 -1.000000e+01 -2.379123e+03
165.000 135.000 0.000000e+00 0.000000e+00 -1.000000e+01 0.000000e+00 0.000000e+00 0.000000e+00 -1.000000e+01 0.000000e+00 2.018624e-01 2.903865e-03 -1.000000e+01 -3.513202e+03
165.000 165.000 0.000000e+00 0.000000e+00 -1.000000e+01 0.000000e+00 0.000000e+00 0.000000e+00 -1.000000e+01 0.000000e+00 9.019471e-02 1.836530e-03 -1.000000e+01 -5.494162e+03
165.000 195.000 1.417664e+00 0.000000e+00 1.000000e+00 2.000000e+00 1.392314e+00 0.000000e+00 1.000000e+00 2.000000e+00 -4.564053e-02 2.911455e-03 0.000000e+00 5.228197e-01
165.000 225.000 0.000000e+00 0.000000e+00 -1.000000e+01 0.000000e+00 0.000000e+00 0.000000e+00 -1.000000e+01 0.000000e+00 -1.692464e-01 4.317394e-03 -1.000000e+01 -2.277011e+03
165.000 255.000 0.000000e+00 0.000000e+00 -1.000000e+01 0.000000e+00 0.000000e+00 0.000000e+00 -1.000000e+01 0.000000e+00 -2.475029e-01 4.868211e-03 -1.000000e+01 -2.003302e+03
165.000 285.000 0.000000e+00 0.000000e+00 -1.000000e+01 0.000000e+00 0.000000e+00 0.000000e+00 -1.000000e+01 0.000000e+00 -2.594411e-01 4.312279e-03 -1.000000e+01 -2.258796e+03
165.000 315.000 0.000000e+00 0.000000e+00 -1.000000e+01 0.000000e+00 0.000000e+00 0.000000e+00 -1.000000e+01 0.000000e+00 -2.018624e-01 2.903865e-03 -1.000000e+01 -3.374171e+03
165.000 345.000 1.723571e+00 0.000000e+00 1.000000e+00 2.000000e+00 1.770242e+00 0.000000e+00 1.000000e+00 2.000000e+00 -9.019473e-02 1.836530e-03 0.000000e+00 5.450971e-01
195.000 15.000 0.000000e+00 0.000000e+00 -1.000000e+01 0.000000e+00 0.000000e+00 0.000000e+00 -1.000000e+01 0.000000e+00 9.019469e-02 1.836529e-03 -1.000000e+01 -5.494164e+03
195.000 45.000 0.000000e+00 0.000000e+00 -1.000000e+01 0.000000e+00 0.000000e+00 0.000000e+00 -1.000000e+01 0.000000e+00 2.018623e-01 2.903865e-03 -1.000000e+01 -3.513202e+03
195.000 75.000 0.000000e+00 0.000000e+00 -1.000000e+01 0.000000e+00 0.000000e+00 0.000000e+00 -1.000000e+01 0.000000e+00 2.594411e-01 4.312279e-03 -1.000000e+01 -2.379123e+03
195.000 105.000 0.000000e+00 0.000000e+00 -1.000000e+01 0.000000e+00 0.000000e+00 0.000000e+00 -1.000000e+01 0.000000e+00 2.475029e-01 4.868211e-03 -1.000000e+01 -2.104983e+03
195.000 135.000 0.000000e+00 0.000000e+00 -1.000000e+01 0.000000e+00 0.000000e+00 0.000000e+00 -1.000000e+01 0.000000e+00 1.692465e-01 4.317394e-03 -1.000000e+01 -2.355413e+03
195.000 165.000 0.000000e+00 0.000000e+00 -1.000000e+01 0.000000e+00 0.000000e+00 0.000000e+00 -1.000000e+01 0.000000e+00 4.564056e-02 2.911455e-03 -1.000000e+01 -3.450385e+03
195.000 195.000 0.000000e+00 0.000000e+00 -1.000000e+01 0.000000e+00 0.000000e+00 0.000000e+00 -1.000000e+01 0.000000e+00 -9.019468e-02 1.836529e-03 -1.000000e+01 -5.395941e+03
195.000 225.000 0.000000e+00 0.000000e+00 -1.000000e+01 0.000000e+00 0.000000e+00 0.000000e+00 -1.000000e+01 0.000000e+00 -2.018623e-01 2.903865e-03 -1.000000e+01 -3.374172e+03
195.000 255.000 0.000000e+00 0.000000e+00 -1.000000e+01 0.000000e+00 0.000000e+00 0.000000e+00 -1.000000e+01 0.000000e+00 -2.594411e-01 4.312279e-03 -1.000000e+01 -2.258796e+03
195.000 285.000 0.000000e+00 0.000000e+00 -1.000000e+01 0.000000e+00 0.000000e+00 0.000000e+00 -1.000000e+01 0.000000e+00 -2.475029e-01 4.868211e-03 -1.000000e+01 -2.003302e+03
195.000 315.000 0.000000e+00 0.000000e+00 -1.000000e+01 0.000000e+00 0.000000e+00 0.000000e+00 -1.000000e+01 0.000000e+00 -1.692465e-01 4.317394e-03 -1.000000e+01 -2.277011e+03
195.000 345.000 0.000000e+00 0.000000e+00 -1.000000e+01 0.000000e+00 0.000000e+00 0.000000e+00 -1.000000e+01 0.000000e+00 -4.564058e-02 2.911455e-03 -1.000000e+01 -3.419032e+03
225.000 15.000 3.623517e+01 2.968452e+01 9.937319e-02 8.078906e+00 3.535667e+01 3.035282e+01 7.615109e-02 8.082601e+00 1.228262e-01 3.847739e-03 2.032051e-03 -2.902992e-03
225.000 45.000 2.631462e+01 2.168222e+01 9.651479e-02 6.895632e+00 2.529413e+01 2.242359e+01 6.015658e-02 6.895291e+00 2.553621e-01 4.000290e-03 3.728414e-03 -2.303593e-02
225.000 75.000 3.123751e+01 1.221384e+01 4.378152e-01 5.926424e+00 2.997769e+01 1.261633e+01 4.076009e-01 5.959657e+00 3.194740e-01 3.838409e-03 3.594904e-03 1.996840e-02
225.000 105.000 1.980213e+01 2.469110e+01 -1.098813e-01 6.629934e+00 1.917270e+01 2.531860e+01 -1.381371e-01 6.606233e+00 2.979831e-01 3.502459e-03 3.018972e-03 -6.151861e-02
225.000 135.000 2.727630e+01 4.024532e+01 -1.920721e-01 8.064157e+00 2.703366e+01 4.062548e+01 -2.008867e-01 8.057836e+00 1.966478e-01 3.327160e-03 7.732148e-04 -4.820341e-02
225.000 165.000 1.636887e+01 3.388380e+01 -3.485372e-01 6.644402e+00 1.655700e+01 3.352092e+01 -3.387503e-01 6.658182e+00 4.262095e-02 3.512682e-03 -1.040452e-03 -5.887032e-02
225.000 195.000 2.267811e+01 4.563099e+01 -3.360149e-01 7.784381e+00 2.322270e+01 4.439053e+01 -3.130724e-01 7.809364e+00 -1.228262e-01 3.847739e-03 -2.080674e-03 -2.738673e-02
225.000 225.000 3.276469e+01 3.686413e+01 -5.887563e-02 8.329913e+00 3.388590e+01 3.553385e+01 -2.373889e-02 8.329503e+00 -2.553621e-01 4.000290e-03 -2.982749e-03 2.358806e-02
225.000 255.000 4.281440e+01 3.025696e+01 1.718517e-01 8.421006e+00 4.408671e+01 2.902991e+01 2.059286e-01 8.367556e+00 -3.194740e-01 3.838409e-03 -2.870513e-03 5.834525e-02
225.000 285.000 3.077265e+01 2.636933e+01 7.705927e-02 7.536754e+00 3.146632e+01 2.561240e+01 1.025588e-01 7.515208e+00 -2.979831e-01 3.502459e-03 -2.395821e-03 4.976179e-02
225.000 315.000 3.299693e+01 2.278032e+01 1.831680e-01 7.342064e+00 3.328282e+01 2.252825e+01 1.926960e-01 7.330669e+00 -1.966478e-01 3.327160e-03 -9.183446e-04 5.173148e-02
225.000 345.000 3.353198e+01 2.353023e+01 1.752781e-01 7.437010e+00 3.323250e+01 2.377946e+01 1.658081e-01 7.446111e+00 -4.262097e-02 3.512682e-03 8.998564e-04 2.929928e-02
255.000 15.000 1.228499e+02 1.574219e+02 -1.233515e-01 1.661347e+01 1.222871e+02 1.587079e+02 -1.296136e-01 1.662151e+01 1.173328e-01 3.734447e-03 2.664666e-04 -1.448730e-02
255.000 45.000 1.097971e+02 1.333248e+02 -9.677334e-02 1.551918e+01 1.080696e+02 1.351471e+02 -1.113307e-01 1.549845e+01 2.813599e-01 3.626816e-03 6.637248e-04 -2.436554e-02
255.000 75.000 1.015286e+02 1.488588e+02 -1.890281e-01 1.553836e+01 9.944492e+01 1.507567e+02 -2.050816e-01 1.548155e+01 3.699968e-01 3.569853e-03 7.318840e-04 -3.597709e-02
255.000 105.000 1.028334e+02 1.614560e+02 -2.218120e-01 1.585201e+01 1.009836e+02 1.635487e+02 -2.365121e-01 1.580300e+01 3.594934e-01 3.623013e-03 6.567406e-04 -3.667077e-02
255.000 135.000 1.118289e+02 1.348352e+02 -9.326956e-02 1.563708e+01 1.105009e+02 1.357802e+02 -1.026439e-01 1.561046e+01 2.526640e-01 3.730754e-03 4.242687e-04 -2.212264e-02
255.000 165.000 1.785367e+02 1.302505e+02 1.563736e-01 1.735617e+01 1.783715e+02 1.304255e+02 1.552669e-01 1.735951e+01 7.813351e-02 3.785296e-03 4.508355e-05 4.507912e-03
255.000 195.000 1.564788e+02 1.596189e+02 -9.933723e-03 1.777826e+01 1.577329e+02 1.582969e+02 -1.784607e-03 1.777720e+01 -1.173328e-01 3.734447e-03 -3.241300e-04 6.041035e-03
255.000 225.000 2.030390e+02 1.267797e+02 2.312160e-01 1.766879e+01 2.059081e+02 1.246826e+02 2.456981e-01 1.762480e+01 -2.813599e-01 3.626816e-03 -5.802992e-04 2.901023e-02
255.000 255.000 1.554396e+02 1.032070e+02 2.019457e-01 1.575114e+01 1.580432e+02 1.011549e+02 2.194779e-01 1.570708e+01 -3.699968e-01 3.569853e-03 -7.881661e-04 3.631118e-02
255.000 285.000 1.765762e+02 1.330078e+02 1.407321e-01 1.741989e+01 1.787502e+02 1.307198e+02 1.552020e-01 1.737860e+01 -3.594934e-01 3.623013e-03 -5.880577e-04 2.871577e-02
255.000 315.000 1.610547e+02 1.234802e+02 1.320559e-01 1.672044e+01 1.625163e+02 1.223181e+02 1.411281e-01 1.670812e+01 -2.526640e-01 3.730754e-03 -3.838077e-04 2.300896e-02
255.000 345.000 1.320428e+02 1.164564e+02 6.272199e-02 1.573282e+01 1.322095e+02 1.162533e+02 6.421967e-02 1.573016e+01 -7.813353e-02 3.785296e-03 -6.731857e-05 8.952973e-03
285.000 15.000 9.640021e+01 9.689160e+01 -2.542215e-03 1.390290e+01 9.739746e+01 9.590979e+01 7.695836e-03 1.390309e+01 1.067151e-01 3.785296e-03 -5.207077e-04 -7.858597e-03
285.000 45.000 1.040366e+02 1.039041e+02 6.373888e-04 1.442015e+01 1.053816e+02 1.027841e+02 1.247835e-02 1.442683e+01 2.896364e-01 3.730754e-03 -5.804993e-04 -2.004133e-02
285.000 75.000 5.666021e+01 1.305894e+02 -3.948164e-01 1.257224e+01 5.749904e+01 1.291570e+02 -3.839039e-01 1.261532e+01 3.949499e-01 3.623012e-03 -6.127099e-04 -6.281827e-02
285.000 105.000 8.461740e+01 8.845691e+01 -2.218417e-02 1.315253e+01 8.507215e+01 8.810704e+01 -1.752453e-02 1.315774e+01 3.944368e-01 3.569853e-03 -2.504619e-04 -3.167610e-02
285.000 135.000 7.882349e+01 1.168772e+02 -1.944484e-01 1.372229e+01 7.873131e+01 1.168674e+02 -1.949709e-01 1.371726e+01 2.882348e-01 3.626815e-03 2.692673e-05 -3.517513e-02
285.000 165.000 6.179068e+01 9.812557e+01 -2.272120e-01 1.231505e+01 6.142953e+01 9.883812e+01 -2.334133e-01 1.231000e+01 1.048005e-01 3.734448e-03 3.561351e-04 -2.695989e-02
285.000 195.000 8.324789e+01 8.864869e+01 -3.141893e-02 1.310446e+01 8.249435e+01 8.980533e+01 -4.243178e-02 1.311448e+01 -1.067150e-01 3.785296e-03 5.940182e-04 5.745838e-03
285.000 225.000 8.568626e+01 5.775605e+01 1.947139e-01 1.174751e+01 8.471200e+01 5.856521e+01 1.824909e-01 1.176884e+01 -2.896364e-01 3.730754e-03 7.350555e-04 4.123004e-02
285.000 255.000 9.109775e+01 8.706543e+01 2.263274e-02 1.334436e+01 9.037034e+01 8.814396e+01 1.247169e-02 1.335989e+01 -3.949499e-01 3.623012e-03 5.381128e-04 3.129282e-02
285.000 285.000 1.749564e+02 1.135103e+02 2.130093e-01 1.659452e+01 1.743621e+02 1.146002e+02 2.068156e-01 1.663137e+01 -3.944369e-01 3.569853e-03 2.636241e-04 3.660522e-02
285.000 315.000 1.311958e+02 8.823498e+01 1.957832e-01 1.452652e+01 1.312081e+02 8.823349e+01 1.958363e-01 1.452672e+01 -2.882348e-01 3.626815e-03 -2.584992e-06 3.331961e-02
285.000 345.000 1.286731e+02 1.124339e+02 6.735268e-02 1.549236e+01 1.293218e+02 1.118278e+02 7.254448e-02 1.548808e+01 -1.048005e-01 3.734448e-03 -2.369982e-04 1.111213e-02
315.000 15.000 5.690224e+01 2.965885e+01 3.147302e-01 8.831012e+00 5.755861e+01 2.930550e+01 3.252565e-01 8.813319e+00 1.149333e-01 3.512682e-03 -8.436906e-04 2.262447e-02
315.000 45.000 2.675760e+01 4.582351e+01 -2.626841e-01 8.220268e+00 2.735879e+01 4.503440e+01 -2.441611e-01 8.250909e+00 3.083678e-01 3.327160e-03 -1.590375e-03 -6.946877e-02
315.000 75.000 1.983674e+01 9.232107e+01 -6.462709e-01 8.081665e+00 2.043154e+01 9.056968e+01 -6.318682e-01 8.165976e+00 4.191754e-01 3.502459e-03 -1.253605e-03 -1.318350e-01
315.000 105.000 2.011205e+01 7.279849e+01 -5.670664e-01 7.939385e+00 2.055668e+01 7.164850e+01 -5.541101e-01 7.993415e+00 4.176653e-01 3.838409e-03 -1.150006e-03 -1.240312e-01
315.000 135.000 5.134508e+01 5.427410e+01 -2.773190e-02 1.027317e+01 5.190517e+01 5.364119e+01 -1.644785e-02 1.027219e+01 3.042422e-01 4.000290e-03 -7.767233e-04 -3.231467e-02
315.000 165.000 8.587005e+01 5.519836e+01 2.174242e-01 1.159309e+01 8.578092e+01 5.514747e+01 2.173689e-01 1.158748e+01 1.092975e-01 3.847739e-03 3.375378e-06 9.326822e-03
315.000 195.000 3.699116e+01 7.696269e+00 6.555511e-01 5.048082e+00 3.649373e+01 7.831413e+00 6.466379e-01 5.078484e+00 -1.149333e-01 3.512682e-03 1.244754e-03 1.526291e-01
315.000 225.000 7.732459e+01 8.449315e+01 -4.430019e-02 1.270827e+01 7.601326e+01 8.647247e+01 -6.436997e-02 1.272055e+01 -3.083678e-01 3.327160e-03 1.116172e-03 2.077919e-02
315.000 255.000 4.971354e+01 1.952485e+01 4.360109e-01 7.488377e+00 4.879908e+01 2.007722e+01 4.170064e-01 7.543150e+00 -4.191754e-01 3.502459e-03 1.787999e-03 1.142018e-01
315.000 285.000 5.684162e+01 4.052420e+01 1.675888e-01 9.727857e+00 5.595175e+01 4.157244e+01 1.474435e-01 9.767500e+00 -4.176654e-01 3.838409e-03 1.461361e-03 6.016270e-02
315.000 315.000 3.684205e+01 9.403745e+00 5.933146e-01 5.474144e+00 3.643982e+01 9.517486e+00 5.858119e-01 5.494168e+00 -3.042422e-01 4.000290e-03 9.673684e-04 1.639629e-01
315.000 345.000 4.011645e+01 3.770808e+01 3.094617e-02 8.817596e+00 4.020049e+01 3.765655e+01 3.267451e-02 8.818952e+00 -1.092976e-01 3.847739e-03 -1.385900e-04 1.590498e-02
345.000 15.000 0.000000e+00 7.486978e+00 -1.000000e+00 2.000000e+00 0.000000e+00 7.467045e+00 -1.000000e+00 2.000000e+00 1.219041e-01 2.911456e-03 0.000000e+00 -5.609515e-01
345.000 45.000 3.202071e+01 3.683044e+01 -6.985697e-02 8.277388e+00 3.250190e+01 3.642933e+01 -5.697608e-02 8.288996e+00 3.257788e-01 4.317394e-03 -1.099596e-03 -4.779717e-02
345.000 75.000 3.052428e+01 5.739193e+01 -3.056052e-01 8.927784e+00 3.119206e+01 5.656398e+01 -2.891188e-01 8.967750e+00 4.423613e-01 4.868211e-03 -1.302850e-03 -8.377962e-02
345.000 105.000 1.501269e+01 5.161132e+01 -5.493311e-01 6.820501e+00 1.533328e+01 5.084123e+01 -5.365804e-01 6.864520e+00 4.404135e-01 4.312278e-03 -1.317645e-03 -1.451131e-01
345.000 135.000 2.128009e+01 3.323697e+01 -2.193235e-01 7.203793e+00 2.155026e+01 3.288172e+01 -2.081766e-01 7.216165e+00 3.204572e-01 2.903865e-03 -1.093220e-03 -7.493007e-02
345.000 165.000 1.052700e+01 8.918983e+00 8.269151e-02 4.394658e+00 1.056463e+01 8.864931e+00 8.747993e-02 4.390999e+00 1.146347e-01 1.836530e-03 -7.707832e-04 -7.268643e-03
345.000 195.000 2.947053e+01 2.695525e+01 4.457678e-02 7.504242e+00 2.934820e+01 2.703856e+01 4.096077e-02 7.502810e+00 -1.219041e-01 2.911455e-03 3.407611e-04 2.218490e-02
345.000 225.000 0.000000e+00 0.000000e+00 -1.000000e+01 0.000000e+00 0.000000e+00 0.000000e+00 -1.000000e+01 0.000000e+00 -3.257788e-01 4.317394e-03 -1.000000e+01 -2.240755e+03
345.000 255.000 1.146405e+01 1.381639e+01 -9.304989e-02 5.006152e+00 1.127363e+01 1.409831e+01 -1.113311e-01 5.005743e+00 -4.423613e-01 4.868211e-03 2.582277e-03 6.977640e-02
345.000 285.000 8.219907e+00 1.528679e+01 -3.006327e-01 4.624085e+00 8.118764e+00 1.561405e+01 -3.158194e-01 4.622300e+00 -4.404135e-01 4.312278e-03 2.322772e-03 3.022885e-02
345.000 315.000 0.000000e+00 3.251914e+01 -1.000000e+00 2.000000e+00 0.000000e+00 3.303664e+01 -1.000000e+00 2.000000e+00 -3.204573e-01 2.903865e-03 0.000000e+00 -3.397710e-01
345.000 345.000 3.249336e+01 1.628016e+01 3.324182e-01 6.586650e+00 3.232040e+01 1.634021e+01 3.284011e-01 6.588831e+00 -1.146347e-01 1.836530e-03 4.311792e-04 6.787258e-02
