  #t  #Q2   A1M1_AVG      A_1M1     dA_1M1   A0P1_AVG      A_0P1     dA_0P1   A2M1_AVG      A_2M1     dA_2M1   A3M1_AVG      A_3M1     dA_3M1   A1P1_AVG      A_1P1     dA_1P1       Asym      Astat          t         tp         xb         Q2          W     Dilute
   7    0 -9.403e-02 -6.787e-02 2.5757e-03  3.781e-01  3.725e-01 2.5192e-03 -1.849e-02 -1.410e-02 2.5341e-03 -1.991e-03 -9.658e-03 2.5313e-03  3.813e-02  2.242e-02 2.5234e-03 -3.7250e-03 2.1784e-03 4.5192e-01 7.9001e-02 4.3922e-01 5.4874e+00 2.7863e+00 6.7544e-01
   Phi   PhiS      N_U_avg      N_D_avg     Asym_avg    dAsym_avg      N_U_fit      N_D_fit     Asym_fit    dAsym_fit     Asym_cal    dAsym_cal     GOOD_fit     GOOD_cal
15.000 15.000 0.000000e+00 2.904425e+01 -1.000000e+00 2.000000e+00 0.000000e+00 2.874441e+01 -1.000000e+00 2.000000e+00 9.914174e-02 2.012226e-03 0.000000e+00 -5.495706e-01
15.000 45.000 3.300858e+01 1.402484e+01 4.036224e-01 6.274644e+00 3.381352e+01 1.376774e+01 4.212956e-01 6.255882e+00 3.203979e-01 3.168213e-03 -1.994619e-03 1.326362e-02
15.000 75.000 3.884972e+01 2.668203e+01 1.856762e-01 7.954401e+00 3.998427e+01 2.623396e+01 2.076513e-01 7.960086e+00 4.558037e-01 4.698634e-03 -1.952780e-03 -3.395949e-02
15.000 105.000 3.330845e+00 4.721251e+01 -8.681985e-01 3.527798e+00 3.401103e+00 4.626031e+01 -8.630283e-01 3.559874e+00 4.690773e-01 5.303606e-03 -1.031602e-03 -3.790677e-01
15.000 135.000 9.575810e+00 1.565140e+01 -2.408346e-01 4.874833e+00 9.734419e+00 1.550800e+01 -2.287253e-01 4.890997e+00 3.566620e-01 4.705286e-03 -1.753582e-03 -1.225676e-01
15.000 165.000 3.185166e+01 4.294252e+01 -1.482851e-01 8.552752e+00 3.190304e+01 4.287403e+01 -1.467160e-01 8.553798e+00 1.486794e-01 3.178070e-03 -1.297188e-04 -3.472151e-02
15.000 195.000 9.596487e+00 4.521872e+01 -6.498604e-01 5.627231e+00 9.452612e+00 4.586362e+01 -6.582337e-01 5.599043e+00 -9.914172e-02 2.012226e-03 1.054804e-03 -9.786673e-02
15.000 225.000 2.271984e+01 3.981001e+01 -2.733123e-01 7.606504e+00 2.235266e+01 4.082136e+01 -2.923465e-01 7.600971e+00 -3.203979e-01 3.168213e-03 1.770081e-03 6.190177e-03
15.000 255.000 3.999070e+01 2.389832e+01 2.518803e-01 7.735352e+00 3.918550e+01 2.462445e+01 2.281942e-01 7.777352e+00 -4.558037e-01 4.698634e-03 2.159330e-03 9.148696e-02
15.000 285.000 2.887376e+01 4.496626e+01 -2.179374e-01 8.386469e+00 2.832468e+01 4.585560e+01 -2.363285e-01 8.368825e+00 -4.690773e-01 5.303606e-03 1.552284e-03 2.994584e-02
15.000 315.000 2.300354e+01 1.580241e+01 1.855678e-01 6.121246e+00 2.285492e+01 1.592303e+01 1.787586e-01 6.126892e+00 -3.566620e-01 4.705286e-03 7.862080e-04 8.858158e-02
15.000 345.000 5.798851e+00 1.490175e+01 -4.397409e-01 4.086280e+00 5.857506e+00 1.486947e+01 -4.347939e-01 4.099833e+00 -1.486794e-01 3.178070e-03 -8.546311e-04 -7.122893e-02
45.000 15.000 7.408803e+01 7.135351e+01 1.880155e-02 1.205778e+01 7.548489e+01 7.022404e+01 3.610521e-02 1.206312e+01 5.990775e-02 4.201958e-03 -1.014517e-03 -3.409102e-03
45.000 45.000 1.140114e+02 1.572537e+02 -1.594098e-01 1.625952e+01 1.173512e+02 1.538203e+02 -1.344870e-01 1.631769e+01 2.661891e-01 4.377104e-03 -1.081925e-03 -2.617537e-02
45.000 75.000 6.672818e+01 1.565103e+02 -4.021803e-01 1.367954e+01 6.919918e+01 1.529591e+02 -3.770281e-01 1.380501e+01 4.011452e-01 4.194191e-03 -1.294188e-03 -5.872459e-02
45.000 105.000 1.856455e+02 1.555960e+02 8.805922e-02 1.840096e+01 1.913785e+02 1.524896e+02 1.130927e-01 1.842471e+01 4.286149e-01 3.810622e-03 -9.613594e-04 -1.850749e-02
45.000 135.000 8.335378e+01 1.339644e+02 -2.328870e-01 1.433637e+01 8.483915e+01 1.323413e+02 -2.187222e-01 1.438022e+01 3.412375e-01 3.608081e-03 -6.975784e-04 -4.004670e-02
45.000 165.000 1.142048e+02 9.774797e+01 7.764399e-02 1.451465e+01 1.142995e+02 9.823115e+01 7.560488e-02 1.453671e+01 1.624258e-01 3.819169e-03 9.926370e-05 -5.841121e-03
45.000 195.000 1.600542e+02 9.277071e+01 2.661269e-01 1.532707e+01 1.573590e+02 9.368632e+01 2.536301e-01 1.532632e+01 -5.990773e-02 4.201957e-03 5.765507e-04 2.127182e-02
45.000 225.000 2.601808e+02 7.296626e+01 5.619576e-01 1.509770e+01 2.543258e+02 7.517205e+01 5.437175e-01 1.523446e+01 -2.661890e-01 4.377104e-03 8.504213e-04 5.485252e-02
45.000 255.000 1.279985e+02 4.955937e+01 4.417664e-01 1.195433e+01 1.249116e+02 5.143740e+01 4.166409e-01 1.207214e+01 -4.011452e-01 4.194191e-03 1.478885e-03 7.051097e-02
45.000 285.000 1.129043e+02 9.408196e+01 9.093541e-02 1.432741e+01 1.105620e+02 9.691506e+01 6.577556e-02 1.437287e+01 -4.286149e-01 3.810622e-03 1.239757e-03 3.626268e-02
45.000 315.000 1.057854e+02 9.973245e+01 2.945238e-02 1.432968e+01 1.046534e+02 1.011774e+02 1.688768e-02 1.434476e+01 -3.412375e-01 3.608081e-03 6.196866e-04 2.586868e-02
45.000 345.000 1.679448e+02 1.094186e+02 2.110092e-01 1.627924e+01 1.671858e+02 1.090836e+02 2.103099e-01 1.624961e+01 -1.624258e-01 3.819169e-03 3.039913e-05 2.293933e-02
75.000 15.000 9.926467e+02 1.050337e+03 -2.823838e-02 4.518136e+01 1.000742e+03 1.041510e+03 -1.996225e-02 4.518228e+01 5.491174e-02 4.071983e-03 -1.295235e-04 -1.840364e-03
75.000 45.000 8.852433e+02 1.408589e+03 -2.281534e-01 4.663077e+01 8.992656e+02 1.390581e+03 -2.145624e-01 4.673787e+01 2.352590e-01 3.949544e-03 -2.058554e-04 -9.937909e-03
75.000 75.000 9.424524e+02 1.419819e+03 -2.020795e-01 4.760048e+01 9.685786e+02 1.395651e+03 -1.806390e-01 4.782346e+01 3.525688e-01 3.886707e-03 -3.177546e-04 -1.165216e-02
75.000 105.000 8.635284e+02 1.423531e+03 -2.448569e-01 4.636743e+01 8.868896e+02 1.401734e+03 -2.249581e-01 4.661336e+01 3.754081e-01 3.949208e-03 -3.026542e-04 -1.337717e-02
75.000 135.000 9.734494e+02 1.637124e+03 -2.542255e-01 4.941508e+01 9.885001e+02 1.619096e+03 -2.418304e-01 4.954896e+01 2.976571e-01 4.071657e-03 -1.771283e-04 -1.116830e-02
75.000 165.000 1.161738e+03 1.121499e+03 1.762360e-02 4.777581e+01 1.166182e+03 1.118081e+03 2.105756e-02 4.778337e+01 1.401491e-01 4.131682e-03 -5.082033e-05 -2.564593e-03
75.000 195.000 1.256627e+03 9.069134e+02 1.616394e-01 4.590221e+01 1.246964e+03 9.126694e+02 1.547924e-01 4.591174e+01 -5.491172e-02 4.071983e-03 1.054649e-04 4.717663e-03
75.000 225.000 1.135177e+03 1.155875e+03 -9.034223e-03 4.786299e+01 1.118165e+03 1.176023e+03 -2.521923e-02 4.788245e+01 -2.352590e-01 3.949544e-03 2.390616e-04 4.726507e-03
75.000 255.000 1.273773e+03 8.248415e+02 2.139179e-01 4.475019e+01 1.250469e+03 8.433512e+02 1.944378e-01 4.488498e+01 -3.525688e-01 3.886707e-03 3.073447e-04 1.265887e-02
75.000 285.000 1.348204e+03 7.774745e+02 2.684927e-01 4.441218e+01 1.327735e+03 7.961082e+02 2.503137e-01 4.461804e+01 -3.754081e-01 3.949208e-03 2.887667e-04 1.449829e-02
75.000 315.000 1.385797e+03 7.652101e+02 2.885099e-01 4.440678e+01 1.370557e+03 7.774394e+02 2.761259e-01 4.454460e+01 -2.976571e-01 4.071657e-03 1.968907e-04 1.319995e-02
75.000 345.000 9.915865e+02 9.655683e+02 1.329392e-02 4.423583e+01 9.886645e+02 9.682000e+02 1.045784e-02 4.423404e+01 -1.401491e-01 4.131682e-03 4.533554e-05 3.468750e-03
105.000 15.000 2.493096e+03 2.241278e+03 5.318923e-02 6.870939e+01 2.486900e+03 2.247284e+03 5.061404e-02 6.871722e+01 5.996980e-02 4.131682e-03 2.650050e-05 -9.868484e-05
105.000 45.000 2.243379e+03 2.712804e+03 -9.471485e-02 7.008368e+01 2.236117e+03 2.715024e+03 -9.672675e-02 7.003440e+01 2.218388e-01 4.071657e-03 2.030619e-05 -4.516795e-03
105.000 75.000 2.094421e+03 3.023830e+03 -1.815872e-01 7.035255e+01 2.097715e+03 3.024123e+03 -1.808741e-01 7.038661e+01 3.242662e-01 3.949208e-03 -7.165648e-06 -7.190265e-03
105.000 105.000 2.154965e+03 3.335458e+03 -2.150095e-01 7.236440e+01 2.164447e+03 3.336029e+03 -2.129965e-01 7.246332e+01 3.398068e-01 3.886707e-03 -1.965650e-05 -7.666979e-03
105.000 135.000 2.094705e+03 2.632052e+03 -1.136820e-01 6.830571e+01 2.096155e+03 2.626420e+03 -1.122830e-01 6.828642e+01 2.642964e-01 3.949544e-03 -1.448384e-05 -5.533628e-03
105.000 165.000 2.360142e+03 2.710375e+03 -6.907242e-02 7.103749e+01 2.367094e+03 2.703724e+03 -6.638582e-02 7.105259e+01 1.179680e-01 4.071983e-03 -2.673953e-05 -2.632982e-03
105.000 195.000 2.767343e+03 2.351757e+03 8.118337e-02 7.131172e+01 2.774544e+03 2.345235e+03 8.385294e-02 7.130063e+01 -5.996979e-02 4.131682e-03 -2.647275e-05 1.979382e-03
105.000 225.000 2.920433e+03 2.154332e+03 1.509630e-01 7.042096e+01 2.926383e+03 2.151492e+03 1.526014e-01 7.042461e+01 -2.218388e-01 4.071657e-03 -1.645098e-05 5.293903e-03
105.000 255.000 3.035317e+03 2.353176e+03 1.265923e-01 7.281579e+01 3.027758e+03 2.354421e+03 1.251049e-01 7.278696e+01 -3.242662e-01 3.949208e-03 1.444648e-05 6.191768e-03
105.000 285.000 2.736271e+03 2.098494e+03 1.319148e-01 6.892483e+01 2.732082e+03 2.100941e+03 1.305893e-01 6.892461e+01 -3.398068e-01 3.886707e-03 1.359820e-05 6.844001e-03
105.000 315.000 2.961648e+03 1.969452e+03 2.012121e-01 6.878559e+01 2.955922e+03 1.976937e+03 1.984619e-01 6.883726e+01 -2.642965e-01 3.949544e-03 2.826010e-05 6.767529e-03
105.000 345.000 2.840209e+03 2.146616e+03 1.390852e-01 6.993108e+01 2.832952e+03 2.152419e+03 1.365059e-01 6.994623e+01 -1.179681e-01 4.071983e-03 2.607778e-05 3.675809e-03
135.000 15.000 2.289508e+03 3.129848e+03 -1.550628e-01 7.272586e+01 2.274252e+03 3.150271e+03 -1.614922e-01 7.268461e+01 5.763350e-02 3.819169e-03 6.253025e-05 -2.924632e-03
135.000 45.000 2.272984e+03 2.842767e+03 -1.113782e-01 7.107945e+01 2.239888e+03 2.885688e+03 -1.259956e-01 7.102259e+01 2.054975e-01 3.608081e-03 1.454742e-04 -4.458049e-03
135.000 75.000 2.261619e+03 3.529443e+03 -2.189276e-01 7.425295e+01 2.215588e+03 3.597595e+03 -2.377367e-01 7.405829e+01 2.982986e-01 3.810622e-03 1.793530e-04 -6.965733e-03
135.000 105.000 2.132436e+03 3.105098e+03 -1.857099e-01 7.111190e+01 2.091823e+03 3.153412e+03 -2.023913e-01 7.092516e+01 3.111708e-01 4.194191e-03 1.660908e-04 -6.987308e-03
135.000 135.000 2.884555e+03 3.127168e+03 -4.035677e-02 7.747214e+01 2.840424e+03 3.163531e+03 -5.381561e-02 7.737291e+01 2.406651e-01 4.377104e-03 1.229208e-04 -3.627393e-03
135.000 165.000 2.592290e+03 2.695179e+03 -1.945909e-02 7.270122e+01 2.581884e+03 2.705398e+03 -2.336054e-02 7.269386e+01 1.056733e-01 4.201958e-03 3.794830e-05 -1.721187e-03
135.000 195.000 2.395180e+03 2.737633e+03 -6.671849e-02 7.148402e+01 2.405132e+03 2.719582e+03 -6.135962e-02 7.145222e+01 -5.763349e-02 3.819169e-03 -5.302073e-05 -1.270913e-04
135.000 225.000 2.759277e+03 2.456209e+03 5.810927e-02 7.209629e+01 2.798360e+03 2.416699e+03 7.318454e-02 7.202171e+01 -2.054975e-01 3.608081e-03 -1.479319e-04 3.656315e-03
135.000 255.000 2.502484e+03 2.592440e+03 -1.765608e-02 7.136761e+01 2.539104e+03 2.532248e+03 1.351964e-03 7.121336e+01 -2.982986e-01 3.810622e-03 -1.885344e-04 3.932351e-03
135.000 285.000 3.074387e+03 2.659866e+03 7.228850e-02 7.552674e+01 3.130601e+03 2.595310e+03 9.348580e-02 7.533837e+01 -3.111708e-01 4.194191e-03 -1.987039e-04 5.077133e-03
135.000 315.000 2.938081e+03 2.187656e+03 1.464035e-01 7.082282e+01 2.973402e+03 2.164030e+03 1.575441e-01 7.078080e+01 -2.406651e-01 4.377104e-03 -1.112627e-04 5.465308e-03
135.000 345.000 2.891922e+03 2.833520e+03 1.020028e-02 7.566271e+01 2.908567e+03 2.818064e+03 1.580384e-02 7.566506e+01 -1.056734e-01 4.201958e-03 -5.236737e-05 1.531450e-03
165.000 15.000 2.114761e+03 2.163842e+03 -1.147125e-02 6.540673e+01 2.103551e+03 2.176610e+03 -1.706926e-02 6.541340e+01 6.408122e-02 3.178070e-03 6.051657e-05 -1.155118e-03
165.000 45.000 2.123172e+03 2.626342e+03 -1.059414e-01 6.852888e+01 2.087560e+03 2.668560e+03 -1.221585e-01 6.844813e+01 1.973717e-01 4.705286e-03 1.674329e-04 -4.426062e-03
165.000 75.000 1.882199e+03 2.525711e+03 -1.459904e-01 6.568077e+01 1.830471e+03 2.582217e+03 -1.703599e-01 6.545702e+01 2.777766e-01 5.303606e-03 2.628053e-04 -6.451918e-03
165.000 105.000 1.833377e+03 2.864177e+03 -2.194333e-01 6.686824e+01 1.783765e+03 2.927927e+03 -2.428346e-01 6.658716e+01 2.837514e-01 4.698634e-03 2.479805e-04 -7.525019e-03
165.000 135.000 2.355315e+03 2.966101e+03 -1.147788e-01 7.246593e+01 2.304441e+03 3.013276e+03 -1.332969e-01 7.227192e+01 2.136953e-01 3.168213e-03 1.809368e-04 -4.532809e-03
165.000 165.000 2.357793e+03 2.125251e+03 5.187145e-02 6.686540e+01 2.338288e+03 2.140998e+03 4.404502e-02 6.686251e+01 8.637976e-02 2.012226e-03 8.276694e-05 -5.160862e-04
165.000 195.000 2.417324e+03 2.422561e+03 -1.081981e-03 6.956924e+01 2.427745e+03 2.411493e+03 3.358306e-03 6.956424e+01 -6.408121e-02 3.178069e-03 -4.513302e-05 9.055615e-04
165.000 225.000 2.213168e+03 1.928130e+03 6.882829e-02 6.420030e+01 2.247902e+03 1.892575e+03 8.581789e-02 6.410915e+01 -1.973717e-01 4.705286e-03 -1.872576e-04 4.146397e-03
165.000 255.000 3.049028e+03 2.266612e+03 1.471914e-01 7.211432e+01 3.117328e+03 2.207097e+03 1.709538e-01 7.189449e+01 -2.777766e-01 5.303606e-03 -2.333547e-04 5.892976e-03
165.000 285.000 2.868278e+03 2.117135e+03 1.506682e-01 6.980142e+01 2.936821e+03 2.053635e+03 1.769749e-01 6.952809e+01 -2.837514e-01 4.698634e-03 -2.670168e-04 6.223650e-03
165.000 315.000 2.061274e+03 1.977743e+03 2.068093e-02 6.353967e+01 2.097201e+03 1.940058e+03 3.892297e-02 6.349128e+01 -2.136954e-01 3.168213e-03 -2.030854e-04 3.688661e-03
165.000 345.000 2.126995e+03 2.024519e+03 2.468399e-02 6.441260e+01 2.142639e+03 2.008032e+03 3.243026e-02 6.439181e+01 -8.637978e-02 2.012226e-03 -8.505053e-05 1.724255e-03
195.000 15.000 1.861813e+03 2.268187e+03 -9.839581e-02 6.395322e+01 1.846263e+03 2.285290e+03 -1.062619e-01 6.391323e+01 8.637974e-02 2.012225e-03 8.699976e-05 -2.889230e-03
195.000 45.000 1.886214e+03 2.060967e+03 -4.427285e-02 6.276499e+01 1.843265e+03 2.096124e+03 -6.418742e-02 6.263513e+01 2.136953e-01 3.168213e-03 2.245887e-04 -4.110065e-03
195.000 75.000 2.007319e+03 2.464926e+03 -1.023216e-01 6.652385e+01 1.955240e+03 2.524344e+03 -1.270440e-01 6.638737e+01 2.837514e-01 4.698634e-03 2.630535e-04 -5.803528e-03
195.000 105.000 2.158700e+03 3.036023e+03 -1.688874e-01 7.103910e+01 2.103892e+03 3.104332e+03 -1.920884e-01 7.082409e+01 2.777766e-01 5.303606e-03 2.312870e-04 -6.287579e-03
195.000 135.000 2.273488e+03 2.439160e+03 -3.515496e-02 6.860630e+01 2.233489e+03 2.472494e+03 -5.078748e-02 6.851164e+01 1.973717e-01 4.705286e-03 1.612314e-04 -3.389290e-03
195.000 165.000 1.943423e+03 2.219281e+03 -6.626886e-02 6.437720e+01 1.930210e+03 2.230584e+03 -7.219157e-02 6.433592e+01 6.408124e-02 3.178069e-03 6.507478e-05 -2.024787e-03
195.000 195.000 2.430505e+03 2.154001e+03 6.031283e-02 6.758572e+01 2.448654e+03 2.134508e+03 6.854351e-02 6.753983e+01 -8.637973e-02 2.012225e-03 -8.614170e-05 2.170467e-03
195.000 225.000 2.621547e+03 2.093839e+03 1.119120e-01 6.823730e+01 2.664715e+03 2.051374e+03 1.300529e-01 6.809054e+01 -2.136953e-01 3.168213e-03 -1.881868e-04 4.771691e-03
195.000 255.000 2.671563e+03 1.745900e+03 2.095463e-01 6.498841e+01 2.735484e+03 1.699432e+03 2.336126e-01 6.475246e+01 -2.837514e-01 4.698634e-03 -2.623295e-04 7.590549e-03
195.000 285.000 2.179477e+03 1.845837e+03 8.288536e-02 6.322705e+01 2.226594e+03 1.799878e+03 1.059778e-01 6.309714e+01 -2.777766e-01 5.303606e-03 -2.585227e-04 5.704234e-03
195.000 315.000 2.388100e+03 2.271263e+03 2.507592e-02 6.823806e+01 2.423879e+03 2.230485e+03 4.155106e-02 6.816398e+01 -1.973717e-01 4.705286e-03 -1.708139e-04 3.259876e-03
195.000 345.000 2.076202e+03 1.844856e+03 5.900097e-02 6.250927e+01 2.084308e+03 1.837071e+03 6.304845e-02 6.249632e+01 -6.408126e-02 3.178069e-03 -4.578996e-05 1.969024e-03
225.000 15.000 2.451348e+03 3.176081e+03 -1.287859e-01 7.439149e+01 2.438489e+03 3.189246e+03 -1.334031e-01 7.434770e+01 1.056733e-01 4.201958e-03 4.390054e-05 -3.151694e-03
225.000 45.000 2.408101e+03 2.881101e+03 -8.942749e-02 7.243551e+01 2.368082e+03 2.915388e+03 -1.035883e-01 7.229644e+01 2.406651e-01 4.377104e-03 1.383684e-04 -4.557054e-03
225.000 75.000 2.532264e+03 2.938330e+03 -7.422711e-02 7.375943e+01 2.477872e+03 2.985810e+03 -9.296627e-02 7.359661e+01 3.111708e-01 4.194191e-03 1.798444e-04 -5.225067e-03
225.000 105.000 2.668262e+03 3.393221e+03 -1.196009e-01 7.729668e+01 2.609577e+03 3.454370e+03 -1.393141e-01 7.711196e+01 2.982986e-01 3.810622e-03 1.805510e-04 -5.406436e-03
225.000 135.000 2.506067e+03 2.859996e+03 -6.595706e-02 7.309390e+01 2.468254e+03 2.891903e+03 -7.903666e-02 7.298406e+01 2.054975e-01 3.608081e-03 1.266265e-04 -3.713778e-03
225.000 165.000 2.878355e+03 2.741277e+03 2.439282e-02 7.494190e+01 2.863227e+03 2.755299e+03 1.920938e-02 7.494300e+01 5.763352e-02 3.819169e-03 4.890745e-05 -4.435530e-04
225.000 195.000 3.172548e+03 2.631132e+03 9.328832e-02 7.584967e+01 3.186987e+03 2.619615e+03 9.771156e-02 7.583642e+01 -1.056733e-01 4.201957e-03 -4.123913e-05 2.623105e-03
225.000 225.000 2.868421e+03 2.109881e+03 1.523691e-01 6.973323e+01 2.901299e+03 2.085775e+03 1.635277e-01 6.966859e+01 -2.406651e-01 4.377104e-03 -1.132019e-04 5.636254e-03
225.000 255.000 3.104913e+03 2.300718e+03 1.487698e-01 7.270482e+01 3.159490e+03 2.257719e+03 1.664641e-01 7.257477e+01 -3.111708e-01 4.194191e-03 -1.722432e-04 6.326136e-03
225.000 285.000 3.174773e+03 2.527411e+03 1.135287e-01 7.502460e+01 3.227073e+03 2.478733e+03 1.311541e-01 7.488430e+01 -2.982986e-01 3.810622e-03 -1.662746e-04 5.489230e-03
225.000 315.000 2.974892e+03 2.291545e+03 1.297550e-01 7.195672e+01 3.013823e+03 2.258012e+03 1.433677e-01 7.185733e+01 -2.054975e-01 3.608081e-03 -1.338622e-04 4.659085e-03
225.000 345.000 2.613482e+03 3.008461e+03 -7.025667e-02 7.479434e+01 2.627572e+03 2.992347e+03 -6.490750e-02 7.480803e+01 -5.763354e-02 3.819169e-03 -5.056645e-05 -1.687712e-04
255.000 15.000 2.167010e+03 2.558090e+03 -8.276646e-02 6.850351e+01 2.172721e+03 2.551014e+03 -8.008343e-02 6.850868e+01 1.179680e-01 4.071983e-03 -2.769372e-05 -2.930280e-03
255.000 45.000 2.687707e+03 2.432128e+03 4.991934e-02 7.146381e+01 2.693609e+03 2.423006e+03 5.288704e-02 7.143042e+01 2.642964e-01 3.949544e-03 -2.937110e-05 -2.999799e-03
255.000 75.000 2.289470e+03 2.949479e+03 -1.259812e-01 7.180390e+01 2.292752e+03 2.939629e+03 -1.236295e-01 7.178028e+01 3.398068e-01 3.886707e-03 -2.316319e-05 -6.486946e-03
255.000 105.000 2.820911e+03 2.874144e+03 -9.347249e-03 7.546229e+01 2.808281e+03 2.871334e+03 -1.110168e-02 7.535858e+01 3.242662e-01 3.949208e-03 1.645095e-05 -4.420930e-03
255.000 135.000 2.336482e+03 2.950597e+03 -1.161539e-01 7.222013e+01 2.334047e+03 2.957570e+03 -1.178323e-01 7.223674e+01 2.218388e-01 4.071657e-03 1.643148e-05 -4.680034e-03
255.000 165.000 2.439811e+03 2.817189e+03 -7.178568e-02 7.231812e+01 2.429829e+03 2.824462e+03 -7.510683e-02 7.228174e+01 5.996982e-02 4.131682e-03 3.248146e-05 -1.821888e-03
255.000 195.000 2.892116e+03 2.128832e+03 1.520198e-01 7.003509e+01 2.885434e+03 2.136337e+03 1.491698e-01 7.007160e+01 -1.179680e-01 4.071983e-03 2.876759e-05 3.855037e-03
255.000 225.000 2.860787e+03 1.999474e+03 1.772155e-01 6.861212e+01 2.849567e+03 2.006743e+03 1.735523e-01 6.862970e+01 -2.642964e-01 3.949544e-03 3.774754e-05 6.434897e-03
255.000 255.000 2.956524e+03 1.901534e+03 2.171628e-01 6.803642e+01 2.954421e+03 1.904712e+03 2.160282e-01 6.806149e+01 -3.398068e-01 3.886707e-03 1.178976e-05 8.186345e-03
255.000 285.000 2.867550e+03 2.030579e+03 1.708756e-01 6.895731e+01 2.870191e+03 2.036692e+03 1.698633e-01 6.903117e+01 -3.242662e-01 3.949208e-03 1.037478e-05 7.180411e-03
255.000 315.000 2.549300e+03 2.215275e+03 7.010591e-02 6.885607e+01 2.554764e+03 2.212278e+03 7.184461e-02 6.886535e+01 -2.218388e-01 4.071657e-03 -1.785414e-05 4.239927e-03
255.000 345.000 2.489250e+03 2.221347e+03 5.687255e-02 6.852270e+01 2.496696e+03 2.211421e+03 6.059235e-02 6.848964e+01 -5.996984e-02 4.131682e-03 -3.839505e-05 1.705163e-03
285.000 15.000 8.679638e+02 9.535958e+02 -4.701029e-02 4.263255e+01 8.704312e+02 9.509352e+02 -4.419978e-02 4.263576e+01 1.401491e-01 4.131682e-03 -4.661363e-05 -4.390058e-03
285.000 45.000 1.002514e+03 1.023885e+03 -1.054613e-02 4.501304e+01 1.017652e+03 1.011732e+03 2.916876e-03 4.504850e+01 2.976571e-01 4.071657e-03 -2.114061e-04 -6.846976e-03
285.000 75.000 8.727186e+02 1.472948e+03 -2.558887e-01 4.681960e+01 8.958882e+02 1.449756e+03 -2.361261e-01 4.706232e+01 3.754081e-01 3.949208e-03 -2.976968e-04 -1.348360e-02
285.000 105.000 8.541622e+02 1.574170e+03 -2.965029e-01 4.706217e+01 8.773719e+02 1.548017e+03 -2.765102e-01 4.732809e+01 3.525688e-01 3.886707e-03 -2.995408e-04 -1.379179e-02
285.000 135.000 1.049333e+03 1.280548e+03 -9.923887e-02 4.803056e+01 1.066754e+03 1.262159e+03 -8.390406e-02 4.808865e+01 2.352590e-01 3.949544e-03 -2.256228e-04 -6.964271e-03
285.000 165.000 1.004806e+03 1.083381e+03 -3.762824e-02 4.566433e+01 1.013392e+03 1.077735e+03 -3.076942e-02 4.570718e+01 5.491176e-02 4.071983e-03 -1.061582e-04 -2.026527e-03
285.000 195.000 1.011579e+03 1.075576e+03 -3.066227e-02 4.566391e+01 1.008978e+03 1.079187e+03 -3.362258e-02 4.567061e+01 -1.401491e-01 4.131682e-03 4.583712e-05 2.397666e-03
285.000 225.000 1.524359e+03 9.182353e+02 2.481474e-01 4.787678e+01 1.508579e+03 9.333529e+02 2.355618e-01 4.802531e+01 -2.976570e-01 4.071657e-03 1.855925e-04 1.140019e-02
285.000 255.000 1.457161e+03 1.062343e+03 1.567044e-01 4.957453e+01 1.431786e+03 1.084950e+03 1.378119e-01 4.968841e+01 -3.754081e-01 3.949208e-03 2.691636e-04 1.073359e-02
285.000 285.000 1.389639e+03 9.101783e+02 2.084777e-01 4.690267e+01 1.366553e+03 9.340441e+02 1.879984e-01 4.710930e+01 -3.525688e-01 3.886707e-03 3.080681e-04 1.196193e-02
285.000 315.000 1.214040e+03 8.354818e+02 1.847055e-01 4.449269e+01 1.198396e+03 8.524287e+02 1.686969e-01 4.463700e+01 -2.352590e-01 3.949544e-03 2.540071e-04 9.438955e-03
285.000 345.000 9.442501e+02 7.698595e+02 1.017383e-01 4.118698e+01 9.360156e+02 7.757031e+02 9.365591e-02 4.119107e+01 -5.491178e-02 4.071983e-03 1.387536e-04 3.803389e-03
315.000 15.000 1.169649e+02 1.871159e+02 -2.306985e-01 1.696753e+01 1.165821e+02 1.865602e+02 -2.308424e-01 1.694073e+01 1.624258e-01 3.819168e-03 6.002166e-06 -2.316921e-02
315.000 45.000 1.026656e+02 3.982809e+02 -5.901135e-01 1.806931e+01 1.043826e+02 3.937781e+02 -5.809279e-01 1.816708e+01 3.412375e-01 3.608081e-03 -3.584880e-04 -5.154325e-02
315.000 75.000 1.591161e+02 1.419715e+02 5.694213e-02 1.732372e+01 1.630700e+02 1.392162e+02 7.891114e-02 1.733216e+01 4.286149e-01 3.810622e-03 -8.964963e-04 -2.145455e-02
315.000 105.000 8.385312e+01 6.551252e+01 1.227899e-01 1.212904e+01 8.697340e+01 6.400626e+01 1.521208e-01 1.214438e+01 4.011452e-01 4.194191e-03 -1.708867e-03 -2.294949e-02
315.000 135.000 7.566690e+01 5.067745e+02 -7.401733e-01 1.622797e+01 7.788881e+01 4.955704e+02 -7.283545e-01 1.640850e+01 2.661891e-01 4.377105e-03 -5.121293e-04 -6.201406e-02
315.000 165.000 1.489706e+02 1.999725e+02 -1.461611e-01 1.847941e+01 1.518616e+02 1.986441e+02 -1.334716e-01 1.855429e+01 5.990777e-02 4.201958e-03 -4.845762e-04 -1.115127e-02
315.000 195.000 1.332279e+02 2.425599e+02 -2.909406e-01 1.854666e+01 1.339969e+02 2.431245e+02 -2.893699e-01 1.858879e+01 -1.624258e-01 3.819168e-03 -5.981522e-05 -6.929270e-03
315.000 225.000 8.658913e+01 1.211294e+02 -1.662838e-01 1.421179e+01 8.558627e+01 1.228653e+02 -1.788378e-01 1.420509e+01 -3.412375e-01 3.608081e-03 6.247665e-04 1.231045e-02
315.000 255.000 1.599582e+02 1.273383e+02 1.135412e-01 1.684021e+01 1.568270e+02 1.311892e+02 8.901534e-02 1.690367e+01 -4.286148e-01 3.810622e-03 1.027881e-03 3.219413e-02
315.000 285.000 1.735521e+02 8.859091e+01 3.241025e-01 1.531688e+01 1.694763e+02 9.182682e+01 2.971626e-01 1.543466e+01 -4.011452e-01 4.194191e-03 1.238918e-03 4.734957e-02
315.000 315.000 1.505462e+02 1.160471e+02 1.294071e-01 1.619040e+01 1.471963e+02 1.196706e+02 1.031442e-01 1.624893e+01 -2.661891e-01 4.377105e-03 1.144947e-03 2.443400e-02
315.000 345.000 1.183722e+02 2.089387e+02 -2.766986e-01 1.738537e+01 1.165554e+02 2.118637e+02 -2.902034e-01 1.734244e+01 -5.990780e-02 4.201958e-03 5.499521e-04 -1.246972e-02
345.000 15.000 4.877026e+01 1.902342e+01 4.387847e-01 7.398731e+00 4.883813e+01 1.901367e+01 4.395530e-01 7.398808e+00 1.486794e-01 3.178070e-03 -7.342877e-05 3.921014e-02
345.000 45.000 6.515823e+00 2.780925e+02 -9.542120e-01 5.046444e+00 6.671362e+00 2.748234e+02 -9.526004e-01 5.104215e+00 3.566620e-01 4.705286e-03 -2.245207e-04 -2.597618e-01
345.000 75.000 5.075902e+00 7.478178e+01 -8.728763e-01 4.360398e+00 5.263038e+00 7.347098e+01 -8.663084e-01 4.432257e+00 4.690773e-01 5.303606e-03 -1.056344e-03 -3.077592e-01
345.000 105.000 4.177579e+01 3.041461e+01 1.573780e-01 8.390614e+00 4.315844e+01 2.987341e+01 1.819073e-01 8.403286e+00 4.558037e-01 4.698634e-03 -2.065615e-03 -3.556661e-02
345.000 135.000 5.477919e+00 1.481305e+01 -4.600633e-01 3.999527e+00 5.642387e+00 1.451304e+01 -4.401122e-01 4.031295e+00 3.203979e-01 3.168213e-03 -3.513324e-03 -1.951383e-01
345.000 165.000 3.141292e+01 2.485550e+01 1.165382e-01 7.450116e+00 3.173879e+01 2.463853e+01 1.259417e-01 7.448698e+00 9.914176e-02 2.012227e-03 -8.925931e-04 2.335059e-03
345.000 195.000 4.434325e+01 4.987435e+00 7.977958e-01 4.234711e+00 4.422626e+01 4.966756e+00 7.980707e-01 4.226246e+00 -1.486794e-01 3.178070e-03 -4.593771e-05 2.235040e-01
345.000 225.000 2.652448e+01 1.845452e+01 1.794163e-01 6.597812e+00 2.624252e+01 1.865722e+01 1.689386e-01 6.604415e+00 -3.566620e-01 4.705286e-03 1.122363e-03 8.125090e-02
345.000 255.000 3.086377e+01 5.304709e+01 -2.643676e-01 8.834382e+00 3.041321e+01 5.432549e+01 -2.821885e-01 8.831248e+00 -4.690773e-01 5.303606e-03 1.426639e-03 2.317192e-02
345.000 285.000 2.365255e+01 5.042439e+01 -3.614059e-01 8.025050e+00 2.318641e+01 5.190615e+01 -3.824578e-01 8.006777e+00 -4.558037e-01 4.698634e-03 1.857045e-03 1.176289e-02
345.000 315.000 8.248228e+00 2.390659e+01 -4.869678e-01 4.952747e+00 8.089300e+00 2.452164e+01 -5.038905e-01 4.932630e+00 -3.203979e-01 3.168213e-03 2.420970e-03 -3.363181e-02
345.000 345.000 4.682175e+01 1.077905e+01 6.257325e-01 5.920111e+00 4.633196e+01 1.091576e+01 6.186483e-01 5.944539e+00 -9.914178e-02 2.012227e-03 8.443998e-04 1.224427e-01
