  #t  #Q2   A1M1_AVG      A_1M1     dA_1M1   A0P1_AVG      A_0P1     dA_0P1   A2M1_AVG      A_2M1     dA_2M1   A3M1_AVG      A_3M1     dA_3M1   A1P1_AVG      A_1P1     dA_1P1       Asym      Astat          t         tp         xb         Q2          W     Dilute
   8    0 -1.068e-01 -1.626e-02 1.3716e-02  3.305e-01  4.714e-01 1.3038e-02 -3.857e-02 -5.136e-02 1.3202e-02 -5.252e-03  1.706e-02 1.2806e-02  5.484e-02  3.480e-02 1.2802e-02 -1.1724e-01 2.8279e-02 8.4283e-01 2.8937e-01 4.5321e-01 5.4738e+00 2.6969e+00 3.8451e-01
   Phi   PhiS      N_U_avg      N_D_avg     Asym_avg    dAsym_avg      N_U_fit      N_D_fit     Asym_fit    dAsym_fit     Asym_cal    dAsym_cal     GOOD_fit     GOOD_cal
15.000 15.000 7.294827e+00 0.000000e+00 1.000000e+00 2.000000e+00 7.204436e+00 0.000000e+00 1.000000e+00 2.000000e+00 1.346443e-01 1.024860e-02 0.000000e+00 4.326721e-01
15.000 45.000 8.187204e+00 9.144640e+00 -5.524146e-02 4.156796e+00 8.009602e+00 9.242092e+00 -7.144169e-02 4.142903e+00 3.848908e-01 1.632852e-02 2.760407e-03 -1.058817e-01
15.000 75.000 5.998600e+00 1.326927e+01 -3.773470e-01 4.065010e+00 5.903349e+00 1.336371e+01 -3.872080e-01 4.047017e+00 5.320060e-01 2.432560e-02 1.719119e-03 -2.236985e-01
15.000 105.000 3.151280e+00 7.940298e+00 -4.317706e-01 3.003968e+00 3.112882e+00 8.019899e+00 -4.407719e-01 2.994980e+00 5.365707e-01 2.748203e-02 2.121983e-03 -3.223406e-01
15.000 135.000 0.000000e+00 1.368259e+01 -1.000000e+00 2.000000e+00 0.000000e+00 1.372169e+01 -1.000000e+00 2.000000e+00 3.973617e-01 2.436545e-02 0.000000e+00 -6.986290e-01
15.000 165.000 0.000000e+00 1.518416e+01 -1.000000e+00 2.000000e+00 0.000000e+00 1.508890e+01 -1.000000e+00 2.000000e+00 1.516799e-01 1.638783e-02 0.000000e+00 -5.758206e-01
15.000 195.000 5.806088e+00 4.622227e+00 1.135237e-01 3.208414e+00 5.838586e+00 4.541875e+00 1.249185e-01 3.196635e+00 -1.346443e-01 1.024860e-02 -2.515936e-03 7.734874e-02
15.000 225.000 2.273244e+00 9.141141e+00 -6.016879e-01 2.698528e+00 2.304422e+00 9.024943e+00 -5.931948e-01 2.709758e+00 -3.848907e-01 1.632852e-02 -2.220864e-03 -8.033757e-02
15.000 255.000 7.193313e+00 0.000000e+00 1.000000e+00 2.000000e+00 7.333152e+00 0.000000e+00 1.000000e+00 2.000000e+00 -5.320060e-01 2.432560e-02 0.000000e+00 7.659463e-01
15.000 285.000 0.000000e+00 1.000310e+01 -1.000000e+00 2.000000e+00 0.000000e+00 9.873679e+00 -1.000000e+00 2.000000e+00 -5.365707e-01 2.748203e-02 0.000000e+00 -2.316928e-01
15.000 315.000 1.334269e+01 7.315995e+00 2.917271e-01 4.347475e+00 1.333950e+01 7.319494e+00 2.913990e-01 4.347962e+00 -3.973617e-01 2.436545e-02 5.336429e-05 1.585007e-01
15.000 345.000 0.000000e+00 0.000000e+00         -nan         -nan 0.000000e+00 0.000000e+00         -nan         -nan -1.516800e-01 1.638783e-02         -nan         -nan
45.000 15.000 4.919029e+00 3.354918e+00 1.890405e-01 2.824583e+00 4.615081e+00 3.422606e+00 1.483605e-01 2.803707e+00 1.091794e-01 2.160903e-02 1.022155e-02 2.827277e-02
45.000 45.000 0.000000e+00 3.037381e+01 -1.000000e+00 2.000000e+00 0.000000e+00 3.141716e+01 -1.000000e+00 2.000000e+00 3.488731e-01 2.236126e-02 0.000000e+00 -6.743944e-01
45.000 75.000 9.108392e+00 6.963106e+00 1.334839e-01 3.973051e+00 8.691176e+00 7.179973e+00 9.521704e-02 3.965761e+00 4.950866e-01 2.152263e-02 6.816819e-03 -9.101251e-02
45.000 105.000 3.580164e+00 3.546670e+01 -8.166222e-01 3.606606e+00 3.471624e+00 3.613305e+01 -8.246862e-01 3.559389e+00 5.086420e-01 1.983294e-02 1.591390e-03 -3.674491e-01
45.000 135.000 0.000000e+00 2.041539e+01 -1.000000e+00 2.000000e+00 0.000000e+00 2.074466e+01 -1.000000e+00 2.000000e+00 3.859072e-01 1.898077e-02 0.000000e+00 -6.929224e-01
45.000 165.000 4.121101e+00 4.516052e+00 -4.572693e-02 2.935829e+00 4.209835e+00 4.435930e+00 -2.615097e-02 2.939363e+00 1.597688e-01 1.992667e-02 -4.712116e-03 -6.999421e-02
45.000 195.000 0.000000e+00 0.000000e+00         -nan         -nan 0.000000e+00 0.000000e+00         -nan         -nan -1.091794e-01 2.160903e-02         -nan         -nan
45.000 225.000 2.449896e+01 7.910750e+00 5.118284e-01 4.890746e+00 2.526476e+01 7.657107e+00 5.348315e-01 4.848169e+00 -3.488731e-01 2.236126e-02 -3.340317e-03 1.759839e-01
45.000 255.000 0.000000e+00 0.000000e+00         -nan         -nan 0.000000e+00 0.000000e+00         -nan         -nan -4.950866e-01 2.152263e-02         -nan         -nan
45.000 285.000 1.796301e+01 1.215183e+00 8.732745e-01 2.133716e+00 1.856609e+01 1.188310e+00 8.796916e-01 2.113602e+00 -5.086420e-01 1.983294e-02 -2.136672e-03 6.476292e-01
45.000 315.000 4.142375e+00 2.037243e+01 -6.620511e-01 3.710752e+00 4.163559e+00 2.019365e+01 -6.581251e-01 3.715832e+00 -3.859072e-01 1.898077e-02 -7.476062e-04 -7.441627e-02
45.000 345.000 2.540808e+01 9.273304e+00 4.652287e-01 5.212967e+00 2.497471e+01 9.455484e+00 4.507446e-01 5.237842e+00 -1.597689e-01 1.992667e-02 1.960001e-03 1.198920e-01
75.000 15.000 2.015402e+01 3.738732e+00 6.870405e-01 3.551730e+00 1.948729e+01 3.814000e+00 6.726361e-01 3.571956e+00 9.787872e-02 2.108363e-02 2.859574e-03 1.658773e-01
75.000 45.000 5.668508e+00 3.664120e+01 -7.320469e-01 4.431280e+00 5.348808e+00 3.855843e+01 -7.563587e-01 4.334611e+00 3.057279e-01 2.043435e-02 3.922016e-03 -2.341905e-01
75.000 75.000 7.458081e+00 1.922038e+01 -4.408913e-01 4.636008e+00 6.890295e+00 1.995455e+01 -4.866578e-01 4.526259e+00 4.316575e-01 2.007961e-02 7.063654e-03 -1.882095e-01
75.000 105.000 1.327937e+01 1.913546e+01 -1.806607e-01 5.599720e+00 1.253269e+01 1.965243e+01 -2.212123e-01 5.532644e+00 4.419248e-01 2.039059e-02 5.151432e-03 -1.111808e-01
75.000 135.000 1.181312e+01 1.646287e+01 -1.644418e-01 5.245129e+00 1.156900e+01 1.670714e+01 -1.817129e-01 5.229003e+00 3.337788e-01 2.104122e-02 2.331945e-03 -9.498652e-02
75.000 165.000 1.079846e+01 1.910384e+01 -2.777506e-01 5.253140e+00 1.083862e+01 1.888608e+01 -2.707332e-01 5.248427e+00 1.361970e-01 2.138001e-02 -9.450117e-04 -7.879936e-02
75.000 195.000 1.713743e+01 3.424973e+00 6.668704e-01 3.379049e+00 1.762479e+01 3.365055e+00 6.793634e-01 3.361890e+00 -9.787869e-02 2.108363e-02 -2.620959e-03 2.263164e-01
75.000 225.000 2.002732e+01 2.023066e+01 -5.050839e-03 6.344836e+00 2.096103e+01 1.921961e+01 4.333979e-02 6.332863e+00 -3.057278e-01 2.043435e-02 -5.398034e-03 4.738900e-02
75.000 255.000 1.403230e+00 7.349423e+00 -6.793589e-01 2.170957e+00 1.447984e+00 6.971212e+00 -6.560279e-01 2.189932e+00 -4.316575e-01 2.007961e-02 -7.566038e-03 -1.140929e-01
75.000 285.000 4.230503e+00 4.003151e+00 2.761257e-02 2.868340e+00 4.418593e+00 3.714065e+00 8.662951e-02 2.841060e+00 -4.419248e-01 2.039059e-02 -1.461828e-02 1.636924e-01
75.000 315.000 2.199319e+01 9.646423e+00 3.902313e-01 5.178950e+00 2.243079e+01 9.482069e+00 4.057523e-01 5.163224e+00 -3.337788e-01 2.104122e-02 -2.122383e-03 1.397975e-01
75.000 345.000 7.592880e+00 1.764204e+01 -3.982243e-01 4.607939e+00 7.410326e+00 1.779875e+01 -4.120907e-01 4.574725e+00 -1.361970e-01 2.138001e-02 2.135532e-03 -5.686372e-02
105.000 15.000 4.020643e+00 1.858410e+01 -6.442655e-01 3.636208e+00 3.705137e+00 1.948477e+01 -6.804527e-01 3.528826e+00 1.344035e-01 2.138001e-02 7.141713e-03 -2.141394e-01
105.000 45.000 2.270020e+00 9.481623e+00 -6.136676e-01 2.706680e+00 2.120432e+00 9.931291e+00 -6.481114e-01 2.643751e+00 3.062956e-01 2.104122e-02 9.103463e-03 -3.398759e-01
105.000 75.000 1.489578e+01 2.727193e+01 -2.934983e-01 6.207683e+00 1.354690e+01 2.879748e+01 -3.601558e-01 6.070568e+00 3.961160e-01 2.039059e-02 7.677161e-03 -1.110898e-01
105.000 105.000 1.516982e+01 2.162811e+01 -1.755071e-01 5.971972e+00 1.389922e+01 2.275532e+01 -2.416100e-01 5.874931e+00 3.797975e-01 2.007961e-02 7.890716e-03 -9.298460e-02
105.000 135.000 1.589121e+01 4.328845e+01 -4.629503e-01 6.818805e+00 1.549869e+01 4.423827e+01 -4.811021e-01 6.775713e+00 2.617125e-01 2.043435e-02 1.888290e-03 -1.062737e-01
105.000 165.000 9.966666e+00 8.790915e+00 6.268136e-02 4.322486e+00 1.002888e+01 8.813267e+00 6.451540e-02 4.331711e+00 7.350189e-02 2.108363e-02 -2.997070e-04 -2.503282e-03
105.000 195.000 2.091686e+00 2.576605e+01 -8.498309e-01 2.781821e+00 2.179432e+00 2.472445e+01 -8.379838e-01 2.830463e+00 -1.344035e-01 2.138001e-02 -2.985166e-03 -2.571719e-01
105.000 225.000 4.342637e+00 0.000000e+00 1.000000e+00 2.000000e+00 4.491799e+00 0.000000e+00 1.000000e+00 2.000000e+00 -3.062956e-01 2.104122e-02 0.000000e+00 6.531117e-01
105.000 255.000 1.910173e+01 1.410353e+01 1.505244e-01 5.696746e+00 2.007471e+01 1.295071e+01 2.157127e-01 5.611478e+00 -3.961160e-01 2.039059e-02 -8.152260e-03 9.595600e-02
105.000 285.000 1.830434e+01 6.794451e+00 4.585833e-01 4.452027e+00 1.911159e+01 6.412775e+00 4.975173e-01 4.382520e+00 -3.797975e-01 2.007961e-02 -6.232261e-03 1.883125e-01
105.000 315.000 1.747886e+01 3.771901e+00 6.450103e-01 3.522731e+00 1.771073e+01 3.581234e+00 6.636070e-01 3.451888e+00 -2.617125e-01 2.043435e-02 -3.770580e-03 2.573877e-01
105.000 345.000 1.782450e+01 0.000000e+00 1.000000e+00 2.000000e+00 1.785193e+01 0.000000e+00 1.000000e+00 2.000000e+00 -7.350191e-02 2.108363e-02 0.000000e+00 5.367211e-01
135.000 15.000 4.853641e+00 0.000000e+00 1.000000e+00 2.000000e+00 4.625259e+00 0.000000e+00 1.000000e+00 2.000000e+00 1.834657e-01 1.992667e-02 0.000000e+00 4.082469e-01
135.000 45.000 1.047456e+01 1.711609e+00 7.190899e-01 2.425865e+00 9.464983e+00 1.817842e+00 6.777683e-01 2.469785e+00 3.533871e-01 1.898077e-02 1.193617e-02 1.507469e-01
135.000 75.000 4.212619e+00 1.779329e+00 4.060934e-01 2.236919e+00 3.797351e+00 1.961328e+00 3.188273e-01 2.274490e+00 4.286188e-01 1.983294e-02 2.735479e-02 -1.006945e-02
135.000 105.000 1.800946e+00 4.595004e+00 -4.368480e-01 2.274944e+00 1.656859e+00 4.940788e+00 -4.977423e-01 2.227801e+00 3.890024e-01 2.152263e-02 1.912452e-02 -3.630038e-01
135.000 135.000 8.136400e+00 3.894570e+00 3.525759e-01 3.245829e+00 7.935029e+00 4.001635e+00 3.295220e-01 3.261982e+00 2.451531e-01 2.236126e-02 5.009824e-03 3.309484e-02
135.000 165.000 4.215972e+00 3.295896e+00 1.224829e-01 2.720142e+00 4.203081e+00 3.188439e+00 1.372712e-01 2.692998e+00 3.561529e-02 2.160903e-02 -3.863463e-03 3.193395e-02
135.000 195.000 3.222197e+00 2.469083e+00 1.323277e-01 2.364661e+00 3.430569e+00 2.282432e+00 2.009690e-01 2.341423e+00 -1.834657e-01 1.992667e-02 -2.062698e-02 1.335422e-01
135.000 225.000 0.000000e+00 9.650198e+00 -1.000000e+00 2.000000e+00 0.000000e+00 8.779822e+00 -1.000000e+00 2.000000e+00 -3.533871e-01 1.898077e-02 0.000000e+00 -3.232919e-01
135.000 255.000 0.000000e+00 6.584330e+00 -1.000000e+00 2.000000e+00 0.000000e+00 5.800412e+00 -1.000000e+00 2.000000e+00 -4.286188e-01 1.983294e-02 0.000000e+00 -2.856766e-01
135.000 285.000 1.088987e+01 1.025289e+01 3.012788e-02 4.596038e+00 1.157593e+01 9.505935e+00 9.818840e-02 4.569312e+00 -3.890024e-01 2.152263e-02 -1.050169e-02 9.119282e-02
135.000 315.000 1.562607e+00 6.299589e+00 -6.025011e-01 2.237892e+00 1.604038e+00 6.167218e+00 -5.871870e-01 2.256505e+00 -2.451532e-01 2.236126e-02 -4.818704e-03 -1.596726e-01
135.000 345.000 1.608378e+00 1.738908e+01 -8.306744e-01 2.426692e+00 1.620420e+00 1.751092e+01 -8.306004e-01 2.435710e+00 -3.561531e-02 2.160903e-02 -2.152509e-05 -3.276179e-01
165.000 15.000 5.223883e+00 7.678528e+00 -1.902470e-01 3.526389e+00 4.913669e+00 8.066756e+00 -2.429109e-01 3.494926e+00 1.649687e-01 1.638783e-02 1.060732e-02 -1.007296e-01
165.000 45.000 3.104880e+00 2.853053e+00 4.226756e-02 2.438707e+00 2.698425e+00 3.135024e+00 -7.484400e-02 2.408479e+00 3.685185e-01 2.436545e-02 3.416777e-02 -1.337737e-01
165.000 75.000 6.573952e+00 0.000000e+00 1.000000e+00 2.000000e+00 5.594126e+00 0.000000e+00 1.000000e+00 2.000000e+00 4.733241e-01 2.748203e-02 0.000000e+00 2.633131e-01
165.000 105.000 0.000000e+00 0.000000e+00         -nan         -nan 0.000000e+00 0.000000e+00         -nan         -nan 4.513029e-01 2.432560e-02         -nan         -nan
165.000 135.000 1.918671e+00 8.987029e+00 -6.481343e-01 2.514847e+00 1.789423e+00 9.594943e+00 -6.856350e-01 2.456141e+00 3.083554e-01 1.632852e-02 1.066797e-02 -3.803291e-01
165.000 165.000 4.754433e+00 0.000000e+00 1.000000e+00 2.000000e+00 4.870982e+00 0.000000e+00 1.000000e+00 2.000000e+00 8.278437e-02 1.024860e-02 0.000000e+00 4.586018e-01
165.000 195.000 4.487857e+00 0.000000e+00 1.000000e+00 2.000000e+00 4.744909e+00 0.000000e+00 1.000000e+00 2.000000e+00 -1.649687e-01 1.638783e-02 0.000000e+00 5.824648e-01
165.000 225.000 7.650082e+00 1.535430e+00 6.656844e-01 2.261655e+00 8.243447e+00 1.393816e+00 7.107445e-01 2.183787e+00 -3.685185e-01 2.436545e-02 -1.433260e-02 4.572505e-01
165.000 255.000 0.000000e+00 6.559839e+00 -1.000000e+00 2.000000e+00 0.000000e+00 5.683026e+00 -1.000000e+00 2.000000e+00 -4.733241e-01 2.748203e-02 0.000000e+00 -2.633131e-01
165.000 285.000 8.136955e+00 6.818151e+00 8.818420e-02 3.852117e+00 9.114111e+00 6.026393e+00 2.039376e-01 3.809305e+00 -4.513029e-01 2.432560e-02 -2.136647e-02 1.400467e-01
165.000 315.000 0.000000e+00 0.000000e+00         -nan         -nan 0.000000e+00 0.000000e+00         -nan         -nan -3.083554e-01 1.632853e-02         -nan         -nan
165.000 345.000 8.451381e+00 2.256076e+00 5.785973e-01 2.668870e+00 8.556537e+00 2.273301e+00 5.801783e-01 2.680381e+00 -8.278439e-02 1.024860e-02 -4.179703e-04 2.478115e-01
195.000 15.000 7.819333e+00 1.365746e+01 -2.718342e-01 4.459797e+00 7.722059e+00 1.368389e+01 -2.785129e-01 4.443592e+00 8.278436e-02 1.024860e-02 1.060851e-03 -7.951430e-02
195.000 45.000 3.669112e+00 5.691432e+00 -2.160473e-01 2.987244e+00 3.373855e+00 6.106481e+00 -2.882414e-01 2.948335e+00 3.083554e-01 1.632852e-02 1.720063e-02 -1.755447e-01
195.000 75.000 2.125662e+00 1.281547e+01 -7.154617e-01 2.700552e+00 1.915863e+00 1.415765e+01 -7.616124e-01 2.598079e+00 4.513029e-01 2.432560e-02 1.231541e-02 -4.320291e-01
195.000 105.000 2.048481e+00 7.169578e+00 -5.555505e-01 2.524486e+00 1.772852e+00 7.960257e+00 -6.357070e-01 2.408263e+00 4.733241e-01 2.748203e-02 2.297441e-02 -4.075338e-01
195.000 135.000 0.000000e+00 7.406808e+00 -1.000000e+00 2.000000e+00 0.000000e+00 8.196250e+00 -1.000000e+00 2.000000e+00 3.685185e-01 2.436545e-02 0.000000e+00 -6.842085e-01
195.000 165.000 0.000000e+00 6.889442e+00 -1.000000e+00 2.000000e+00 0.000000e+00 7.048200e+00 -1.000000e+00 2.000000e+00 1.649687e-01 1.638783e-02 0.000000e+00 -5.824648e-01
195.000 195.000 9.195220e+00 5.429649e+00 2.574773e-01 3.695310e+00 9.388682e+00 5.348084e+00 2.741849e-01 3.691733e+00 -8.278433e-02 1.024860e-02 -3.198589e-03 9.207894e-02
195.000 225.000 7.421503e+00 2.075440e+00 5.629247e-01 2.547059e+00 7.819229e+00 1.873259e+00 6.134616e-01 2.458631e+00 -3.083554e-01 1.632852e-02 -1.427553e-02 3.420659e-01
195.000 255.000 1.151051e+01 1.065070e+01 3.879790e-02 4.704025e+00 1.289394e+01 9.306901e+00 1.615721e-01 4.649868e+00 -4.513029e-01 2.432560e-02 -1.856190e-02 1.041861e-01
195.000 285.000 5.928633e+00 0.000000e+00 1.000000e+00 2.000000e+00 6.595594e+00 0.000000e+00 1.000000e+00 2.000000e+00 -4.733241e-01 2.748203e-02 0.000000e+00 7.365925e-01
195.000 315.000 6.668158e+00 5.044318e+00 1.386419e-01 3.389298e+00 7.247832e+00 4.450380e+00 2.391350e-01 3.321030e+00 -3.685185e-01 2.436545e-02 -2.117801e-02 1.496320e-01
195.000 345.000 4.078335e+00 0.000000e+00 1.000000e+00 2.000000e+00 4.342644e+00 0.000000e+00 1.000000e+00 2.000000e+00 -1.649687e-01 1.638783e-02 0.000000e+00 5.824648e-01
225.000 15.000 1.028766e+01 3.737455e+00 4.670341e-01 3.311487e+00 1.047868e+01 3.647399e+00 4.835937e-01 3.289759e+00 3.561527e-02 2.160903e-02 -3.547626e-03 1.302767e-01
225.000 45.000 7.966290e+00 6.842049e+00 7.591940e-02 3.837055e+00 7.671946e+00 7.065950e+00 4.111822e-02 3.835750e+00 2.451531e-01 2.236126e-02 6.414382e-03 -4.410437e-02
225.000 75.000 1.800187e+01 1.067249e+01 2.556076e-01 5.176959e+00 1.634118e+01 1.141068e+01 1.776636e-01 5.184196e+00 3.890024e-01 2.152263e-02 1.063872e-02 -2.576679e-02
225.000 105.000 2.504618e+00 6.623890e+00 -4.512536e-01 2.696233e+00 2.216927e+00 7.282766e+00 -5.332635e-01 2.607348e+00 4.286188e-01 1.983294e-02 2.186508e-02 -3.263251e-01
225.000 135.000 1.002048e+01 2.006577e+01 -3.338830e-01 5.170329e+00 8.957252e+00 2.167913e+01 -4.152540e-01 5.035233e+00 3.533872e-01 1.898077e-02 1.127483e-02 -1.329249e-01
225.000 165.000 6.668834e+00 7.409831e+00 -5.263263e-02 3.746954e+00 6.314066e+00 7.786536e+00 -1.044260e-01 3.734547e+00 1.834657e-01 1.992667e-02 9.790390e-03 -6.300984e-02
225.000 195.000 1.985819e+01 1.053665e+01 3.066819e-01 5.247484e+00 1.953485e+01 1.073318e+01 2.907911e-01 5.263895e+00 -3.561525e-02 2.160903e-02 2.137961e-03 6.523016e-02
225.000 225.000 2.076591e+01 0.000000e+00 1.000000e+00 2.000000e+00 2.124574e+01 0.000000e+00 1.000000e+00 2.000000e+00 -2.451531e-01 2.236126e-02 0.000000e+00 6.225376e-01
225.000 255.000 4.473791e+00 0.000000e+00 1.000000e+00 2.000000e+00 4.685542e+00 0.000000e+00 1.000000e+00 2.000000e+00 -3.890024e-01 2.152263e-02 0.000000e+00 6.944610e-01
225.000 285.000 6.489171e+00 1.427267e+01 -3.748946e-01 4.224198e+00 7.098273e+00 1.278746e+01 -2.860940e-01 4.272949e+00 -4.286188e-01 1.983294e-02 -1.477919e-02 1.271806e-02
225.000 315.000 9.549739e+00 1.141472e+01 -8.895927e-02 4.560543e+00 1.027535e+01 1.029977e+01 -1.187076e-03 4.535977e+00 -3.533872e-01 1.898077e-02 -1.364568e-02 5.798117e-02
225.000 345.000 1.986311e+00 3.831019e+00 -3.171056e-01 2.287436e+00 2.089958e+00 3.592193e+00 -2.643778e-01 2.298911e+00 -1.834657e-01 1.992667e-02 -1.625870e-02 -5.842121e-02
255.000 15.000 1.192717e+01 8.101117e+00 1.910324e-01 4.392879e+00 1.209619e+01 8.022938e+00 2.024568e-01 4.392547e+00 7.350186e-02 2.108363e-02 -1.839014e-03 2.675448e-02
255.000 45.000 9.757232e+00 1.318727e+01 -1.494927e-01 4.736215e+00 9.461468e+00 1.355546e+01 -1.778686e-01 4.721095e+00 2.617125e-01 2.043435e-02 4.243238e-03 -8.682066e-02
255.000 75.000 8.224185e+00 1.241940e+01 -2.032212e-01 4.448711e+00 7.733302e+00 1.294245e+01 -2.519448e-01 4.400379e+00 3.797975e-01 2.007962e-02 7.786621e-03 -1.310521e-01
255.000 105.000 7.472481e+00 2.573299e+00 4.876856e-01 2.767042e+00 6.803384e+00 2.659629e+00 4.378896e-01 2.765593e+00 3.961160e-01 2.039059e-02 1.272850e-02 3.309205e-02
255.000 135.000 9.444298e+00 1.113415e+01 -8.211771e-02 4.521027e+00 8.807544e+00 1.173337e+01 -1.424391e-01 4.485996e+00 3.062956e-01 2.104122e-02 9.471125e-03 -8.591170e-02
255.000 165.000 1.996510e+00 0.000000e+00 1.000000e+00 2.000000e+00 1.932669e+00 0.000000e+00 1.000000e+00 2.000000e+00 1.344036e-01 2.138001e-02 0.000000e+00 4.327735e-01
255.000 195.000 5.942918e+01 4.586192e+00 8.567159e-01 4.126804e+00 5.778763e+01 4.596543e+00 8.526375e-01 4.126919e+00 -7.350183e-02 2.108363e-02 6.987983e-04 2.254058e-01
255.000 225.000 1.537306e+01 1.171449e+01 1.350648e-01 5.156879e+00 1.572599e+01 1.128856e+01 1.642607e-01 5.126954e+00 -2.617125e-01 2.043435e-02 -4.014951e-03 7.694075e-02
255.000 255.000 1.357076e+01 1.806745e+01 -1.421284e-01 5.567684e+00 1.426499e+01 1.687084e+01 -8.369275e-02 5.560372e+00 -3.797975e-01 2.007962e-02 -7.426322e-03 4.268696e-02
255.000 285.000 8.311341e+00 6.474631e+00 1.242198e-01 3.815471e+00 8.733736e+00 5.940183e+00 1.903754e-01 3.760598e+00 -3.961160e-01 2.039059e-02 -1.234884e-02 1.363733e-01
255.000 315.000 1.446960e+01 7.767046e+00 3.014193e-01 4.496262e+00 1.523042e+01 7.331291e+00 3.501122e-01 4.449284e+00 -3.062956e-01 2.104122e-02 -7.697819e-03 1.351586e-01
255.000 345.000 1.703711e+01 4.101194e+00 6.119656e-01 3.636202e+00 1.783019e+01 3.944906e+00 6.376681e-01 3.594565e+00 -1.344036e-01 2.138001e-02 -5.026885e-03 2.052571e-01
285.000 15.000 1.667631e+00 1.341552e+01 -7.788750e-01 2.435778e+00 1.681731e+00 1.325200e+01 -7.747742e-01 2.443233e+00 1.361969e-01 2.138001e-02 -1.188633e-03 -3.756651e-01
285.000 45.000 7.302329e+00 9.954816e+00 -1.537037e-01 4.104808e+00 7.095585e+00 1.009500e+01 -1.744802e-01 4.082554e+00 3.337787e-01 2.104122e-02 3.588748e-03 -1.187573e-01
285.000 75.000 2.352561e+01 0.000000e+00 1.000000e+00 2.000000e+00 2.189984e+01 0.000000e+00 1.000000e+00 2.000000e+00 4.419248e-01 2.039059e-02 0.000000e+00 2.790231e-01
285.000 105.000 6.409615e+00 2.831625e+01 -6.308449e-01 4.572327e+00 6.071744e+00 2.956529e+01 -6.592453e-01 4.488767e+00 4.316575e-01 2.007961e-02 4.432411e-03 -2.323745e-01
285.000 135.000 6.035049e+00 5.498682e+00 4.650422e-02 3.392460e+00 5.662351e+00 5.841345e+00 -1.555970e-02 3.391299e+00 3.057279e-01 2.043435e-02 1.293849e-02 -7.641031e-02
285.000 165.000 0.000000e+00 2.485353e+00 -1.000000e+00 2.000000e+00 0.000000e+00 2.538585e+00 -1.000000e+00 2.000000e+00 9.787874e-02 2.108363e-02 0.000000e+00 -5.489089e-01
285.000 195.000 4.074695e+00 1.660119e+01 -6.058504e-01 3.617555e+00 4.043217e+00 1.656639e+01 -6.076376e-01 3.605559e+00 -1.361969e-01 2.138001e-02 3.499228e-04 -1.298240e-01
285.000 225.000 1.551389e+01 2.829522e+01 -2.917503e-01 6.330889e+00 1.576466e+01 2.749470e+01 -2.711560e-01 6.330774e+00 -3.337787e-01 2.104122e-02 -2.300232e-03 6.638586e-03
285.000 255.000 0.000000e+00 5.654743e+00 -1.000000e+00 2.000000e+00 0.000000e+00 5.267560e+00 -1.000000e+00 2.000000e+00 -4.419248e-01 2.039059e-02 0.000000e+00 -2.790231e-01
285.000 285.000 0.000000e+00 1.340550e+01 -1.000000e+00 2.000000e+00 0.000000e+00 1.247413e+01 -1.000000e+00 2.000000e+00 -4.316575e-01 2.007961e-02 0.000000e+00 -2.841569e-01
285.000 315.000 2.829490e+00 1.426661e+01 -6.689900e-01 3.073236e+00 2.898463e+00 1.337435e+01 -6.437661e-01 3.086874e+00 -3.057279e-01 2.043435e-02 -5.790784e-03 -1.181992e-01
285.000 345.000 1.752903e+01 1.476461e+01 8.560260e-02 5.661890e+00 1.822350e+01 1.425797e+01 1.220859e-01 5.656618e+00 -9.787877e-02 2.108363e-02 -4.558480e-03 3.240616e-02
315.000 15.000 0.000000e+00 1.045139e+01 -1.000000e+00 2.000000e+00 0.000000e+00 1.031216e+01 -1.000000e+00 2.000000e+00 1.597688e-01 1.992667e-02 0.000000e+00 -5.798556e-01
315.000 45.000 7.094564e+00 1.238117e+01 -2.714457e-01 4.247435e+00 7.013256e+00 1.248052e+01 -2.804621e-01 4.237973e+00 3.859071e-01 1.898077e-02 1.502699e-03 -1.547631e-01
315.000 75.000 0.000000e+00 2.782756e+01 -1.000000e+00 2.000000e+00 0.000000e+00 2.861768e+01 -1.000000e+00 2.000000e+00 5.086419e-01 1.983294e-02 0.000000e+00 -7.542839e-01
315.000 105.000 3.006445e+01 1.464687e+01 3.448251e-01 6.276540e+00 2.852981e+01 1.509176e+01 3.080597e-01 6.283458e+00 4.950866e-01 2.152263e-02 4.139662e-03 -2.394003e-02
315.000 135.000 1.186244e+01 1.499082e+01 -1.164993e-01 5.146728e+00 1.138465e+01 1.565294e+01 -1.578651e-01 5.134567e+00 3.488731e-01 2.236126e-02 5.689946e-03 -9.042019e-02
315.000 165.000 3.916564e+00 2.481372e+00 2.243212e-01 2.464953e+00 3.764281e+00 2.507501e+00 2.003864e-01 2.453557e+00 1.091794e-01 2.160903e-02 6.881944e-03 4.670977e-02
315.000 195.000 3.261543e+00 1.289648e+01 -5.962944e-01 3.226882e+00 3.245591e+00 1.314984e+01 -6.040860e-01 3.226827e+00 -1.597688e-01 1.992667e-02 1.707375e-03 -1.352753e-01
315.000 225.000 9.698966e+00 1.786413e+01 -2.962353e-01 5.014408e+00 9.708621e+00 1.762886e+01 -2.897209e-01 5.004281e+00 -3.859071e-01 1.898077e-02 -9.195562e-04 1.788270e-02
315.000 255.000 2.685850e+01 0.000000e+00 1.000000e+00 2.000000e+00 2.756301e+01 0.000000e+00 1.000000e+00 2.000000e+00 -5.086419e-01 1.983294e-02 0.000000e+00 7.542839e-01
315.000 285.000 1.068387e+01 6.075782e+00 2.749515e-01 3.936071e+00 1.105035e+01 5.681235e+00 3.208968e-01 3.874100e+00 -4.950866e-01 2.152263e-02 -8.319215e-03 1.956333e-01
315.000 315.000 0.000000e+00 1.641521e+01 -1.000000e+00 2.000000e+00 0.000000e+00 1.583577e+01 -1.000000e+00 2.000000e+00 -3.488732e-01 2.236126e-02 0.000000e+00 -3.255431e-01
315.000 345.000 7.685762e+00 2.292589e+00 5.404874e-01 2.657708e+00 7.955533e+00 2.262566e+00 5.571455e-01 2.654484e+00 -1.091795e-01 2.160903e-02 -4.434718e-03 2.444382e-01
345.000 15.000 0.000000e+00 1.163246e+01 -1.000000e+00 2.000000e+00 0.000000e+00 1.159707e+01 -1.000000e+00 2.000000e+00 1.516799e-01 1.638783e-02 0.000000e+00 -5.758206e-01
345.000 45.000 4.452798e+00 0.000000e+00 1.000000e+00 2.000000e+00 4.484121e+00 0.000000e+00 1.000000e+00 2.000000e+00 3.973617e-01 2.436545e-02 0.000000e+00 3.012968e-01
345.000 75.000 1.446208e+00 1.367854e+01 -8.087627e-01 2.287290e+00 1.439332e+00 1.377565e+01 -8.108007e-01 2.283131e+00 5.365707e-01 2.748203e-02 6.306185e-04 -5.881354e-01
345.000 105.000 7.768652e+00 0.000000e+00 1.000000e+00 2.000000e+00 7.669818e+00 0.000000e+00 1.000000e+00 2.000000e+00 5.320060e-01 2.432560e-02 0.000000e+00 2.339797e-01
345.000 135.000 1.410635e+01 6.841061e+00 3.468346e-01 4.292733e+00 1.383174e+01 6.910018e+00 3.337096e-01 4.293240e+00 3.848908e-01 1.632852e-02 2.161847e-03 -8.865182e-03
345.000 165.000 7.168083e+00 4.605289e+00 2.176771e-01 3.348957e+00 7.086442e+00 4.725490e+00 1.998785e-01 3.367496e+00 1.346444e-01 1.024860e-02 3.747647e-03 2.479349e-02
345.000 195.000 6.935743e+00 4.899036e+00 1.720950e-01 3.388845e+00 6.848778e+00 4.950838e+00 1.608476e-01 3.390330e+00 -1.516799e-01 1.638783e-02 2.346336e-03 9.554025e-02
345.000 225.000 2.176835e+01 7.779537e+00 4.734285e-01 4.788025e+00 2.185148e+01 7.768659e+00 4.754475e-01 4.787953e+00 -3.973616e-01 2.436545e-02 -2.981744e-04 1.818660e-01
345.000 255.000 5.971199e+00 4.794378e+00 1.093134e-01 3.261431e+00 5.994705e+00 4.691295e+00 1.219737e-01 3.244537e+00 -5.365707e-01 2.748203e-02 -2.751982e-03 1.980300e-01
345.000 285.000 2.270617e+01 0.000000e+00 1.000000e+00 2.000000e+00 2.284636e+01 0.000000e+00 1.000000e+00 2.000000e+00 -5.320060e-01 2.432560e-02 0.000000e+00 7.659464e-01
345.000 315.000 6.418393e+00 4.468187e+00 1.791386e-01 3.246109e+00 6.511358e+00 4.355205e+00 1.984208e-01 3.230904e+00 -3.848908e-01 1.632852e-02 -4.210140e-03 1.737533e-01
345.000 345.000 0.000000e+00 6.044528e+00 -1.000000e+00 2.000000e+00 0.000000e+00 6.025508e+00 -1.000000e+00 2.000000e+00 -1.346444e-01 1.024860e-02 0.000000e+00 -4.326721e-01
