  #t  #Q2   A1M1_AVG      A_1M1     dA_1M1   A0P1_AVG      A_0P1     dA_0P1   A2M1_AVG      A_2M1     dA_2M1   A3M1_AVG      A_3M1     dA_3M1   A1P1_AVG      A_1P1     dA_1P1       Asym      Astat          t         tp         xb         Q2          W     Dilute
   8    0 -1.026e-01 -4.459e-02 2.5415e-03  3.707e-01  3.607e-01 2.4821e-03 -2.437e-02  8.848e-04 2.5047e-03 -3.106e-03  7.669e-03 2.4645e-03  4.620e-02  2.096e-02 2.4584e-03 -2.0497e-03 2.8791e-03 5.4575e-01 1.2330e-01 4.4603e-01 5.6392e+00 2.7814e+00 6.0766e-01
   Phi   PhiS      N_U_avg      N_D_avg     Asym_avg    dAsym_avg      N_U_fit      N_D_fit     Asym_fit    dAsym_fit     Asym_cal    dAsym_cal     GOOD_fit     GOOD_cal
15.000 15.000 3.143369e+01 3.498612e+01 -5.348447e-02 8.138170e+00 3.067867e+01 3.478630e+01 -6.274558e-02 8.075100e+00 1.078995e-01 1.965277e-03 8.078007e-04 -1.983050e-02
15.000 45.000 5.457875e+01 1.798753e+01 5.042456e-01 7.356311e+00 5.725303e+01 1.741460e+01 5.335436e-01 7.308357e+00 2.952713e-01 3.106165e-03 -2.825386e-03 2.840748e-02
15.000 75.000 2.396303e+01 1.800656e+02 -7.651013e-01 9.197518e+00 2.571762e+01 1.753266e+02 -7.441595e-01 9.471603e+00 4.035254e-01 4.614268e-03 -1.586197e-03 -1.270589e-01
15.000 105.000 3.663457e+01 2.477221e+01 1.931766e-01 7.688644e+00 3.906130e+01 2.374432e+01 2.438792e-01 7.685709e+00 4.036551e-01 5.210445e-03 -4.663890e-03 -2.737524e-02
15.000 135.000 7.723533e+01 7.409170e+01 2.077371e-02 1.229885e+01 8.220214e+01 7.089286e+01 7.387097e-02 1.233935e+01 2.956258e-01 4.621991e-03 -3.047737e-03 -2.234779e-02
15.000 165.000 7.669649e+01 6.958507e+01 4.861464e-02 1.208039e+01 7.962809e+01 6.759158e+01 8.175883e-02 1.209279e+01 1.083839e-01 3.117625e-03 -1.939048e-03 -4.947622e-03
15.000 195.000 6.897684e+01 1.105215e+02 -2.314485e-01 1.303391e+01 6.879474e+01 1.116513e+02 -2.375033e-01 1.304866e+01 -1.078995e-01 1.965277e-03 3.282916e-04 -9.479044e-03
15.000 225.000 8.193697e+01 0.000000e+00 1.000000e+00 2.000000e+00 7.978035e+01 0.000000e+00 1.000000e+00 2.000000e+00 -2.952713e-01 3.106165e-03 0.000000e+00 6.476349e-01
15.000 255.000 0.000000e+00 4.941493e+01 -1.000000e+00 2.000000e+00 0.000000e+00 5.206164e+01 -1.000000e+00 2.000000e+00 -4.035254e-01 4.614268e-03 0.000000e+00 -2.982365e-01
15.000 285.000 1.735441e+01 4.923971e+01 -4.788006e-01 7.164315e+00 1.665813e+01 5.305825e+01 -5.221172e-01 7.121184e+00 -4.036551e-01 5.210445e-03 4.288168e-03 -1.048885e-02
15.000 315.000 7.052464e+00 7.296920e+00 -1.703594e-02 3.787508e+00 6.843245e+00 7.757100e+00 -6.259130e-02 3.813548e+00 -2.956259e-01 4.621991e-03 8.475747e-03 7.355488e-02
15.000 345.000 1.005717e+02 9.162346e+01 4.655826e-02 1.384841e+01 9.842481e+01 9.288833e+01 2.893937e-02 1.382581e+01 -1.083839e-01 3.117625e-03 9.003639e-04 1.118844e-02
45.000 15.000 3.898530e+01 0.000000e+00 1.000000e+00 2.000000e+00 3.847595e+01 0.000000e+00 1.000000e+00 2.000000e+00 9.670912e-02 4.119332e-03 0.000000e+00 4.516445e-01
45.000 45.000 1.442205e+02 1.364967e+02 2.751466e-02 1.674827e+01 1.421197e+02 1.390185e+02 1.103084e-02 1.676616e+01 2.843081e-01 4.281899e-03 6.955702e-04 -1.533253e-02
45.000 75.000 7.734770e+01 4.697607e+01 2.442946e-01 1.081222e+01 8.021414e+01 4.583432e+01 2.727508e-01 1.080145e+01 3.957269e-01 4.107468e-03 -1.861926e-03 -1.400566e-02
45.000 105.000 3.493156e+01 3.715043e+02 -8.281079e-01 1.130121e+01 3.622103e+01 3.628070e+02 -8.184537e-01 1.147748e+01 4.011110e-01 3.747287e-03 -5.993584e-04 -1.087688e-01
45.000 135.000 7.508669e+01 1.611094e+02 -3.642005e-01 1.431316e+01 7.836417e+01 1.558902e+02 -3.309481e-01 1.444290e+01 2.990178e-01 3.560392e-03 -1.635323e-03 -4.633625e-02
45.000 165.000 7.944844e+01 2.767603e+01 4.832921e-01 9.061086e+00 8.294720e+01 2.714850e+01 5.068200e-01 9.045209e+00 1.168030e-01 3.760287e-03 -1.837675e-03 4.044649e-02
45.000 195.000 3.086428e+01 5.021688e+01 -2.386818e-01 8.744258e+00 3.097263e+01 4.871551e+01 -2.226541e-01 8.702736e+00 -9.670910e-02 4.119332e-03 -1.299164e-03 -1.623610e-02
45.000 225.000 6.137258e+01 1.736323e+01 5.589497e-01 7.357771e+00 6.098932e+01 1.763751e+01 5.513616e-01 7.397588e+00 -2.843080e-01 4.281899e-03 7.272759e-04 1.146078e-01
45.000 255.000 6.287560e+01 1.387844e+01 6.383658e-01 6.743584e+00 6.142027e+01 1.433834e+01 6.214730e-01 6.818978e+00 -3.957269e-01 4.107468e-03 1.761447e-03 1.533446e-01
45.000 285.000 3.921734e+01 1.207517e+01 5.291643e-01 6.076993e+00 3.816940e+01 1.257178e+01 5.044742e-01 6.150435e+00 -4.011110e-01 3.747287e-03 2.855591e-03 1.530815e-01
45.000 315.000 2.718864e+01 7.587584e+01 -4.723955e-01 8.947897e+00 2.656100e+01 7.890338e+01 -4.963039e-01 8.915529e+00 -2.990178e-01 3.560392e-03 1.892773e-03 -1.937637e-02
45.000 345.000 1.483595e+02 3.040121e+01 6.598669e-01 1.004609e+01 1.435213e+02 3.138498e+01 6.411223e-01 1.014954e+01 -1.168030e-01 3.760287e-03 1.312588e-03 7.731066e-02
75.000 15.000 6.571617e+02 4.685108e+02 1.675895e-01 3.307653e+01 6.487325e+02 4.684764e+02 1.613450e-01 3.298675e+01 7.249110e-02 3.994502e-03 1.336762e-04 2.875102e-03
75.000 45.000 3.658843e+02 4.934019e+02 -1.483995e-01 2.898901e+01 3.683710e+02 4.925625e+02 -1.442521e-01 2.903478e+01 2.517650e-01 3.883464e-03 -1.010846e-04 -1.380401e-02
75.000 75.000 3.903109e+02 6.449854e+02 -2.459919e-01 3.118731e+01 3.942086e+02 6.502244e+02 -2.451241e-01 3.133173e+01 3.635786e-01 3.825019e-03 -1.962969e-05 -1.954547e-02
75.000 105.000 4.298558e+02 4.633966e+02 -3.754909e-02 2.986625e+01 4.368867e+02 4.574412e+02 -2.298316e-02 2.989742e+01 3.779716e-01 3.880079e-03 -3.446799e-04 -1.391272e-02
75.000 135.000 3.055544e+02 4.643284e+02 -2.062315e-01 2.715030e+01 3.090398e+02 4.599639e+02 -1.962593e-01 2.719161e+01 2.910875e-01 3.991211e-03 -2.595190e-04 -1.831726e-02
75.000 165.000 4.395223e+02 3.988473e+02 4.851679e-02 2.892051e+01 4.447664e+02 3.962013e+02 5.774908e-02 2.895105e+01 1.262067e-01 4.047256e-03 -2.256104e-04 -2.686325e-03
75.000 195.000 4.708080e+02 3.772775e+02 1.102843e-01 2.894427e+01 4.757652e+02 3.770936e+02 1.156952e-01 2.900764e+01 -7.249108e-02 3.994502e-03 -1.320422e-04 6.314736e-03
75.000 225.000 3.921999e+02 3.770266e+02 1.972532e-02 2.772954e+01 3.902961e+02 3.804343e+02 1.279543e-02 2.775976e+01 -2.517649e-01 3.883464e-03 1.766168e-04 9.790653e-03
75.000 255.000 4.578158e+02 3.862316e+02 8.481073e-02 2.894782e+01 4.537479e+02 3.908371e+02 7.448718e-02 2.898101e+01 -3.635786e-01 3.825019e-03 2.520283e-04 1.548957e-02
75.000 285.000 5.293047e+02 2.545584e+02 3.505029e-01 2.622144e+01 5.233311e+02 2.582403e+02 3.391768e-01 2.629940e+01 -3.779717e-01 3.880079e-03 3.049768e-04 2.778164e-02
75.000 315.000 6.342946e+02 3.884699e+02 2.403532e-01 3.104319e+01 6.289931e+02 3.941302e+02 2.295548e-01 3.113213e+01 -2.910875e-01 3.991211e-03 2.456141e-04 1.711940e-02
75.000 345.000 5.923854e+02 4.921434e+02 9.242912e-02 3.279121e+01 5.865768e+02 4.969585e+02 8.270917e-02 3.280431e+01 -1.262067e-01 4.047256e-03 2.095584e-04 6.667513e-03
105.000 15.000 1.361456e+03 1.342908e+03 6.858355e-03 5.200228e+01 1.356139e+03 1.345550e+03 3.919476e-03 5.197738e+01 6.004737e-02 4.047256e-03 3.997131e-05 -1.022821e-03
105.000 45.000 1.357776e+03 1.423288e+03 -2.355643e-02 5.272116e+01 1.351492e+03 1.426407e+03 -2.696823e-02 5.268661e+01 2.194773e-01 3.991211e-03 4.577474e-05 -4.609796e-03
105.000 75.000 1.199492e+03 1.598091e+03 -1.424799e-01 5.235256e+01 1.196922e+03 1.602071e+03 -1.447483e-01 5.234833e+01 3.200985e-01 3.880079e-03 3.064002e-05 -8.835833e-03
105.000 105.000 1.082903e+03 1.349056e+03 -1.094399e-01 4.901868e+01 1.081117e+03 1.348337e+03 -1.099919e-01 4.899042e+01 3.349496e-01 3.825019e-03 7.965048e-06 -9.065717e-03
105.000 135.000 1.151862e+03 1.388409e+03 -9.311884e-02 5.018210e+01 1.151151e+03 1.389849e+03 -9.393834e-02 5.018543e+01 2.600512e-01 3.883464e-03 1.154705e-05 -7.037768e-03
105.000 165.000 1.170069e+03 1.517837e+03 -1.293827e-01 5.140924e+01 1.170603e+03 1.516824e+03 -1.288302e-01 5.140839e+01 1.154723e-01 3.994502e-03 -7.599143e-06 -4.762858e-03
105.000 195.000 1.284998e+03 1.471683e+03 -6.772078e-02 5.238358e+01 1.285901e+03 1.467054e+03 -6.580318e-02 5.235489e+01 -6.004735e-02 4.047256e-03 -2.589208e-05 -1.464854e-04
105.000 225.000 1.536234e+03 1.170291e+03 1.352077e-01 5.154655e+01 1.541483e+03 1.168946e+03 1.374458e-01 5.156767e+01 -2.194773e-01 3.991211e-03 -3.069516e-05 6.880869e-03
105.000 255.000 1.835156e+03 1.335248e+03 1.576794e-01 5.560197e+01 1.839308e+03 1.331517e+03 1.601446e-01 5.558331e+01 -3.200985e-01 3.880079e-03 -3.135551e-05 8.592825e-03
105.000 285.000 1.686489e+03 1.273583e+03 1.394920e-01 5.387462e+01 1.690156e+03 1.272370e+03 1.410234e-01 5.388515e+01 -3.349496e-01 3.825019e-03 -2.009879e-05 8.806402e-03
105.000 315.000 1.510297e+03 1.321391e+03 6.671149e-02 5.309507e+01 1.510663e+03 1.321112e+03 6.693730e-02 5.309508e+01 -2.600512e-01 3.883464e-03 -3.007262e-06 6.154294e-03
105.000 345.000 1.194892e+03 1.279777e+03 -3.430162e-02 4.971676e+01 1.194483e+03 1.281449e+03 -3.512450e-02 4.972804e+01 -1.154723e-01 3.994502e-03 1.170222e-05 1.632662e-03
135.000 15.000 1.566235e+03 1.663493e+03 -3.011348e-02 5.680492e+01 1.552132e+03 1.675372e+03 -3.818456e-02 5.676969e+01 6.819980e-02 3.760287e-03 1.004998e-04 -1.730718e-03
135.000 45.000 1.430977e+03 1.967397e+03 -1.578458e-01 5.756477e+01 1.401169e+03 1.998555e+03 -1.757158e-01 5.739995e+01 2.098378e-01 3.560392e-03 2.198239e-04 -6.387302e-03
135.000 75.000 1.661296e+03 1.687174e+03 -7.728457e-03 5.786424e+01 1.615854e+03 1.724647e+03 -3.256774e-02 5.776641e+01 2.952499e-01 3.747287e-03 3.037952e-04 -5.236020e-03
135.000 105.000 1.644031e+03 2.253439e+03 -1.563599e-01 6.166184e+01 1.603065e+03 2.297481e+03 -1.780303e-01 6.145664e+01 3.015500e-01 4.107468e-03 2.489190e-04 -7.426147e-03
135.000 135.000 1.442795e+03 2.017043e+03 -1.659755e-01 5.800454e+01 1.420701e+03 2.041546e+03 -1.793184e-01 5.788712e+01 2.270501e-01 4.281899e-03 1.628217e-04 -6.775772e-03
135.000 165.000 1.466540e+03 1.631397e+03 -5.321506e-02 5.558025e+01 1.460872e+03 1.636413e+03 -5.667583e-02 5.556379e+01 9.171226e-02 4.119332e-03 4.403541e-05 -2.607532e-03
135.000 195.000 1.611554e+03 1.647658e+03 -1.107733e-02 5.708600e+01 1.622611e+03 1.633170e+03 -3.243170e-03 5.705915e+01 -6.819979e-02 3.760287e-03 -9.706219e-05 1.000639e-03
135.000 225.000 1.577220e+03 1.535192e+03 1.350341e-02 5.578390e+01 1.605880e+03 1.506643e+03 3.188335e-02 5.576163e+01 -2.098378e-01 3.560392e-03 -2.330274e-04 4.003685e-03
135.000 255.000 1.545085e+03 1.494558e+03 1.662270e-02 5.512533e+01 1.572266e+03 1.459816e+03 3.708682e-02 5.502646e+01 -2.952499e-01 3.747287e-03 -2.627341e-04 5.657518e-03
135.000 285.000 1.697124e+03 1.740143e+03 -1.251555e-02 5.862361e+01 1.727859e+03 1.696797e+03 9.070176e-03 5.851815e+01 -3.015500e-01 4.107468e-03 -2.605972e-04 4.930342e-03
135.000 315.000 1.813183e+03 1.452048e+03 1.106000e-01 5.679163e+01 1.835764e+03 1.431131e+03 1.238585e-01 5.671664e+01 -2.270501e-01 4.281899e-03 -1.651886e-04 5.945420e-03
135.000 345.000 1.666427e+03 1.577655e+03 2.736414e-02 5.693551e+01 1.670401e+03 1.572173e+03 3.029301e-02 5.691747e+01 -9.171227e-02 4.119332e-03 -3.638070e-05 2.091426e-03
165.000 15.000 1.578679e+03 1.321219e+03 8.878242e-02 5.363804e+01 1.559153e+03 1.335806e+03 7.715029e-02 5.364447e+01 7.707693e-02 3.117625e-03 1.533365e-04 2.182312e-04
165.000 45.000 1.064433e+03 1.463235e+03 -1.577749e-01 4.964622e+01 1.032938e+03 1.503318e+03 -1.854625e-01 4.948756e+01 2.127717e-01 4.621990e-03 3.949826e-04 -7.463742e-03
165.000 75.000 1.333192e+03 1.652350e+03 -1.069012e-01 5.432700e+01 1.282056e+03 1.706450e+03 -1.420089e-01 5.411320e+01 2.914544e-01 5.210445e-03 4.578529e-04 -7.332553e-03
165.000 105.000 1.629221e+03 1.549778e+03 2.499004e-02 5.636500e+01 1.561882e+03 1.602425e+03 -1.281250e-02 5.624756e+01 2.920422e-01 4.614268e-03 4.747324e-04 -4.737908e-03
165.000 135.000 1.298701e+03 1.695707e+03 -1.325826e-01 5.423810e+01 1.264611e+03 1.737838e+03 -1.576135e-01 5.410972e+01 2.143775e-01 3.106165e-03 3.267161e-04 -6.396982e-03
165.000 165.000 1.398637e+03 1.330151e+03 2.509755e-02 5.222136e+01 1.387949e+03 1.340419e+03 1.742058e-02 5.222586e+01 7.927055e-02 1.965278e-03 1.039460e-04 -1.037372e-03
165.000 195.000 1.378193e+03 1.267686e+03 4.176563e-02 5.139322e+01 1.393310e+03 1.253630e+03 5.277022e-02 5.137673e+01 -7.707691e-02 3.117625e-03 -1.514338e-04 2.312417e-03
165.000 225.000 1.541023e+03 1.492302e+03 1.606197e-02 5.506853e+01 1.581713e+03 1.448047e+03 4.411771e-02 5.498966e+01 -2.127717e-01 4.621990e-03 -3.605075e-04 4.155434e-03
165.000 255.000 1.636235e+03 1.379964e+03 8.496485e-02 5.472134e+01 1.689600e+03 1.325157e+03 1.208865e-01 5.450413e+01 -2.914544e-01 5.210445e-03 -4.650997e-04 6.878839e-03
165.000 285.000 1.739734e+03 1.243474e+03 1.663510e-01 5.385773e+01 1.795142e+03 1.197620e+03 1.996558e-01 5.360469e+01 -2.920422e-01 4.614268e-03 -4.382915e-04 8.511188e-03
165.000 315.000 1.420182e+03 1.302315e+03 4.329371e-02 5.212863e+01 1.451201e+03 1.268440e+03 6.720037e-02 5.203229e+01 -2.143775e-01 3.106165e-03 -3.245853e-04 4.942989e-03
165.000 345.000 1.650891e+03 1.430350e+03 7.157529e-02 5.536656e+01 1.664859e+03 1.418751e+03 7.981148e-02 5.535312e+01 -7.927056e-02 1.965278e-03 -1.052002e-04 2.724494e-03
195.000 15.000 1.396514e+03 1.478281e+03 -2.844272e-02 5.359541e+01 1.386798e+03 1.490670e+03 -3.609870e-02 5.360707e+01 7.927053e-02 1.965277e-03 1.009976e-04 -2.009747e-03
195.000 45.000 1.158977e+03 1.404729e+03 -9.585817e-02 5.039988e+01 1.129170e+03 1.435440e+03 -1.194218e-01 5.027957e+01 2.143775e-01 3.106165e-03 3.309904e-04 -6.155484e-03
195.000 75.000 1.217169e+03 1.655832e+03 -1.526845e-01 5.297192e+01 1.173650e+03 1.707167e+03 -1.851967e-01 5.274477e+01 2.920422e-01 4.614268e-03 4.349282e-04 -8.395518e-03
195.000 105.000 1.326601e+03 1.415136e+03 -3.229144e-02 5.233430e+01 1.275154e+03 1.461628e+03 -6.813617e-02 5.219269e+01 2.914545e-01 5.210445e-03 4.849663e-04 -6.186113e-03
195.000 135.000 1.250499e+03 1.503466e+03 -9.185556e-02 5.225637e+01 1.216280e+03 1.540483e+03 -1.176026e-01 5.214054e+01 2.127717e-01 4.621990e-03 3.487828e-04 -5.829476e-03
195.000 165.000 1.548640e+03 1.285762e+03 9.274536e-02 5.300964e+01 1.529183e+03 1.301574e+03 8.040563e-02 5.303259e+01 7.707695e-02 3.117625e-03 1.645667e-04 2.955768e-04
195.000 195.000 1.486520e+03 1.304585e+03 6.518399e-02 5.271855e+01 1.498218e+03 1.293802e+03 7.321425e-02 5.269776e+01 -7.927052e-02 1.965277e-03 -1.077301e-04 2.740108e-03
195.000 225.000 1.181418e+03 1.485707e+03 -1.140889e-01 5.130700e+01 1.207090e+03 1.445578e+03 -8.990525e-02 5.129548e+01 -2.143775e-01 3.106165e-03 -3.333340e-04 1.954676e-03
195.000 255.000 1.324320e+03 1.308069e+03 6.173717e-03 5.130584e+01 1.364056e+03 1.257470e+03 4.065795e-02 5.115850e+01 -2.920422e-01 4.614268e-03 -4.759511e-04 5.812515e-03
195.000 285.000 1.534100e+03 1.327525e+03 7.218792e-02 5.335460e+01 1.582206e+03 1.274619e+03 1.076677e-01 5.313857e+01 -2.914545e-01 5.210445e-03 -4.711649e-04 6.815577e-03
195.000 315.000 1.638735e+03 1.246010e+03 1.361385e-01 5.320977e+01 1.680537e+03 1.209810e+03 1.628618e-01 5.304416e+01 -2.127717e-01 4.621991e-03 -3.556806e-04 6.557258e-03
195.000 345.000 1.629427e+03 1.336372e+03 9.881173e-02 5.419263e+01 1.648481e+03 1.322568e+03 1.096961e-01 5.417839e+01 -7.707696e-02 3.117625e-03 -1.420386e-04 3.245620e-03
225.000 15.000 1.357914e+03 1.775316e+03 -1.332178e-01 5.547635e+01 1.354623e+03 1.779198e+03 -1.354816e-01 5.546439e+01 9.171224e-02 4.119332e-03 2.885754e-05 -4.054521e-03
225.000 45.000 1.689105e+03 1.640587e+03 1.457155e-02 5.769736e+01 1.661327e+03 1.660669e+03 1.980904e-04 5.763676e+01 2.270501e-01 4.281899e-03 1.762456e-04 -3.682639e-03
225.000 75.000 1.477582e+03 2.018915e+03 -1.548214e-01 5.841821e+01 1.442324e+03 2.056162e+03 -1.754581e-01 5.823043e+01 3.015500e-01 4.107468e-03 2.501924e-04 -7.812144e-03
225.000 105.000 1.220576e+03 1.721094e+03 -1.701475e-01 5.344631e+01 1.195812e+03 1.759401e+03 -1.907100e-01 5.336414e+01 2.952499e-01 3.747287e-03 2.722548e-04 -8.707755e-03
225.000 135.000 1.475083e+03 1.888015e+03 -1.227832e-01 5.755343e+01 1.445777e+03 1.919370e+03 -1.407347e-01 5.743254e+01 2.098378e-01 3.560392e-03 2.207866e-04 -5.779342e-03
225.000 165.000 1.700107e+03 1.833871e+03 -3.785079e-02 5.940467e+01 1.685937e+03 1.849200e+03 -4.618290e-02 5.939358e+01 6.819982e-02 3.760288e-03 9.918821e-05 -1.785223e-03
225.000 195.000 1.617395e+03 1.391242e+03 7.516819e-02 5.469586e+01 1.620859e+03 1.388041e+03 7.737638e-02 5.468899e+01 -9.171222e-02 4.119332e-03 -2.854923e-05 3.051061e-03
225.000 225.000 1.780050e+03 1.546748e+03 7.012815e-02 5.753640e+01 1.802903e+03 1.524084e+03 8.380517e-02 5.747714e+01 -2.270500e-01 4.281899e-03 -1.681736e-04 5.165046e-03
225.000 255.000 1.905204e+03 1.249128e+03 2.079921e-01 5.493517e+01 1.941739e+03 1.221729e+03 2.276014e-01 5.476854e+01 -3.015500e-01 4.107468e-03 -2.527876e-04 9.275335e-03
225.000 285.000 1.698496e+03 1.368372e+03 1.076422e-01 5.505754e+01 1.727422e+03 1.335123e+03 1.280959e-01 5.488436e+01 -2.952499e-01 3.747287e-03 -2.631019e-04 7.317655e-03
225.000 315.000 1.700334e+03 1.464729e+03 7.443942e-02 5.610280e+01 1.726568e+03 1.434706e+03 9.232402e-02 5.598507e+01 -2.098378e-01 3.560392e-03 -2.256500e-04 5.067077e-03
225.000 345.000 1.570446e+03 1.789694e+03 -6.524975e-02 5.784319e+01 1.584184e+03 1.772515e+03 -5.610608e-02 5.784577e+01 -6.819984e-02 3.760288e-03 -1.117748e-04 5.100142e-05
255.000 15.000 1.186544e+03 1.750921e+03 -1.921306e-01 5.318863e+01 1.187689e+03 1.750269e+03 -1.914865e-01 5.319992e+01 1.154722e-01 3.994502e-03 -8.562524e-06 -5.783245e-03
255.000 45.000 1.219520e+03 1.493232e+03 -1.008982e-01 5.181830e+01 1.216822e+03 1.492026e+03 -1.015948e-01 5.177730e+01 2.600512e-01 3.883464e-03 9.508668e-06 -6.965675e-03
255.000 75.000 1.275293e+03 1.505464e+03 -8.277251e-02 5.255193e+01 1.272487e+03 1.505095e+03 -8.374490e-02 5.251764e+01 3.349496e-01 3.825019e-03 1.308807e-05 -7.948749e-03
255.000 105.000 1.065114e+03 1.416581e+03 -1.416240e-01 4.931449e+01 1.063101e+03 1.418870e+03 -1.433415e-01 4.930491e+01 3.200985e-01 3.880079e-03 2.462827e-05 -9.362819e-03
255.000 135.000 1.385726e+03 1.786161e+03 -1.262450e-01 5.586891e+01 1.382252e+03 1.794408e+03 -1.297449e-01 5.588546e+01 2.194774e-01 3.991211e-03 4.429040e-05 -6.188099e-03
255.000 165.000 1.453349e+03 1.439793e+03 4.685591e-03 5.378734e+01 1.450852e+03 1.443139e+03 2.665199e-03 5.379563e+01 6.004739e-02 4.047256e-03 2.655871e-05 -1.029272e-03
255.000 195.000 1.423516e+03 1.309328e+03 4.178324e-02 5.223096e+01 1.422638e+03 1.309840e+03 4.128061e-02 5.222855e+01 -1.154722e-01 3.994502e-03 6.804732e-06 3.010771e-03
255.000 225.000 1.542702e+03 1.086066e+03 1.737073e-01 5.049205e+01 1.543340e+03 1.085190e+03 1.742992e-01 5.048440e+01 -2.600512e-01 3.883464e-03 -8.288848e-06 8.590630e-03
255.000 255.000 1.975084e+03 1.181819e+03 2.512794e-01 5.438356e+01 1.981370e+03 1.181893e+03 2.527379e-01 5.441696e+01 -3.349496e-01 3.825019e-03 -1.895684e-05 1.077953e-02
255.000 285.000 1.498305e+03 1.062125e+03 1.703541e-01 4.986105e+01 1.497311e+03 1.059206e+03 1.713677e-01 4.981405e+01 -3.200985e-01 3.880079e-03 -1.438085e-05 9.836389e-03
255.000 315.000 1.590707e+03 1.282415e+03 1.073022e-01 5.329204e+01 1.592038e+03 1.277104e+03 1.097657e-01 5.324071e+01 -2.194774e-01 3.991211e-03 -3.270272e-05 6.131865e-03
255.000 345.000 1.615677e+03 1.292669e+03 1.110626e-01 5.359544e+01 1.620907e+03 1.291982e+03 1.129205e-01 5.362598e+01 -6.004740e-02 4.047256e-03 -2.450468e-05 3.192623e-03
285.000 15.000 4.438499e+02 4.643751e+02 -2.259918e-02 3.012908e+01 4.496508e+02 4.610410e+02 -1.250715e-02 3.017531e+01 1.262067e-01 4.047256e-03 -2.366709e-04 -4.938946e-03
285.000 45.000 3.258492e+02 4.557986e+02 -1.662506e-01 2.756889e+01 3.299712e+02 4.512947e+02 -1.552909e-01 2.761205e+01 2.910875e-01 3.991211e-03 -2.808810e-04 -1.658892e-02
285.000 75.000 5.621035e+02 3.916094e+02 1.787688e-01 3.038476e+01 5.640606e+02 3.869773e+02 1.862000e-01 3.029959e+01 3.779716e-01 3.880079e-03 -1.731792e-04 -6.556010e-03
285.000 105.000 5.273100e+02 4.751004e+02 5.208403e-02 3.161789e+01 5.283962e+02 4.696317e+02 5.888061e-02 3.153677e+01 3.635786e-01 3.825019e-03 -1.521947e-04 -9.851845e-03
285.000 135.000 4.304808e+02 6.396671e+02 -1.954742e-01 3.208204e+01 4.309984e+02 6.369135e+02 -1.928203e-01 3.206567e+01 2.517650e-01 3.883464e-03 -5.850792e-05 -1.394048e-02
285.000 165.000 3.313630e+02 5.561119e+02 -2.532453e-01 2.881941e+01 3.318417e+02 5.633078e+02 -2.585781e-01 2.890151e+01 7.249112e-02 3.994502e-03 1.306582e-04 -1.130268e-02
285.000 195.000 4.950781e+02 4.365683e+02 6.280256e-02 3.046263e+01 4.915562e+02 4.409232e+02 5.429940e-02 3.049148e+01 -1.262067e-01 4.047256e-03 1.972844e-04 6.204626e-03
285.000 225.000 4.977396e+02 3.106854e+02 2.313810e-01 2.766124e+01 4.921235e+02 3.151944e+02 2.191567e-01 2.772260e+01 -2.910875e-01 3.991211e-03 3.121449e-04 1.888811e-02
285.000 255.000 6.615265e+02 2.198696e+02 5.010879e-01 2.569216e+01 6.555058e+02 2.236876e+02 4.911527e-01 2.582837e+01 -3.779716e-01 3.880079e-03 2.727157e-04 3.421508e-02
285.000 285.000 4.766615e+02 2.976675e+02 2.311602e-01 2.707310e+01 4.737585e+02 2.981009e+02 2.275772e-01 2.705335e+01 -3.635786e-01 3.825019e-03 9.361482e-05 2.196788e-02
285.000 315.000 5.073779e+02 3.430163e+02 1.932770e-01 2.861165e+01 5.054295e+02 3.472840e+02 1.854614e-01 2.869466e+01 -2.517650e-01 3.883464e-03 1.928725e-04 1.555457e-02
285.000 345.000 3.687616e+02 4.639815e+02 -1.143449e-01 2.866802e+01 3.697942e+02 4.616937e+02 -1.105241e-01 2.865887e+01 -7.249114e-02 3.994502e-03 -9.425515e-05 -1.459946e-03
315.000 15.000 1.075235e+02 2.769467e+02 -4.406666e-01 1.760145e+01 1.122639e+02 2.700742e+02 -4.127505e-01 1.781016e+01 1.168030e-01 3.760287e-03 -1.114851e-03 -3.167180e-02
315.000 45.000 7.780821e+01 6.558330e+01 8.525546e-02 1.193102e+01 8.181822e+01 6.388095e+01 1.231117e-01 1.197877e+01 2.990178e-01 3.560392e-03 -2.239110e-03 -1.791651e-02
315.000 75.000 1.585177e+02 5.885287e+01 4.585021e-01 1.310244e+01 1.653762e+02 5.712991e+01 4.864869e-01 1.303249e+01 4.011110e-01 3.747287e-03 -1.514310e-03 4.380181e-03
315.000 105.000 1.321681e+02 1.572439e+02 -8.664413e-02 1.694814e+01 1.354272e+02 1.555194e+02 -6.905805e-02 1.701644e+01 3.957269e-01 4.107468e-03 -7.322457e-04 -2.846160e-02
315.000 135.000 4.868371e+01 8.501612e+01 -2.717461e-01 1.112774e+01 4.915984e+01 8.515343e+01 -2.679824e-01 1.116547e+01 2.843081e-01 4.281899e-03 -2.387552e-04 -4.997008e-02
315.000 165.000 3.441551e+01 6.517676e+01 -3.088718e-01 9.491627e+00 3.404550e+01 6.594718e+01 -3.190401e-01 9.477065e+00 9.670914e-02 4.119332e-03 7.580987e-04 -4.273039e-02
315.000 195.000 4.357741e+01 8.300131e+01 -3.114576e-01 1.069111e+01 4.242419e+01 8.570018e+01 -3.377654e-01 1.065398e+01 -1.168029e-01 3.760287e-03 1.743019e-03 -1.820715e-02
315.000 225.000 1.465235e+02 1.482416e+01 8.162457e-01 7.338162e+00 1.417305e+02 1.550340e+01 8.027983e-01 7.476564e+00 -2.990177e-01 3.560392e-03 1.283639e-03 1.519813e-01
315.000 255.000 9.062195e+01 7.190864e+01 1.151372e-01 1.266396e+01 8.796586e+01 7.350083e+01 8.958524e-02 1.265586e+01 -4.011110e-01 3.747287e-03 1.427178e-03 4.076513e-02
315.000 285.000 5.753675e+00 5.542832e+01 -8.119160e-01 4.566219e+00 5.607299e+00 5.671765e+01 -8.200625e-01 4.517883e+00 -3.957269e-01 4.107468e-03 1.268216e-03 -9.114521e-02
315.000 315.000 1.893683e+02 1.531339e+02 1.057932e-01 1.840296e+01 1.937393e+02 1.524030e+02 1.194200e-01 1.847176e+01 -2.843081e-01 4.281899e-03 -5.226105e-04 2.119775e-02
315.000 345.000 8.604366e+01 2.085672e+01 6.097914e-01 8.194507e+00 8.717534e+01 2.084767e+01 6.140143e-01 8.203467e+00 -9.670916e-02 4.119332e-03 -3.641893e-04 8.621635e-02
345.000 15.000 2.973281e+01 0.000000e+00 1.000000e+00 2.000000e+00 3.068205e+01 0.000000e+00 1.000000e+00 2.000000e+00 1.083838e-01 3.117625e-03 0.000000e+00 4.458075e-01
345.000 45.000 0.000000e+00 7.191376e+00 -1.000000e+00 2.000000e+00 0.000000e+00 6.896638e+00 -1.000000e+00 2.000000e+00 2.956258e-01 4.621990e-03 0.000000e+00 -6.478112e-01
345.000 75.000 9.756929e+01 5.570708e+01 2.731159e-01 1.190979e+01 1.043795e+02 5.313290e+01 3.253497e-01 1.186757e+01 4.036551e-01 5.210445e-03 -3.106719e-03 -1.096067e-02
345.000 105.000 2.402619e+01 0.000000e+00 1.000000e+00 2.000000e+00 2.558432e+01 0.000000e+00 1.000000e+00 2.000000e+00 4.035254e-01 4.614268e-03 0.000000e+00 2.982365e-01
345.000 135.000 0.000000e+00 2.581327e+01 -1.000000e+00 2.000000e+00 0.000000e+00 2.488000e+01 -1.000000e+00 2.000000e+00 2.952713e-01 3.106165e-03 0.000000e+00 -6.476349e-01
345.000 165.000 0.000000e+00 6.012171e+01 -1.000000e+00 2.000000e+00 0.000000e+00 6.097101e+01 -1.000000e+00 2.000000e+00 1.078996e-01 1.965278e-03 0.000000e+00 -5.539495e-01
345.000 195.000 0.000000e+00 9.493487e+01 -1.000000e+00 2.000000e+00 0.000000e+00 9.607812e+01 -1.000000e+00 2.000000e+00 -1.083838e-01 3.117625e-03 0.000000e+00 -4.458076e-01
345.000 225.000 9.620539e+01 9.073233e+01 2.927749e-02 1.366666e+01 9.210591e+01 9.628736e+01 -2.219531e-02 1.372226e+01 -2.956258e-01 4.621990e-03 2.657768e-03 2.377343e-02
345.000 255.000 0.000000e+00 3.866112e+01 -1.000000e+00 2.000000e+00 0.000000e+00 4.170374e+01 -1.000000e+00 2.000000e+00 -4.036551e-01 5.210445e-03 0.000000e+00 -2.981714e-01
345.000 285.000 0.000000e+00 0.000000e+00         -nan         -nan 0.000000e+00 0.000000e+00         -nan         -nan -4.035254e-01 4.614268e-03         -nan         -nan
345.000 315.000 1.883845e+02 3.429369e+01 6.919888e-01 1.077261e+01 1.834706e+02 3.623296e+01 6.701650e-01 1.100137e+01 -2.952713e-01 3.106165e-03 1.417377e-03 9.164542e-02
345.000 345.000 0.000000e+00 1.216532e+01 -1.000000e+00 2.000000e+00 0.000000e+00 1.239860e+01 -1.000000e+00 2.000000e+00 -1.078996e-01 1.965278e-03 0.000000e+00 -4.460500e-01
