  #t  #Q2   A1M1_AVG      A_1M1     dA_1M1   A0P1_AVG      A_0P1     dA_0P1   A2M1_AVG      A_2M1     dA_2M1   A3M1_AVG      A_3M1     dA_3M1   A1P1_AVG      A_1P1     dA_1P1       Asym      Astat          t         tp         xb         Q2          W     Dilute
   1    0 -2.578e-02 -3.762e-02 3.4497e-03  3.942e-01  4.010e-01 3.3784e-03 -2.036e-03  7.842e-03 3.4071e-03  6.750e-04 -2.083e-02 3.3882e-03  1.062e-02  3.988e-02 3.3719e-03 -1.3616e-02 1.0939e-03 3.0957e-01 1.1261e-02 4.2941e-01 5.2614e+00 2.8082e+00 7.7419e-01
   Phi   PhiS      N_U_avg      N_D_avg     Asym_avg    dAsym_avg      N_U_fit      N_D_fit     Asym_fit    dAsym_fit     Asym_cal    dAsym_cal     GOOD_fit     GOOD_cal
15.000 15.000 4.704440e+03 5.751719e+03 -1.001590e-01 1.017412e+02 4.697473e+03 5.762652e+03 -1.018323e-01 1.017431e+02 1.153411e-01 2.693432e-03 1.162929e-05 -2.118121e-03
15.000 45.000 4.893029e+03 7.431476e+03 -2.059675e-01 1.086355e+02 4.812552e+03 7.517700e+03 -2.193911e-01 1.083364e+02 3.348672e-01 4.241084e-03 8.749464e-05 -4.978436e-03
15.000 75.000 4.794678e+03 6.653629e+03 -1.623778e-01 1.055768e+02 4.677299e+03 6.765657e+03 -1.825016e-01 1.051752e+02 4.646660e-01 6.294298e-03 1.350371e-04 -5.939221e-03
15.000 105.000 5.108567e+03 7.748061e+03 -2.053022e-01 1.109718e+02 4.968116e+03 7.895525e+03 -2.275723e-01 1.104420e+02 4.699579e-01 7.107558e-03 1.422433e-04 -6.084971e-03
15.000 135.000 5.063451e+03 6.334178e+03 -1.114905e-01 1.060941e+02 4.963683e+03 6.421167e+03 -1.280196e-01 1.058218e+02 3.493249e-01 6.307548e-03 1.103064e-04 -4.343460e-03
15.000 165.000 5.359918e+03 5.594736e+03 -2.143542e-02 1.046404e+02 5.320838e+03 5.633365e+03 -2.853032e-02 1.046197e+02 1.350906e-01 4.260723e-03 4.794848e-05 -1.495847e-03
15.000 195.000 5.320832e+03 5.777212e+03 -4.112259e-02 1.052581e+02 5.333642e+03 5.761049e+03 -3.852362e-02 1.052532e+02 -1.153411e-01 2.693432e-03 -1.745987e-05 7.051092e-04
15.000 225.000 5.580317e+03 4.991762e+03 5.567072e-02 1.026612e+02 5.644760e+03 4.898250e+03 7.080621e-02 1.024214e+02 -3.348672e-01 4.241084e-03 -1.043717e-04 3.804145e-03
15.000 255.000 7.324333e+03 4.457876e+03 2.432869e-01 1.052846e+02 7.460558e+03 4.338247e+03 2.646294e-01 1.047499e+02 -4.646660e-01 6.294298e-03 -1.437042e-04 6.724185e-03
15.000 285.000 7.937564e+03 3.864521e+03 3.451121e-01 1.019629e+02 8.106084e+03 3.777530e+03 3.642456e-01 1.015232e+02 -4.699579e-01 7.107558e-03 -1.329761e-04 7.993792e-03
15.000 315.000 6.213257e+03 4.653723e+03 1.435112e-01 1.031657e+02 6.314914e+03 4.563243e+03 1.610265e-01 1.029373e+02 -3.493249e-01 6.307548e-03 -1.201843e-04 4.777130e-03
15.000 345.000 5.922723e+03 5.746515e+03 1.510024e-02 1.080119e+02 5.972218e+03 5.695566e+03 2.371071e-02 1.079871e+02 -1.350907e-01 4.260724e-03 -5.637548e-05 1.390503e-03
45.000 15.000 6.209904e+03 6.018122e+03 1.568378e-02 1.105668e+02 6.177577e+03 6.046386e+03 1.073231e-02 1.105557e+02 1.090490e-01 5.630950e-03 3.166770e-05 -8.444237e-04
45.000 45.000 5.682275e+03 8.375857e+03 -1.916031e-01 1.163702e+02 5.631717e+03 8.425014e+03 -1.987160e-01 1.161966e+02 3.081449e-01 5.861789e-03 4.325216e-05 -4.294466e-03
45.000 75.000 5.882088e+03 8.036205e+03 -1.547688e-01 1.165543e+02 5.844495e+03 8.094794e+03 -1.614357e-01 1.165161e+02 4.246737e-01 5.615955e-03 4.045285e-05 -4.971439e-03
45.000 105.000 4.937227e+03 9.106488e+03 -2.968774e-01 1.131634e+02 4.901541e+03 9.151265e+03 -3.024110e-01 1.129940e+02 4.274115e-01 5.105326e-03 3.460328e-05 -6.400381e-03
45.000 135.000 5.785076e+03 6.113259e+03 -2.758223e-02 1.090380e+02 5.763829e+03 6.117115e+03 -2.973556e-02 1.089515e+02 3.156247e-01 4.838532e-03 1.396978e-05 -3.147590e-03
45.000 165.000 6.024509e+03 6.905243e+03 -6.811685e-02 1.134450e+02 6.025246e+03 6.898388e+03 -6.756168e-02 1.134224e+02 1.192665e-01 5.121817e-03 -3.460745e-06 -1.651756e-03
45.000 195.000 7.701062e+03 6.363902e+03 9.507031e-02 1.180586e+02 7.729054e+03 6.329831e+03 9.952588e-02 1.179815e+02 -1.090490e-01 5.630950e-03 -2.669519e-05 1.728966e-03
45.000 225.000 7.773565e+03 5.125483e+03 2.052928e-01 1.111549e+02 7.834721e+03 5.084118e+03 2.129141e-01 1.110549e+02 -3.081449e-01 5.861789e-03 -4.850408e-05 4.619118e-03
45.000 255.000 7.605938e+03 5.743663e+03 1.395004e-01 1.144107e+02 7.654990e+03 5.678593e+03 1.482270e-01 1.141956e+02 -4.246737e-01 5.615955e-03 -5.398451e-05 4.931130e-03
45.000 285.000 8.768761e+03 5.332762e+03 2.436616e-01 1.151708e+02 8.830776e+03 5.298111e+03 2.500314e-01 1.150896e+02 -4.274115e-01 5.105326e-03 -3.912203e-05 5.826767e-03
45.000 315.000 8.359816e+03 6.201818e+03 1.481975e-01 1.193391e+02 8.372903e+03 6.182648e+03 1.504756e-01 1.192727e+02 -3.156247e-01 4.838532e-03 -1.350158e-05 3.886590e-03
45.000 345.000 7.130547e+03 6.627090e+03 3.659472e-02 1.172144e+02 7.123489e+03 6.620009e+03 3.663407e-02 1.171540e+02 -1.192666e-01 5.121817e-03 -2.374499e-07 1.329711e-03
75.000 15.000 6.697336e+03 7.317184e+03 -4.422898e-02 1.182671e+02 6.574615e+03 7.450258e+03 -6.243501e-02 1.181956e+02 1.270467e-01 5.452865e-03 1.088849e-04 -1.448211e-03
75.000 45.000 6.424934e+03 7.262817e+03 -6.121403e-02 1.167753e+02 6.321334e+03 7.382677e+03 -7.744761e-02 1.167125e+02 3.068517e-01 5.295272e-03 9.832525e-05 -3.151915e-03
75.000 75.000 5.983961e+03 8.526969e+03 -1.752478e-01 1.185971e+02 5.902948e+03 8.587942e+03 -1.852884e-01 1.182937e+02 4.044360e-01 5.214609e-03 5.994168e-05 -4.887841e-03
75.000 105.000 5.520325e+03 9.065645e+03 -2.430637e-01 1.171505e+02 5.529615e+03 9.072689e+03 -2.426380e-01 1.172289e+02 3.936521e-01 5.295113e-03 -2.568783e-06 -5.435026e-03
75.000 135.000 6.711043e+03 8.409958e+03 -1.123547e-01 1.221889e+02 6.784591e+03 8.357717e+03 -1.038894e-01 1.223882e+02 2.773894e-01 5.452711e-03 -4.894826e-05 -3.189685e-03
75.000 165.000 6.932388e+03 7.294125e+03 -2.542696e-02 1.192364e+02 7.038222e+03 7.184751e+03 -1.030233e-02 1.192538e+02 8.680040e-02 5.529902e-03 -8.968693e-05 -9.412173e-04
75.000 195.000 7.202955e+03 6.865369e+03 2.399617e-02 1.185758e+02 7.325885e+03 6.733982e+03 4.209874e-02 1.184692e+02 -1.270467e-01 5.452865e-03 -1.080001e-04 1.273808e-03
75.000 225.000 8.259979e+03 7.262471e+03 6.426229e-02 1.243316e+02 8.366656e+03 7.123844e+03 8.023060e-02 1.240596e+02 -3.068517e-01 5.295272e-03 -9.091538e-05 2.984872e-03
75.000 255.000 8.409934e+03 6.425990e+03 1.337257e-01 1.207088e+02 8.490578e+03 6.339632e+03 1.450381e-01 1.204917e+02 -4.044360e-01 5.214609e-03 -6.632723e-05 4.458346e-03
75.000 285.000 9.113418e+03 6.296302e+03 1.828142e-01 1.220439e+02 9.141163e+03 6.293359e+03 1.845088e-01 1.221027e+02 -3.936521e-01 5.295113e-03 -9.815493e-06 4.723434e-03
75.000 315.000 6.672447e+03 6.923747e+03 -1.848312e-02 1.165828e+02 6.626183e+03 6.979492e+03 -2.596776e-02 1.166040e+02 -2.773894e-01 5.452711e-03 4.539228e-05 2.220793e-03
75.000 345.000 7.648570e+03 6.755183e+03 6.202457e-02 1.197846e+02 7.534789e+03 6.865736e+03 4.646036e-02 1.198726e+02 -8.680042e-02 5.529902e-03 9.184418e-05 1.242439e-03
105.000 15.000 6.003537e+03 7.373336e+03 -1.024006e-01 1.150504e+02 5.914350e+03 7.489339e+03 -1.175041e-01 1.149723e+02 1.167132e-01 5.529902e-03 9.285899e-05 -1.904502e-03
105.000 45.000 5.971942e+03 7.305416e+03 -1.004322e-01 1.146448e+02 5.857213e+03 7.398133e+03 -1.162490e-01 1.143513e+02 2.937696e-01 5.452711e-03 9.767959e-05 -3.438462e-03
105.000 75.000 5.364782e+03 9.329007e+03 -2.697891e-01 1.167231e+02 5.276552e+03 9.461337e+03 -2.839474e-01 1.164029e+02 3.921107e-01 5.295113e-03 8.588833e-05 -5.670684e-03
105.000 105.000 6.116545e+03 8.078851e+03 -1.382354e-01 1.180006e+02 6.061775e+03 8.121149e+03 -1.452010e-01 1.178300e+02 3.853861e-01 5.214609e-03 4.177033e-05 -4.437449e-03
105.000 135.000 6.139884e+03 8.276509e+03 -1.482080e-01 1.187423e+02 6.150073e+03 8.275732e+03 -1.473511e-01 1.187964e+02 2.753975e-01 5.295272e-03 -5.101604e-06 -3.567437e-03
105.000 165.000 6.347424e+03 7.142122e+03 -5.891209e-02 1.159428e+02 6.408105e+03 7.071699e+03 -4.922876e-02 1.159618e+02 9.161646e-02 5.452865e-03 -5.905147e-05 -1.298300e-03
105.000 195.000 6.742642e+03 6.185215e+03 4.311828e-02 1.135950e+02 6.843606e+03 6.095068e+03 5.785280e-02 1.135578e+02 -1.167132e-01 5.529902e-03 -9.173451e-05 1.407029e-03
105.000 225.000 8.158425e+03 5.117017e+03 2.291003e-01 1.121546e+02 8.291149e+03 5.032573e+03 2.445695e-01 1.119231e+02 -2.937696e-01 5.452711e-03 -9.763005e-05 4.662046e-03
105.000 255.000 8.287012e+03 5.537204e+03 1.989124e-01 1.152269e+02 8.385337e+03 5.455520e+03 2.116788e-01 1.149812e+02 -3.921107e-01 5.295113e-03 -7.842693e-05 5.129209e-03
105.000 285.000 7.764519e+03 5.694699e+03 1.537846e-01 1.146338e+02 7.819306e+03 5.621477e+03 1.635194e-01 1.143739e+02 -3.853861e-01 5.214609e-03 -6.011670e-05 4.703417e-03
105.000 315.000 8.517702e+03 6.186985e+03 1.585017e-01 1.197300e+02 8.522681e+03 6.188383e+03 1.586764e-01 1.197525e+02 -2.753975e-01 5.295272e-03 -1.031968e-06 3.623982e-03
105.000 345.000 7.457466e+03 6.770297e+03 4.829770e-02 1.191410e+02 7.388540e+03 6.833124e+03 3.905428e-02 1.191636e+02 -9.161648e-02 5.452865e-03 5.485486e-05 1.174358e-03
135.000 15.000 5.845246e+03 5.884386e+03 -3.336866e-03 1.083028e+02 5.866238e+03 5.872435e+03 -5.278633e-04 1.083451e+02 7.315677e-02 5.121817e-03 -1.833633e-05 -7.062940e-04
135.000 45.000 4.691816e+03 6.826762e+03 -1.853481e-01 1.054650e+02 4.705971e+03 6.828016e+03 -1.839819e-01 1.055631e+02 2.403847e-01 4.838532e-03 -9.155551e-06 -4.036720e-03
135.000 75.000 4.853096e+03 7.303709e+03 -2.015836e-01 1.079945e+02 4.851859e+03 7.326973e+03 -2.032308e-01 1.080547e+02 3.432017e-01 5.105326e-03 1.078198e-05 -5.044568e-03
135.000 105.000 5.023771e+03 8.361163e+03 -2.493395e-01 1.120392e+02 5.017759e+03 8.381709e+03 -2.510510e-01 1.120488e+02 3.540581e-01 5.615955e-03 1.080162e-05 -5.385592e-03
135.000 135.000 5.327607e+03 6.702162e+03 -1.142628e-01 1.089620e+02 5.307037e+03 6.721191e+03 -1.175696e-01 1.089127e+02 2.700450e-01 5.861789e-03 2.146447e-05 -3.526990e-03
135.000 165.000 5.980066e+03 7.375476e+03 -1.044818e-01 1.149337e+02 5.960967e+03 7.408740e+03 -1.082875e-01 1.149475e+02 1.136735e-01 5.630950e-03 2.341296e-05 -1.898097e-03
135.000 195.000 6.072899e+03 5.970813e+03 8.476315e-03 1.097399e+02 6.049664e+03 5.979567e+03 5.827251e-03 1.096760e+02 -7.315675e-02 5.121817e-03 1.707416e-05 7.438777e-04
135.000 225.000 7.767803e+03 5.167981e+03 2.009790e-01 1.114149e+02 7.760686e+03 5.174477e+03 1.999364e-01 1.114365e+02 -2.403847e-01 4.838532e-03 6.616689e-06 3.961443e-03
135.000 255.000 6.771958e+03 4.678863e+03 1.827900e-01 1.052056e+02 6.783471e+03 4.662463e+03 1.853067e-01 1.051328e+02 -3.432017e-01 5.105326e-03 -1.692090e-05 4.999654e-03
135.000 285.000 6.465576e+03 5.256198e+03 1.031736e-01 1.076894e+02 6.467842e+03 5.251614e+03 1.037786e-01 1.076719e+02 -3.540581e-01 5.615955e-03 -3.972757e-06 4.245839e-03
135.000 315.000 6.752818e+03 4.754493e+03 1.736570e-01 1.056423e+02 6.773465e+03 4.747298e+03 1.758709e-01 1.056618e+02 -2.700450e-01 5.861789e-03 -1.481693e-05 4.200043e-03
135.000 345.000 5.633375e+03 5.804621e+03 -1.497165e-02 1.069366e+02 5.651935e+03 5.775113e+03 -1.077955e-02 1.068912e+02 -1.136735e-01 5.630950e-03 -2.772567e-05 9.229941e-04
165.000 15.000 1.594800e+03 2.751686e+03 -2.661658e-01 6.354968e+01 1.615723e+03 2.726437e+03 -2.557975e-01 6.370277e+01 6.139199e-02 4.260724e-03 -1.152267e-04 -5.154357e-03
165.000 45.000 1.906090e+03 2.031352e+03 -3.181305e-02 6.271728e+01 1.948070e+03 1.986053e+03 -9.654631e-03 6.271966e+01 2.026252e-01 6.307548e-03 -2.498207e-04 -3.738016e-03
165.000 75.000 1.717897e+03 2.841006e+03 -2.463552e-01 6.543866e+01 1.754262e+03 2.795696e+03 -2.288887e-01 6.566266e+01 2.895651e-01 7.107558e-03 -1.884132e-04 -8.189657e-03
165.000 105.000 2.323078e+03 3.229957e+03 -1.633123e-01 7.351823e+01 2.345374e+03 3.184226e+03 -1.517020e-01 7.350064e+01 2.989163e-01 6.294298e-03 -1.116822e-04 -6.287264e-03
165.000 135.000 1.887956e+03 2.712169e+03 -1.791719e-01 6.672667e+01 1.897587e+03 2.688716e+03 -1.724981e-01 6.670709e+01 2.281731e-01 4.241084e-03 -7.073318e-05 -6.104680e-03
165.000 165.000 2.169323e+03 2.312529e+03 -3.195238e-02 6.691245e+01 2.168236e+03 2.317458e+03 -3.326626e-02 6.693826e+01 9.629111e-02 2.693433e-03 1.388195e-05 -1.916587e-03
165.000 195.000 1.997603e+03 2.061024e+03 -1.562612e-02 6.369957e+01 1.973177e+03 2.084625e+03 -2.746516e-02 6.367685e+01 -6.139198e-02 4.260723e-03 1.314445e-04 7.184641e-04
165.000 225.000 2.396409e+03 2.467411e+03 -1.459800e-02 6.973366e+01 2.358971e+03 2.517269e+03 -3.246319e-02 6.979328e+01 -2.026251e-01 6.307548e-03 1.810775e-04 2.696361e-03
165.000 255.000 3.796229e+03 1.697326e+03 3.820665e-01 6.849550e+01 3.722800e+03 1.738628e+03 3.633064e-01 6.885176e+01 -2.895651e-01 7.107558e-03 1.931651e-04 9.805483e-03
165.000 285.000 2.968788e+03 2.314779e+03 1.237818e-01 7.212914e+01 2.936881e+03 2.361118e+03 1.086756e-01 7.235626e+01 -2.989163e-01 6.294298e-03 1.478582e-04 5.860295e-03
165.000 315.000 1.982405e+03 2.326599e+03 -7.987789e-02 6.543326e+01 1.964644e+03 2.345613e+03 -8.838652e-02 6.539560e+01 -2.281731e-01 4.241084e-03 9.197529e-05 2.266358e-03
165.000 345.000 2.124311e+03 2.270834e+03 -3.333759e-02 6.625904e+01 2.126851e+03 2.266143e+03 -3.170779e-02 6.624633e+01 -9.629113e-02 2.693433e-03 -1.739465e-05 9.501125e-04
195.000 15.000 1.627454e+03 2.645206e+03 -2.382009e-01 6.348410e+01 1.630648e+03 2.650753e+03 -2.382643e-01 6.354799e+01 9.629109e-02 2.693432e-03 7.058380e-07 -5.268910e-03
195.000 45.000 1.377795e+03 2.578177e+03 -3.034356e-01 5.993107e+01 1.389517e+03 2.552324e+03 -2.949909e-01 5.999019e+01 2.281731e-01 4.241084e-03 -9.958688e-05 -8.870335e-03
195.000 75.000 1.864100e+03 2.624816e+03 -1.694654e-01 6.603030e+01 1.910058e+03 2.594598e+03 -1.519628e-01 6.633726e+01 2.989162e-01 6.294299e-03 -1.869969e-04 -7.093434e-03
195.000 105.000 1.979454e+03 3.362743e+03 -2.589363e-01 7.059755e+01 2.030875e+03 3.314524e+03 -2.401407e-01 7.097283e+01 2.895651e-01 7.107558e-03 -1.877572e-04 -7.769411e-03
195.000 135.000 2.386702e+03 2.898259e+03 -9.679483e-02 7.235638e+01 2.434243e+03 2.842701e+03 -7.740428e-02 7.242463e+01 2.026252e-01 6.307548e-03 -1.894059e-04 -4.138129e-03
195.000 165.000 2.537110e+03 2.759241e+03 -4.194037e-02 7.271200e+01 2.565595e+03 2.733605e+03 -3.170491e-02 7.275901e+01 6.139201e-02 4.260723e-03 -9.950521e-05 -1.421119e-03
195.000 195.000 3.088376e+03 3.144424e+03 -8.992334e-03 7.894489e+01 3.093201e+03 3.135933e+03 -6.859943e-03 7.892301e+01 -9.629108e-02 2.693432e-03 -1.910240e-05 1.105819e-03
195.000 225.000 2.044381e+03 2.102686e+03 -1.405940e-02 6.439136e+01 2.022032e+03 2.121533e+03 -2.401325e-02 6.435197e+01 -2.281730e-01 4.241084e-03 1.093406e-04 3.325192e-03
195.000 255.000 2.171554e+03 2.334002e+03 -3.605501e-02 6.707980e+01 2.127859e+03 2.370383e+03 -5.391530e-02 6.697138e+01 -2.989162e-01 6.294299e-03 1.884225e-04 3.918635e-03
195.000 285.000 1.659755e+03 2.229895e+03 -1.465788e-01 6.169344e+01 1.633967e+03 2.286646e+03 -1.664736e-01 6.174107e+01 -2.895651e-01 7.107558e-03 2.279389e-04 2.317691e-03
195.000 315.000 3.024327e+03 2.704254e+03 5.587294e-02 7.556916e+01 2.983018e+03 2.762184e+03 3.843801e-02 7.574110e+01 -2.026252e-01 6.307548e-03 1.629546e-04 3.420683e-03
195.000 345.000 2.394937e+03 2.566591e+03 -3.459689e-02 7.039595e+01 2.366583e+03 2.592211e+03 -4.550072e-02 7.034577e+01 -6.139203e-02 4.260723e-03 1.095649e-04 3.806347e-04
225.000 15.000 6.343626e+03 6.111032e+03 1.867524e-02 1.115810e+02 6.319794e+03 6.133594e+03 1.495171e-02 1.115823e+02 1.136734e-01 5.630950e-03 2.359645e-05 -8.513835e-04
225.000 45.000 4.826201e+03 7.313319e+03 -2.048778e-01 1.078423e+02 4.813024e+03 7.334303e+03 -2.075584e-01 1.078147e+02 2.700449e-01 5.861789e-03 1.757821e-05 -4.403863e-03
225.000 75.000 5.647103e+03 6.961626e+03 -1.042550e-01 1.116767e+02 5.614274e+03 6.986083e+03 -1.088707e-01 1.115841e+02 3.540581e-01 5.615954e-03 2.923740e-05 -4.103928e-03
225.000 105.000 4.362424e+03 6.945547e+03 -2.284338e-01 1.035273e+02 4.382436e+03 6.940241e+03 -2.259011e-01 1.036574e+02 3.432017e-01 5.105326e-03 -1.728793e-05 -5.521593e-03
225.000 135.000 6.195122e+03 7.391388e+03 -8.804808e-02 1.161085e+02 6.209526e+03 7.389087e+03 -8.674128e-02 1.161736e+02 2.403847e-01 4.838532e-03 -7.956248e-06 -2.828672e-03
225.000 165.000 5.745765e+03 5.771264e+03 -2.214008e-03 1.073172e+02 5.767480e+03 5.756255e+03 9.740782e-04 1.073486e+02 7.315678e-02 5.121817e-03 -2.100305e-05 -7.023182e-04
225.000 195.000 6.111988e+03 5.597081e+03 4.397502e-02 1.081038e+02 6.134361e+03 5.569945e+03 4.822294e-02 1.080606e+02 -1.136734e-01 5.630950e-03 -2.779120e-05 1.458307e-03
225.000 225.000 6.613270e+03 5.364944e+03 1.042164e-01 1.088491e+02 6.637963e+03 5.339317e+03 1.084258e-01 1.087956e+02 -2.700449e-01 5.861789e-03 -2.735180e-05 3.438351e-03
225.000 255.000 5.896511e+03 5.129828e+03 6.953201e-02 1.047522e+02 5.916420e+03 5.102076e+03 7.390694e-02 1.046819e+02 -3.540581e-01 5.615955e-03 -2.954197e-05 4.043734e-03
225.000 285.000 7.449821e+03 5.461082e+03 1.540356e-01 1.122701e+02 7.461163e+03 5.455268e+03 1.552979e-01 1.122716e+02 -3.432017e-01 5.105326e-03 -7.950352e-06 4.428940e-03
225.000 315.000 6.981997e+03 5.875065e+03 8.609525e-02 1.129680e+02 6.984427e+03 5.870468e+03 8.665639e-02 1.129529e+02 -2.403847e-01 4.838532e-03 -3.512553e-06 2.890023e-03
225.000 345.000 5.469161e+03 5.039851e+03 4.085168e-02 1.024279e+02 5.453449e+03 5.062971e+03 3.713031e-02 1.024789e+02 -7.315680e-02 5.121817e-03 2.568389e-05 1.113061e-03
255.000 15.000 6.922972e+03 6.971675e+03 -3.505162e-03 1.178748e+02 6.987885e+03 6.916273e+03 5.150376e-03 1.179143e+02 9.161645e-02 5.452865e-03 -5.191408e-05 -8.069713e-04
255.000 45.000 5.776847e+03 7.465315e+03 -1.275070e-01 1.141353e+02 5.797567e+03 7.443187e+03 -1.242844e-01 1.141763e+02 2.753975e-01 5.295272e-03 -1.996128e-05 -3.530060e-03
255.000 75.000 5.730922e+03 6.427014e+03 -5.725418e-02 1.100822e+02 5.667349e+03 6.464941e+03 -6.574121e-02 1.099084e+02 3.853860e-01 5.214609e-03 5.455901e-05 -4.020999e-03
255.000 105.000 5.617948e+03 7.223888e+03 -1.250553e-01 1.124322e+02 5.530719e+03 7.306647e+03 -1.383405e-01 1.122127e+02 3.921107e-01 5.295113e-03 8.363445e-05 -4.599803e-03
255.000 135.000 6.512792e+03 7.446496e+03 -6.688770e-02 1.178848e+02 6.385061e+03 7.556377e+03 -8.401687e-02 1.176564e+02 2.937696e-01 5.452711e-03 1.028452e-04 -3.059404e-03
255.000 165.000 6.404103e+03 7.123648e+03 -5.319033e-02 1.161442e+02 6.295949e+03 7.215844e+03 -6.808087e-02 1.159705e+02 1.167132e-01 5.529902e-03 9.072404e-05 -1.462867e-03
255.000 195.000 6.230293e+03 6.278640e+03 -3.865029e-03 1.118425e+02 6.173734e+03 6.339226e+03 -1.322567e-02 1.118516e+02 -9.161642e-02 5.452865e-03 5.917882e-05 7.845979e-04
255.000 225.000 8.083347e+03 5.837244e+03 1.613511e-01 1.164396e+02 8.077352e+03 5.854199e+03 1.595768e-01 1.165195e+02 -2.753975e-01 5.295272e-03 1.077122e-05 3.750860e-03
255.000 255.000 8.840880e+03 5.769321e+03 2.102338e-01 1.181713e+02 8.900271e+03 5.731938e+03 2.165314e-01 1.180939e+02 -3.853860e-01 5.214609e-03 -3.769556e-05 5.040309e-03
255.000 285.000 8.353443e+03 5.192103e+03 2.333859e-01 1.131713e+02 8.471647e+03 5.119675e+03 2.466259e-01 1.129807e+02 -3.921107e-01 5.295113e-03 -8.279454e-05 5.526992e-03
255.000 315.000 7.653879e+03 6.086990e+03 1.140313e-01 1.164568e+02 7.789577e+03 5.959592e+03 1.330979e-01 1.162136e+02 -2.937696e-01 5.452711e-03 -1.158903e-04 3.501734e-03
255.000 345.000 6.062527e+03 7.519659e+03 -1.072826e-01 1.158700e+02 6.142104e+03 7.407342e+03 -9.337931e-02 1.158935e+02 -1.167132e-01 5.529902e-03 -8.483720e-05 8.138990e-05
285.000 15.000 6.715977e+03 7.056219e+03 -2.470499e-02 1.173192e+02 6.828829e+03 6.945740e+03 -8.487420e-03 1.173609e+02 8.680037e-02 5.529902e-03 -9.772926e-05 -9.504444e-04
285.000 45.000 6.252425e+03 7.374772e+03 -8.236079e-02 1.163390e+02 6.306299e+03 7.318959e+03 -7.432229e-02 1.164044e+02 2.773893e-01 5.452711e-03 -4.884417e-05 -3.092258e-03
285.000 75.000 6.572496e+03 9.167959e+03 -1.648912e-01 1.237436e+02 6.547937e+03 9.190817e+03 -1.679218e-01 1.236728e+02 3.936521e-01 5.295113e-03 1.732273e-05 -4.513713e-03
285.000 105.000 4.944677e+03 8.886285e+03 -2.849843e-01 1.127283e+02 4.906047e+03 8.953484e+03 -2.920328e-01 1.125946e+02 4.044360e-01 5.214608e-03 4.423891e-05 -6.115771e-03
285.000 135.000 6.399965e+03 8.763566e+03 -1.558740e-01 1.216351e+02 6.286996e+03 8.896410e+03 -1.718596e-01 1.213876e+02 3.068517e-01 5.295272e-03 9.302399e-05 -3.804211e-03
285.000 165.000 7.004217e+03 8.392103e+03 -9.014396e-02 1.235767e+02 6.857590e+03 8.539268e+03 -1.092222e-01 1.233417e+02 1.270467e-01 5.452865e-03 1.092695e-04 -1.757537e-03
285.000 195.000 8.267406e+03 6.403928e+03 1.270149e-01 1.201443e+02 8.148577e+03 6.498074e+03 1.126881e-01 1.202525e+02 -8.680035e-02 5.529902e-03 8.428228e-05 1.779654e-03
285.000 225.000 8.109251e+03 5.883886e+03 1.590326e-01 1.167871e+02 8.051411e+03 5.933600e+03 1.514344e-01 1.168944e+02 -2.773893e-01 5.452711e-03 4.598360e-05 3.736902e-03
285.000 255.000 7.712289e+03 5.703117e+03 1.497660e-01 1.145186e+02 7.707668e+03 5.693087e+03 1.503334e-01 1.144460e+02 -3.936521e-01 5.295113e-03 -3.504462e-06 4.745240e-03
285.000 285.000 9.880521e+03 6.303082e+03 2.210533e-01 1.240677e+02 9.948486e+03 6.218740e+03 2.306979e-01 1.237206e+02 -4.044361e-01 5.214608e-03 -5.504524e-05 5.041516e-03
285.000 315.000 8.200566e+03 5.925788e+03 1.610308e-01 1.173032e+02 8.323898e+03 5.813036e+03 1.776101e-01 1.170085e+02 -3.068517e-01 5.295272e-03 -1.000659e-04 3.988659e-03
285.000 345.000 7.355040e+03 6.529972e+03 5.942149e-02 1.176265e+02 7.485602e+03 6.411165e+03 7.731558e-02 1.175317e+02 -1.270467e-01 5.452865e-03 -1.076129e-04 1.585257e-03
315.000 15.000 6.373913e+03 7.293886e+03 -6.730950e-02 1.166442e+02 6.383242e+03 7.283618e+03 -6.588022e-02 1.166514e+02 1.192665e-01 5.121817e-03 -8.664143e-06 -1.599531e-03
315.000 45.000 5.074289e+03 7.456477e+03 -1.901071e-01 1.098995e+02 5.049535e+03 7.476804e+03 -1.937732e-01 1.097998e+02 3.156247e-01 4.838531e-03 2.359866e-05 -4.601767e-03
315.000 75.000 5.175042e+03 7.704334e+03 -1.963831e-01 1.112774e+02 5.144382e+03 7.743758e+03 -2.016874e-01 1.111930e+02 4.274115e-01 5.105326e-03 3.371895e-05 -5.605760e-03
315.000 105.000 6.026096e+03 7.993804e+03 -1.403510e-01 1.172337e+02 5.959409e+03 8.051102e+03 -1.492946e-01 1.170395e+02 4.246737e-01 5.615955e-03 5.398855e-05 -4.819646e-03
315.000 135.000 6.033220e+03 7.095913e+03 -8.094165e-02 1.142065e+02 5.992476e+03 7.134073e+03 -8.696853e-02 1.141370e+02 3.081450e-01 5.861789e-03 3.732661e-05 -3.406870e-03
315.000 165.000 7.379948e+03 5.604024e+03 1.367782e-01 1.128763e+02 7.333854e+03 5.621369e+03 1.321849e-01 1.128222e+02 1.090490e-01 5.630950e-03 2.878092e-05 2.456594e-04
315.000 195.000 6.605877e+03 6.386098e+03 1.691651e-02 1.139660e+02 6.598535e+03 6.394356e+03 1.571463e-02 1.139723e+02 -1.192665e-01 5.121817e-03 7.456882e-06 1.194944e-03
315.000 225.000 5.993229e+03 6.135747e+03 -1.175018e-02 1.101240e+02 6.004263e+03 6.100317e+03 -7.935318e-03 1.100174e+02 -3.156247e-01 4.838531e-03 -2.450708e-05 2.759384e-03
315.000 255.000 7.998516e+03 5.128131e+03 2.186686e-01 1.117989e+02 8.037229e+03 5.089432e+03 2.245657e-01 1.116454e+02 -4.274115e-01 5.105326e-03 -3.732371e-05 5.778950e-03
315.000 285.000 8.182762e+03 6.128851e+03 1.435136e-01 1.183928e+02 8.231920e+03 6.059030e+03 1.520466e-01 1.181549e+02 -4.246737e-01 5.615955e-03 -5.101480e-05 4.799172e-03
315.000 315.000 8.006173e+03 5.225381e+03 2.101636e-01 1.124595e+02 8.050236e+03 5.182998e+03 2.166695e-01 1.123031e+02 -3.081450e-01 5.861789e-03 -4.093538e-05 4.608848e-03
315.000 345.000 7.482256e+03 5.907501e+03 1.176090e-01 1.149111e+02 7.516433e+03 5.881564e+03 1.220234e-01 1.148847e+02 -1.090491e-01 5.630950e-03 -2.716742e-05 1.972465e-03
345.000 15.000 5.328397e+03 6.569017e+03 -1.042765e-01 1.084806e+02 5.280647e+03 6.625779e+03 -1.129753e-01 1.084180e+02 1.350906e-01 4.260724e-03 5.671755e-05 -2.206542e-03
345.000 45.000 3.880054e+03 6.565217e+03 -2.570698e-01 9.876739e+01 3.818151e+03 6.664507e+03 -2.715299e-01 9.853825e+01 3.493249e-01 6.307548e-03 1.036447e-04 -6.139625e-03
345.000 75.000 4.278155e+03 7.215353e+03 -2.555528e-01 1.036480e+02 4.177333e+03 7.352981e+03 -2.754173e-01 1.032264e+02 4.699579e-01 7.107557e-03 1.357954e-04 -6.999759e-03
345.000 105.000 4.408490e+03 7.528115e+03 -2.613494e-01 1.054575e+02 4.312749e+03 7.671478e+03 -2.802625e-01 1.050852e+02 4.646660e-01 6.294298e-03 1.270386e-04 -6.884433e-03
345.000 135.000 4.427378e+03 6.282791e+03 -1.732384e-01 1.019252e+02 4.353321e+03 6.349225e+03 -1.864887e-01 1.016382e+02 3.348673e-01 4.241084e-03 9.205372e-05 -4.985086e-03
345.000 165.000 5.441421e+03 6.694140e+03 -1.032271e-01 1.095730e+02 5.424778e+03 6.712887e+03 -1.061249e-01 1.095489e+02 1.153411e-01 2.693433e-03 1.870251e-05 -1.994727e-03
345.000 195.000 4.915431e+03 4.850491e+03 6.649728e-03 9.882049e+01 4.949710e+03 4.806003e+03 1.473058e-02 9.876030e+01 -1.350906e-01 4.260724e-03 -5.783990e-05 1.434321e-03
345.000 225.000 6.095194e+03 4.339102e+03 1.683000e-01 1.006913e+02 6.186852e+03 4.248377e+03 1.857625e-01 1.003750e+02 -3.493249e-01 6.307548e-03 -1.228234e-04 5.140710e-03
345.000 255.000 7.324534e+03 4.680137e+03 2.202806e-01 1.068745e+02 7.461774e+03 4.549129e+03 2.425001e-01 1.063230e+02 -4.699579e-01 7.107557e-03 -1.473890e-04 6.458401e-03
345.000 285.000 7.398746e+03 5.139067e+03 1.802292e-01 1.101388e+02 7.520960e+03 5.004206e+03 2.009358e-01 1.096333e+02 -4.646660e-01 6.294298e-03 -1.332450e-04 5.855295e-03
345.000 315.000 6.859360e+03 4.183360e+03 2.423316e-01 1.019521e+02 6.954123e+03 4.123071e+03 2.555748e-01 1.017529e+02 -3.348673e-01 4.241084e-03 -9.194019e-05 5.661469e-03
345.000 345.000 5.683800e+03 4.776891e+03 8.669678e-02 1.018924e+02 5.696503e+03 4.767290e+03 8.880263e-02 1.018885e+02 -1.153411e-01 2.693433e-03 -1.461435e-05 1.982855e-03
