  #t  #Q2   A1M1_AVG      A_1M1     dA_1M1   A0P1_AVG      A_0P1     dA_0P1   A2M1_AVG      A_2M1     dA_2M1   A3M1_AVG      A_3M1     dA_3M1   A1P1_AVG      A_1P1     dA_1P1       Asym      Astat          t         tp         xb         Q2          W     Dilute
  10    0 -1.063e-01 -1.919e-02 1.3594e-02  3.239e-01  4.672e-01 1.2937e-02 -4.069e-02 -5.166e-02 1.3084e-02 -5.670e-03  1.763e-02 1.2708e-02  5.502e-02  3.831e-02 1.2709e-02 -4.8539e-02 2.2725e-02 9.1431e-01 3.4004e-01 4.4799e-01 5.4422e+00 2.7239e+00 3.3841e-01
   Phi   PhiS      N_U_avg      N_D_avg     Asym_avg    dAsym_avg      N_U_fit      N_D_fit     Asym_fit    dAsym_fit     Asym_cal    dAsym_cal     GOOD_fit     GOOD_cal
15.000 15.000 7.294827e+00 0.000000e+00 1.000000e+00 2.000000e+00 7.200377e+00 0.000000e+00 1.000000e+00 2.000000e+00 1.355197e-01 1.017015e-02 0.000000e+00 4.322346e-01
15.000 45.000 1.775618e+01 1.826521e+01 -1.413135e-02 6.001183e+00 1.738073e+01 1.857249e+01 -3.314734e-02 5.992806e+00 3.865033e-01 1.620151e-02 2.242178e-03 -6.675904e-02
15.000 75.000 5.998600e+00 1.326927e+01 -3.773470e-01 4.065010e+00 5.896755e+00 1.337320e+01 -3.879844e-01 4.045888e+00 5.339237e-01 2.412964e-02 1.854731e-03 -2.241703e-01
15.000 105.000 3.151280e+00 7.940298e+00 -4.317706e-01 3.003968e+00 3.109294e+00 8.024266e+00 -4.414555e-01 2.993964e+00 5.382797e-01 2.725681e-02 2.283540e-03 -3.229097e-01
15.000 135.000 0.000000e+00 2.305358e+01 -1.000000e+00 2.000000e+00 0.000000e+00 2.314297e+01 -1.000000e+00 2.000000e+00 3.984041e-01 2.416355e-02 0.000000e+00 -6.991510e-01
15.000 165.000 0.000000e+00 1.518416e+01 -1.000000e+00 2.000000e+00 0.000000e+00 1.508998e+01 -1.000000e+00 2.000000e+00 1.517764e-01 1.625196e-02 0.000000e+00 -5.758692e-01
15.000 195.000 7.363463e+00 4.622227e+00 2.287091e-01 3.370274e+00 7.409735e+00 4.540566e+00 2.400918e-01 3.355806e+00 -1.355196e-01 1.017015e-02 -2.393315e-03 1.080705e-01
15.000 225.000 2.273244e+00 9.141141e+00 -6.016879e-01 2.698528e+00 2.305865e+00 9.015796e+00 -5.926631e-01 2.710154e+00 -3.865033e-01 1.620151e-02 -2.359715e-03 -7.974004e-02
15.000 255.000 7.193313e+00 0.000000e+00 1.000000e+00 2.000000e+00 7.338073e+00 0.000000e+00 1.000000e+00 2.000000e+00 -5.339237e-01 2.412964e-02 0.000000e+00 7.669060e-01
15.000 285.000 0.000000e+00 1.000310e+01 -1.000000e+00 2.000000e+00 0.000000e+00 9.863799e+00 -1.000000e+00 2.000000e+00 -5.382797e-01 2.725681e-02 0.000000e+00 -2.308387e-01
15.000 315.000 1.334269e+01 7.315995e+00 2.917271e-01 4.347475e+00 1.334519e+01 7.315250e+00 2.918591e-01 4.347476e+00 -3.984041e-01 2.416355e-02 -2.146691e-05 1.587405e-01
15.000 345.000 0.000000e+00 0.000000e+00         -nan         -nan 0.000000e+00 0.000000e+00         -nan         -nan -1.517764e-01 1.625196e-02         -nan         -nan
45.000 15.000 9.584081e+00 4.531684e+00 3.579258e-01 3.508188e+00 9.033099e+00 4.623646e+00 3.228773e-01 3.497575e+00 1.098710e-01 2.143345e-02 7.075034e-03 7.070607e-02
45.000 45.000 0.000000e+00 3.453610e+01 -1.000000e+00 2.000000e+00 0.000000e+00 3.578174e+01 -1.000000e+00 2.000000e+00 3.497711e-01 2.218762e-02 0.000000e+00 -6.748440e-01
45.000 75.000 1.837321e+01 1.557189e+01 8.252499e-02 5.806369e+00 1.741634e+01 1.620207e+01 3.611942e-02 5.794355e+00 4.959504e-01 2.135604e-02 5.657178e-03 -7.120158e-02
45.000 105.000 3.580164e+00 3.546670e+01 -8.166222e-01 3.606606e+00 3.470532e+00 3.613612e+01 -8.247500e-01 3.558891e+00 5.092402e-01 1.967162e-02 1.604106e-03 -3.676150e-01
45.000 135.000 0.000000e+00 2.461015e+01 -1.000000e+00 2.000000e+00 0.000000e+00 2.498511e+01 -1.000000e+00 2.000000e+00 3.860794e-01 1.881689e-02 0.000000e+00 -6.930090e-01
45.000 165.000 4.121101e+00 1.271378e+01 -5.104093e-01 3.528328e+00 4.210701e+00 1.259026e+01 -4.987549e-01 3.552691e+00 1.594690e-01 1.975564e-02 -2.327600e-03 -1.898542e-01
45.000 195.000 5.701737e+00 0.000000e+00 1.000000e+00 2.000000e+00 5.983141e+00 0.000000e+00 1.000000e+00 2.000000e+00 -1.098710e-01 2.143345e-02 0.000000e+00 5.549036e-01
45.000 225.000 3.171182e+01 1.230407e+01 4.409259e-01 5.954705e+00 3.292487e+01 1.179540e+01 4.724807e-01 5.893811e+00 -3.497711e-01 2.218762e-02 -3.766266e-03 1.327843e-01
45.000 255.000 2.149534e+00 0.000000e+00 1.000000e+00 2.000000e+00 2.231912e+00 0.000000e+00 1.000000e+00 2.000000e+00 -4.959504e-01 2.135604e-02 0.000000e+00 7.479326e-01
45.000 285.000 2.550750e+01 1.215183e+00 9.090523e-01 2.153995e+00 2.640975e+01 1.187422e+00 9.139461e-01 2.131976e+00 -5.092402e-01 1.967162e-02 -1.614764e-03 6.584198e-01
45.000 315.000 1.086101e+01 2.037243e+01 -3.045267e-01 5.323247e+00 1.099126e+01 2.019605e+01 -2.951455e-01 5.335780e+00 -3.860795e-01 1.881689e-02 -1.244674e-03 1.532002e-02
45.000 345.000 3.231769e+01 1.571526e+01 3.456467e-01 6.503413e+00 3.173243e+01 1.594924e+01 3.310116e-01 6.515923e+00 -1.594691e-01 1.975564e-02 1.589719e-03 7.766898e-02
75.000 15.000 2.699883e+01 1.069793e+01 4.324217e-01 5.536055e+00 2.607040e+01 1.103680e+01 4.051397e-01 5.569246e+00 9.726709e-02 2.091164e-02 3.474239e-03 6.053990e-02
75.000 45.000 9.108624e+00 4.784617e+01 -6.801455e-01 5.532416e+00 8.585401e+00 5.048990e+01 -7.093404e-01 5.417633e+00 3.040430e-01 2.026684e-02 3.770361e-03 -1.778937e-01
75.000 75.000 9.721522e+00 1.922038e+01 -3.282044e-01 5.081765e+00 8.989780e+00 1.993791e+01 -3.784655e-01 4.978374e+00 4.293508e-01 1.991560e-02 7.065128e-03 -1.490721e-01
75.000 105.000 2.326741e+01 2.966383e+01 -1.208440e-01 7.222068e+00 2.178326e+01 3.072459e+01 -1.702856e-01 7.140397e+00 4.396144e-01 2.022546e-02 4.868235e-03 -7.760329e-02
75.000 135.000 1.625921e+01 1.646287e+01 -6.223965e-03 5.720211e+00 1.596199e+01 1.669834e+01 -2.254585e-02 5.713469e+00 3.320837e-01 2.087154e-02 2.018828e-03 -5.914213e-02
75.000 165.000 1.242692e+01 2.840704e+01 -3.913438e-01 5.880496e+00 1.248865e+01 2.810524e+01 -3.847030e-01 5.880999e+00 1.355715e-01 2.120695e-02 -7.985042e-04 -8.960330e-02
75.000 195.000 1.713743e+01 1.665097e+01 1.439718e-02 5.812177e+00 1.761799e+01 1.608850e+01 4.537678e-02 5.799749e+00 -9.726707e-02 2.091164e-02 -3.772995e-03 1.921200e-02
75.000 225.000 3.067651e+01 2.023066e+01 2.051941e-01 6.983104e+00 3.217469e+01 1.923174e+01 2.517768e-01 6.938854e+00 -3.040430e-01 2.026684e-02 -4.731916e-03 7.292387e-02
75.000 255.000 1.403230e+00 7.349423e+00 -6.793589e-01 2.170957e+00 1.445665e+00 6.978875e+00 -6.567967e-01 2.188686e+00 -4.293508e-01 1.991560e-02 -7.318835e-03 -1.151555e-01
75.000 285.000 1.572417e+01 6.582602e+00 4.098113e-01 4.308184e+00 1.650949e+01 6.201635e+00 4.538681e-01 4.246495e+00 -4.396144e-01 2.022546e-02 -7.283045e-03 1.971634e-01
75.000 315.000 2.199319e+01 0.000000e+00 1.000000e+00 2.000000e+00 2.241105e+01 0.000000e+00 1.000000e+00 2.000000e+00 -3.320838e-01 2.087154e-02 0.000000e+00 6.660056e-01
75.000 345.000 2.107301e+01 1.764204e+01 8.862112e-02 6.197660e+00 2.091250e+01 1.780432e+01 8.027975e-02 6.202201e+00 -1.355715e-01 2.120695e-02 9.513401e-04 3.617354e-02
105.000 15.000 8.079718e+00 3.057076e+01 -5.819086e-01 5.055962e+00 7.551138e+00 3.196872e+01 -6.178560e-01 4.943006e+00 1.330103e-01 2.120695e-02 5.083932e-03 -1.413999e-01
105.000 45.000 1.058835e+01 2.035945e+01 -3.157287e-01 5.278521e+00 9.830803e+00 2.160508e+01 -3.745489e-01 5.198638e+00 3.018957e-01 2.087154e-02 7.939357e-03 -1.170062e-01
105.000 75.000 1.830995e+01 2.998058e+01 -2.416753e-01 6.743146e+00 1.677296e+01 3.160256e+01 -3.065516e-01 6.620384e+00 3.898884e-01 2.022546e-02 6.865329e-03 -9.365967e-02
105.000 105.000 1.781669e+01 3.005790e+01 -2.556933e-01 6.689140e+00 1.645893e+01 3.158399e+01 -3.148240e-01 6.578844e+00 3.734108e-01 1.991560e-02 6.302431e-03 -9.404816e-02
105.000 135.000 3.565642e+01 4.725104e+01 -1.398501e-01 9.015872e+00 3.454222e+01 4.828970e+01 -1.659684e-01 8.974980e+00 2.568781e-01 2.026684e-02 2.053086e-03 -4.400320e-02
105.000 165.000 2.975899e+01 2.341661e+01 1.192724e-01 7.240105e+00 3.008060e+01 2.354769e+01 1.218185e-01 7.268594e+00 7.151517e-02 2.091164e-02 -2.481770e-04 6.596173e-03
105.000 195.000 2.091686e+00 2.915613e+01 -8.661227e-01 2.794045e+00 2.177678e+00 2.798885e+01 -8.556229e-01 2.842868e+00 -1.330102e-01 2.120695e-02 -2.634155e-03 -2.623764e-01
105.000 225.000 1.458816e+01 2.298926e+00 7.277297e-01 2.818483e+00 1.546901e+01 2.214536e+00 7.495371e-01 2.783671e+00 -3.018956e-01 2.087154e-02 -5.504978e-03 3.653019e-01
105.000 255.000 3.312069e+01 1.667752e+01 3.301960e-01 6.660986e+00 3.487719e+01 1.536811e+01 3.882768e-01 6.532256e+00 -3.898884e-01 2.022546e-02 -6.225512e-03 1.081043e-01
105.000 285.000 2.691949e+01 1.117425e+01 4.133289e-01 5.620122e+00 2.819889e+01 1.050618e+01 4.571161e-01 5.533303e+00 -3.734108e-01 1.991560e-02 -5.551897e-03 1.399853e-01
105.000 315.000 2.008878e+01 1.427220e+01 1.692786e-01 5.777227e+00 2.036191e+01 1.378706e+01 1.925343e-01 5.734377e+00 -2.568782e-01 2.026684e-02 -2.856959e-03 7.376448e-02
105.000 345.000 2.155929e+01 3.380816e+00 7.288852e-01 3.419077e+00 2.146373e+01 3.466151e+00 7.219280e-01 3.454985e+00 -7.151519e-02 2.091164e-02 1.431304e-03 2.340940e-01
135.000 15.000 4.853641e+00 0.000000e+00 1.000000e+00 2.000000e+00 4.626122e+00 0.000000e+00 1.000000e+00 2.000000e+00 1.821710e-01 1.975564e-02 0.000000e+00 4.088946e-01
135.000 45.000 1.047456e+01 1.711609e+00 7.190899e-01 2.425865e+00 9.490987e+00 1.813037e+00 6.792227e-01 2.467587e+00 3.476994e-01 1.881689e-02 1.152125e-02 1.530915e-01
135.000 75.000 4.212619e+00 8.848640e+00 -3.549444e-01 3.378717e+00 3.815399e+00 9.645387e+00 -4.331090e-01 3.306927e+00 4.200621e-01 1.967162e-02 1.653319e-02 -2.293750e-01
135.000 105.000 1.800946e+00 6.295889e+00 -5.551482e-01 2.366744e+00 1.665721e+00 6.711156e+00 -6.023049e-01 2.310408e+00 3.798695e-01 2.135604e-02 1.425759e-02 -3.950489e-01
135.000 135.000 1.671484e+01 1.719603e+01 -1.418985e-02 5.822718e+00 1.616376e+01 1.806321e+01 -5.549555e-02 5.841366e+00 2.378912e-01 2.218762e-02 5.008110e-03 -4.329235e-02
135.000 165.000 7.883135e+00 5.084305e+00 2.158352e-01 3.516156e+00 7.949491e+00 4.936425e+00 2.338263e-01 3.490184e+00 3.217009e-02 2.143346e-02 -3.631423e-03 5.223366e-02
135.000 195.000 6.893908e+00 1.405341e+01 -3.417862e-01 4.301198e+00 7.284410e+00 1.310186e+01 -2.853613e-01 4.327378e+00 -1.821709e-01 1.975564e-02 -9.247944e-03 -3.710911e-02
135.000 225.000 7.027273e+00 9.650198e+00 -1.572735e-01 4.032983e+00 7.535627e+00 8.809561e+00 -7.793937e-02 4.030620e+00 -3.476994e-01 1.881689e-02 -1.391381e-02 4.721661e-02
135.000 255.000 0.000000e+00 1.059215e+01 -1.000000e+00 2.000000e+00 0.000000e+00 9.396956e+00 -1.000000e+00 2.000000e+00 -4.200621e-01 1.967162e-02 0.000000e+00 -2.899549e-01
135.000 285.000 1.221168e+01 1.933437e+01 -2.257873e-01 5.471548e+00 1.294276e+01 1.769764e+01 -1.551832e-01 5.468320e+00 -3.798695e-01 2.135604e-02 -9.127108e-03 2.816041e-02
135.000 315.000 3.663106e+00 9.885736e+00 -4.592740e-01 3.269702e+00 3.784974e+00 9.616888e+00 -4.351570e-01 3.296068e+00 -2.378912e-01 2.218762e-02 -5.194561e-03 -6.770578e-02
135.000 345.000 1.069314e+01 2.094355e+01 -3.240039e-01 5.321233e+00 1.075927e+01 2.110451e+01 -3.246706e-01 5.339006e+00 -3.217011e-02 2.143346e-02 8.845131e-05 -5.484282e-02
165.000 15.000 1.187834e+01 1.061077e+01 5.636392e-02 4.734729e+00 1.125478e+01 1.114962e+01 4.693466e-03 4.733276e+00 1.631224e-01 1.625196e-02 7.717894e-03 -2.254783e-02
165.000 45.000 8.489357e+00 2.467825e+01 -4.880934e-01 5.026521e+00 7.483768e+00 2.708858e+01 -5.670662e-01 4.843049e+00 3.621160e-01 2.416355e-02 1.131408e-02 -1.691427e-01
165.000 75.000 2.225078e+01 5.636485e+00 5.957664e-01 4.241347e+00 1.917944e+01 6.329377e+00 5.037499e-01 4.362981e+00 4.640809e-01 2.725681e-02 1.512239e-02 3.104740e-02
165.000 105.000 0.000000e+00 2.519166e+00 -1.000000e+00 2.000000e+00 0.000000e+00 2.773636e+00 -1.000000e+00 2.000000e+00 4.416957e-01 2.412964e-02 0.000000e+00 -7.207954e-01
165.000 135.000 5.725677e+00 1.032301e+01 -2.864615e-01 3.838193e+00 5.260026e+00 1.098254e+01 -3.523160e-01 3.771795e+00 3.009585e-01 1.620151e-02 1.223771e-02 -1.530446e-01
165.000 165.000 2.033693e+01 1.854204e+00 8.328879e-01 2.607124e+00 2.000297e+01 1.871022e+00 8.289272e-01 2.616090e+00 7.957968e-02 1.017015e-02 1.072372e-03 2.889400e-01
165.000 195.000 2.226129e+01 0.000000e+00 1.000000e+00 2.000000e+00 2.360245e+01 0.000000e+00 1.000000e+00 2.000000e+00 -1.631224e-01 1.625196e-02 0.000000e+00 5.815420e-01
165.000 225.000 1.606595e+01 3.725245e+00 6.235453e-01 3.477960e+00 1.760478e+01 3.332293e+00 6.816848e-01 3.347795e+00 -3.621160e-01 2.416355e-02 -1.204362e-02 2.833953e-01
165.000 255.000 7.798781e+00 1.788739e+01 -3.927643e-01 4.660872e+00 8.652531e+00 1.547536e+01 -2.827778e-01 4.711534e+00 -4.640809e-01 2.725681e-02 -1.659576e-02 1.530085e-02
165.000 285.000 1.917360e+01 6.818151e+00 4.753604e-01 4.485361e+00 2.141407e+01 6.058943e+00 5.589167e-01 4.346352e+00 -4.416957e-01 2.412964e-02 -1.337814e-02 2.044524e-01
165.000 315.000 4.532135e+00 5.726624e+00 -1.164360e-01 3.181144e+00 4.970761e+00 5.357746e+00 -3.746773e-02 3.211543e+00 -3.009585e-01 1.620151e-02 -1.746946e-02 5.800430e-02
165.000 345.000 2.671454e+01 2.256076e+00 8.442508e-01 2.884708e+00 2.713466e+01 2.275496e+00 8.452578e-01 2.897888e+00 -7.957971e-02 1.017015e-02 -2.462879e-04 3.202490e-01
195.000 15.000 2.316424e+01 1.565365e+01 1.934825e-01 6.112669e+00 2.299648e+01 1.572919e+01 1.876609e-01 6.112436e+00 7.957967e-02 1.017015e-02 6.734518e-04 1.863387e-02
195.000 45.000 1.437941e+01 8.218904e+00 2.726089e-01 4.573719e+00 1.331663e+01 8.784050e+00 2.050876e-01 4.601206e+00 3.009585e-01 1.620151e-02 1.040762e-02 -6.198314e-03
195.000 75.000 2.125662e+00 2.864218e+01 -8.618257e-01 2.813401e+00 1.926523e+00 3.175299e+01 -8.855967e-01 2.695421e+00 4.416957e-01 2.412965e-02 6.101040e-03 -4.633089e-01
195.000 105.000 2.060079e+01 5.062902e+00 6.054425e-01 4.031922e+00 1.767859e+01 5.624083e+00 5.173015e-01 4.131206e+00 4.640809e-01 2.725681e-02 1.526876e-02 3.505980e-02
195.000 135.000 0.000000e+00 7.406808e+00 -1.000000e+00 2.000000e+00 0.000000e+00 8.171927e+00 -1.000000e+00 2.000000e+00 3.621160e-01 2.416355e-02 0.000000e+00 -6.810083e-01
195.000 165.000 0.000000e+00 1.588118e+01 -1.000000e+00 2.000000e+00 0.000000e+00 1.651108e+01 -1.000000e+00 2.000000e+00 1.631224e-01 1.625196e-02 0.000000e+00 -5.815420e-01
195.000 195.000 1.356413e+01 9.499738e+00 1.762235e-01 4.727328e+00 1.371678e+01 9.239901e+00 1.950142e-01 4.699322e+00 -7.957965e-02 1.017015e-02 -2.819026e-03 5.411144e-02
195.000 225.000 9.883125e+00 1.076862e+01 -4.287763e-02 4.540240e+00 1.035748e+01 9.950940e+00 2.001813e-02 4.505583e+00 -3.009584e-01 1.620151e-02 -9.832978e-03 5.684262e-02
195.000 255.000 1.151051e+01 5.099126e+00 3.860038e-01 3.759630e+00 1.284688e+01 4.523325e+00 4.791858e-01 3.658097e+00 -4.416956e-01 2.412964e-02 -1.776378e-02 2.201500e-01
195.000 285.000 1.218166e+01 0.000000e+00 1.000000e+00 2.000000e+00 1.359420e+01 0.000000e+00 1.000000e+00 2.000000e+00 -4.640809e-01 2.725681e-02 0.000000e+00 7.319725e-01
195.000 315.000 6.668158e+00 5.362153e+00 1.085595e-01 3.447975e+00 7.231127e+00 4.832936e+00 1.987880e-01 3.404017e+00 -3.621160e-01 2.416355e-02 -1.862229e-02 1.365044e-01
195.000 345.000 6.581716e+00 8.000252e-01 7.832421e-01 1.689165e+00 6.921780e+00 7.611280e-01 8.018646e-01 1.656170e+00 -1.631225e-01 1.625196e-02 -7.872111e-03 5.602300e-01
225.000 15.000 1.665872e+01 1.385490e+01 9.188755e-02 5.500544e+00 1.697301e+01 1.362403e+01 1.094544e-01 5.498225e+00 3.217007e-02 2.143345e-02 -2.258728e-03 1.085657e-02
225.000 45.000 2.322831e+01 1.943112e+01 8.901158e-02 6.505493e+00 2.201504e+01 2.015328e+01 4.415088e-02 6.487382e+00 2.378912e-01 2.218762e-02 4.882872e-03 -2.288508e-02
225.000 75.000 2.742502e+01 2.195329e+01 1.108124e-01 6.983694e+00 2.497674e+01 2.365340e+01 2.721226e-02 6.970949e+00 3.798695e-01 2.135604e-02 8.472334e-03 -3.852630e-02
225.000 105.000 5.923184e+00 1.357462e+01 -3.924254e-01 4.061426e+00 5.334986e+00 1.495268e+01 -4.740661e-01 3.965885e+00 4.200621e-01 1.967162e-02 1.438205e-02 -2.000475e-01
225.000 135.000 1.187754e+01 2.544625e+01 -3.635407e-01 5.691310e+00 1.062807e+01 2.748929e+01 -4.423499e-01 5.537039e+00 3.476994e-01 1.881689e-02 9.925112e-03 -1.249688e-01
225.000 165.000 2.067259e+01 7.936528e+00 4.451748e-01 4.789503e+00 1.959459e+01 8.337314e+00 4.030256e-01 4.836831e+00 1.821710e-01 1.975564e-02 6.192108e-03 5.491209e-02
225.000 195.000 2.319470e+01 1.053686e+01 3.752519e-01 5.383464e+00 2.281663e+01 1.074578e+01 3.596539e-01 5.405653e+00 -3.217004e-02 2.143345e-02 2.044557e-03 7.567967e-02
225.000 225.000 2.314845e+01 1.691470e+01 1.555981e-01 6.252455e+00 2.368232e+01 1.614329e+01 1.893011e-01 6.196649e+00 -2.378911e-01 2.218762e-02 -3.828618e-03 6.293316e-02
225.000 255.000 4.473791e+00 1.441850e+01 -5.263899e-01 3.695605e+00 4.669642e+00 1.327385e+01 -4.795170e-01 3.717207e+00 -3.798695e-01 2.135604e-02 -8.942350e-03 -3.964653e-02
225.000 285.000 2.150819e+01 2.569779e+01 -8.875159e-02 6.843548e+00 2.325473e+01 2.305814e+01 4.244867e-03 6.805295e+00 -4.200621e-01 1.967162e-02 -9.635713e-03 4.841190e-02
225.000 315.000 9.549739e+00 1.377501e+01 -1.811497e-01 4.749668e+00 1.025394e+01 1.248359e+01 -9.806018e-02 4.745407e+00 -3.476995e-01 1.881689e-02 -1.237550e-02 3.506529e-02
225.000 345.000 1.200346e+01 1.877637e+01 -2.200438e-01 5.411977e+00 1.263941e+01 1.775830e+01 -1.683974e-01 5.434676e+00 -1.821710e-01 1.975564e-02 -6.733763e-03 -6.997910e-03
255.000 15.000 2.470547e+01 2.184555e+01 6.143624e-02 6.809943e+00 2.502364e+01 2.178692e+01 6.914515e-02 6.825449e+00 7.151514e-02 2.091164e-02 -7.995404e-04 -1.480020e-03
255.000 45.000 9.757232e+00 2.645812e+01 -4.611550e-01 5.339818e+00 9.483398e+00 2.743126e+01 -4.861988e-01 5.309278e+00 2.568781e-01 2.026684e-02 3.325840e-03 -1.344667e-01
255.000 75.000 1.721177e+01 2.441452e+01 -1.730336e-01 6.354524e+00 1.600237e+01 2.570098e+01 -2.325618e-01 6.280751e+00 3.734108e-01 1.991560e-02 6.662627e-03 -8.599256e-02
255.000 105.000 1.645222e+01 1.178501e+01 1.652859e-01 5.240783e+00 1.506859e+01 1.250381e+01 9.301986e-02 5.228177e+00 3.898884e-01 2.022546e-02 9.762156e-03 -4.285634e-02
255.000 135.000 1.591781e+01 1.395121e+01 6.584077e-02 5.453397e+00 1.488298e+01 1.467232e+01 7.127647e-03 5.436340e+00 3.018957e-01 2.087154e-02 7.624866e-03 -4.328553e-02
255.000 165.000 1.194139e+01 7.925752e+00 2.021245e-01 4.365258e+00 1.137265e+01 8.376064e+00 1.517357e-01 4.392496e+00 1.330103e-01 2.120695e-02 8.136810e-03 1.583261e-02
255.000 195.000 6.319986e+01 1.290325e+01 6.609009e-01 6.546911e+00 6.152769e+01 1.303178e+01 6.504326e-01 6.558670e+00 -7.151512e-02 2.091164e-02 1.129620e-03 1.118714e-01
255.000 225.000 2.318737e+01 2.129989e+01 4.242744e-02 6.663871e+00 2.380420e+01 2.061917e+01 7.169724e-02 6.647933e+00 -2.568781e-01 2.026684e-02 -3.109550e-03 4.491446e-02
255.000 255.000 1.668136e+01 2.823112e+01 -2.571614e-01 6.476290e+00 1.752347e+01 2.636171e+01 -2.013947e-01 6.488853e+00 -3.734108e-01 1.991560e-02 -6.082920e-03 1.794991e-02
255.000 285.000 9.644594e+00 1.055615e+01 -4.512465e-02 4.489945e+00 1.016566e+01 9.710488e+00 2.290031e-02 4.457098e+00 -3.898884e-01 2.022546e-02 -1.075229e-02 7.678496e-02
255.000 315.000 1.950805e+01 1.528064e+01 1.215168e-01 5.854485e+00 2.053192e+01 1.429206e+01 1.791827e-01 5.805679e+00 -3.018957e-01 2.087154e-02 -6.994004e-03 7.232229e-02
255.000 345.000 1.964682e+01 8.301279e+00 4.059503e-01 4.831394e+00 2.055541e+01 7.863212e+00 4.466155e-01 4.769705e+00 -1.330103e-01 2.120695e-02 -5.989742e-03 1.115528e-01
285.000 15.000 1.617496e+01 2.519919e+01 -2.181127e-01 6.277409e+00 1.623253e+01 2.512554e+01 -2.150247e-01 6.280593e+00 1.355714e-01 2.120695e-02 -3.477539e-04 -5.634206e-02
285.000 45.000 7.302329e+00 9.954816e+00 -1.537037e-01 4.104808e+00 7.100904e+00 1.008669e+01 -1.737176e-01 4.082758e+00 3.320837e-01 2.087154e-02 3.456932e-03 -1.183444e-01
285.000 75.000 3.923629e+01 0.000000e+00 1.000000e+00 2.000000e+00 3.650911e+01 0.000000e+00 1.000000e+00 2.000000e+00 4.396144e-01 2.022546e-02 0.000000e+00 2.801785e-01
285.000 105.000 8.814634e+00 3.438158e+01 -5.918793e-01 5.297515e+00 8.338150e+00 3.590883e+01 -6.231087e-01 5.202639e+00 4.293508e-01 1.991560e-02 4.205965e-03 -1.927739e-01
285.000 135.000 1.825338e+01 2.352754e+00 7.716453e-01 2.887298e+00 1.707939e+01 2.494398e+00 7.451287e-01 2.950609e+00 3.040430e-01 2.026684e-02 6.423159e-03 1.619475e-01
285.000 165.000 2.052607e+01 8.096305e+00 4.342674e-01 4.819184e+00 1.965000e+01 8.339148e+00 4.041155e-01 4.839241e+00 9.726712e-02 2.091164e-02 4.414905e-03 6.992825e-02
285.000 195.000 6.145848e+00 2.253562e+01 -5.714412e-01 4.394960e+00 6.086680e+00 2.257839e+01 -5.753243e-01 4.379154e+00 -1.355714e-01 2.120695e-02 6.258884e-04 -9.917375e-02
285.000 225.000 2.231239e+01 3.197008e+01 -1.779155e-01 7.250119e+00 2.279638e+01 3.102395e+01 -1.528712e-01 7.250005e+00 -3.320837e-01 2.087154e-02 -2.442602e-03 2.126414e-02
285.000 255.000 9.479380e+00 1.990885e+01 -3.548859e-01 5.068230e+00 9.935464e+00 1.861229e+01 -3.039407e-01 5.090237e+00 -4.396144e-01 2.022546e-02 -7.092328e-03 1.671744e-02
285.000 285.000 4.263202e+00 1.340550e+01 -5.174289e-01 3.596973e+00 4.459846e+00 1.248666e+01 -4.736559e-01 3.625542e+00 -4.293508e-01 1.991560e-02 -8.570957e-03 -2.448635e-02
285.000 315.000 2.829490e+00 2.207319e+01 -7.727561e-01 3.167332e+00 2.896925e+00 2.076073e+01 -7.550962e-01 3.188850e+00 -3.040430e-01 2.026684e-02 -3.929214e-03 -1.479805e-01
285.000 345.000 3.079032e+01 1.476461e+01 3.517887e-01 6.318011e+00 3.204743e+01 1.426308e+01 3.840239e-01 6.283383e+00 -9.726714e-02 2.091164e-02 -3.617645e-03 7.107511e-02
315.000 15.000 0.000000e+00 1.298713e+01 -1.000000e+00 2.000000e+00 0.000000e+00 1.283675e+01 -1.000000e+00 2.000000e+00 1.594690e-01 1.975564e-02 0.000000e+00 -5.797062e-01
315.000 45.000 1.325547e+01 1.552364e+01 -7.881311e-02 5.347929e+00 1.301908e+01 1.563910e+01 -9.142306e-02 5.330915e+00 3.860794e-01 1.881689e-02 1.669950e-03 -8.692892e-02
315.000 75.000 0.000000e+00 4.018391e+01 -1.000000e+00 2.000000e+00 0.000000e+00 4.146281e+01 -1.000000e+00 2.000000e+00 5.092402e-01 1.967162e-02 0.000000e+00 -7.545836e-01
315.000 105.000 3.006445e+01 2.355583e+01 1.213837e-01 7.268441e+00 2.850861e+01 2.435432e+01 7.858610e-02 7.248204e+00 4.959504e-01 2.135604e-02 4.169342e-03 -5.153307e-02
315.000 135.000 1.186244e+01 1.499082e+01 -1.164993e-01 5.146728e+00 1.138269e+01 1.565526e+01 -1.580212e-01 5.134471e+00 3.497712e-01 2.218762e-02 5.711470e-03 -9.059468e-02
315.000 165.000 3.916564e+00 4.527093e+00 -7.230619e-02 2.898191e+00 3.764188e+00 4.612704e+00 -1.012924e-01 2.879400e+00 1.098710e-01 2.143346e-02 7.095072e-03 -6.285721e-02
315.000 195.000 3.261543e+00 2.079371e+01 -7.288290e-01 3.358169e+00 3.245080e+00 2.113114e+01 -7.337503e-01 3.354447e+00 -1.594690e-01 1.975564e-02 1.036821e-03 -1.695418e-01
315.000 225.000 1.340066e+01 2.064927e+01 -2.128818e-01 5.701476e+00 1.344915e+01 2.036052e+01 -2.044198e-01 5.691823e+00 -3.860794e-01 1.881689e-02 -1.050357e-03 3.037751e-02
315.000 255.000 2.685850e+01 0.000000e+00 1.000000e+00 2.000000e+00 2.756632e+01 0.000000e+00 1.000000e+00 2.000000e+00 -5.092401e-01 1.967162e-02 0.000000e+00 7.545836e-01
315.000 285.000 1.068387e+01 1.303809e+01 -9.924189e-02 4.846475e+00 1.105337e+01 1.215961e+01 -4.765624e-02 4.812510e+00 -4.959504e-01 2.135604e-02 -7.552830e-03 8.185427e-02
315.000 315.000 2.958339e-04 1.641521e+01 -9.999640e-01 3.439934e-02 3.014711e-04 1.582463e+01 -9.999619e-01 3.472551e-02 -3.497712e-01 2.218762e-02 -4.209431e-05 -1.588387e+01
315.000 345.000 7.685762e+00 5.259626e+00 1.874131e-01 3.534218e+00 7.958021e+00 5.111580e+00 2.177910e-01 3.528409e+00 -1.098710e-01 2.143346e-02 -6.082826e-03 8.411442e-02
345.000 15.000 0.000000e+00 1.163246e+01 -1.000000e+00 2.000000e+00 0.000000e+00 1.159953e+01 -1.000000e+00 2.000000e+00 1.517764e-01 1.625196e-02 0.000000e+00 -5.758692e-01
345.000 45.000 4.452798e+00 0.000000e+00 1.000000e+00 2.000000e+00 4.483174e+00 0.000000e+00 1.000000e+00 2.000000e+00 3.984040e-01 2.416355e-02 0.000000e+00 3.007760e-01
345.000 75.000 2.065347e+00 1.367854e+01 -7.376320e-01 2.679109e+00 2.048878e+00 1.378433e+01 -7.411923e-01 2.671139e+00 5.382797e-01 2.725681e-02 9.410919e-04 -4.762201e-01
345.000 105.000 1.081840e+01 0.000000e+00 1.000000e+00 2.000000e+00 1.056891e+01 0.000000e+00 1.000000e+00 2.000000e+00 5.339237e-01 2.412964e-02 0.000000e+00 2.330212e-01
345.000 135.000 1.410635e+01 1.134485e+01 1.085019e-01 5.015134e+00 1.381709e+01 1.161030e+01 8.678789e-02 5.023532e+00 3.865033e-01 1.620151e-02 3.059001e-03 -5.543221e-02
345.000 165.000 7.168083e+00 8.003699e+00 -5.507699e-02 3.889185e+00 7.084546e+00 8.149947e+00 -6.993347e-02 3.893583e+00 1.355197e-01 1.017016e-02 2.699585e-03 -4.900668e-02
345.000 195.000 1.282053e+01 4.899036e+00 4.470479e-01 3.765406e+00 1.273178e+01 4.950547e+00 4.400570e-01 3.775995e+00 -1.517763e-01 1.625196e-02 1.310982e-03 1.590316e-01
345.000 225.000 2.176835e+01 1.306197e+01 2.499655e-01 5.714370e+00 2.186242e+01 1.306589e+01 2.518453e-01 5.719523e+00 -3.984040e-01 2.416355e-02 -2.325126e-04 1.134620e-01
345.000 255.000 8.060574e+00 4.794378e+00 2.540808e-01 3.467719e+00 8.103983e+00 4.686945e+00 2.671454e-01 3.446459e+00 -5.382797e-01 2.725681e-02 -2.672200e-03 2.284891e-01
345.000 285.000 2.528321e+01 0.000000e+00 1.000000e+00 2.000000e+00 2.554482e+01 0.000000e+00 1.000000e+00 2.000000e+00 -5.339237e-01 2.412964e-02 0.000000e+00 7.669060e-01
345.000 315.000 6.418393e+00 1.253662e+01 -3.227760e-01 4.120703e+00 6.515291e+00 1.218618e+01 -3.032321e-01 4.120907e+00 -3.865033e-01 1.620151e-02 -3.353632e-03 1.546504e-02
345.000 345.000 0.000000e+00 9.375760e+00 -1.000000e+00 2.000000e+00 0.000000e+00 9.191485e+00 -1.000000e+00 2.000000e+00 -1.355197e-01 1.017016e-02 0.000000e+00 -4.322346e-01
