  #t  #Q2   A1M1_AVG      A_1M1     dA_1M1   A0P1_AVG      A_0P1     dA_0P1   A2M1_AVG      A_2M1     dA_2M1   A3M1_AVG      A_3M1     dA_3M1   A1P1_AVG      A_1P1     dA_1P1       Asym      Astat          t         tp         xb         Q2          W     Dilute
   6    0 -8.100e-02 -1.816e-02 1.3704e-02  3.866e-01  4.710e-01 1.3038e-02 -2.185e-02 -5.522e-02 1.3190e-02 -3.272e-03  1.865e-02 1.2810e-02  4.362e-02  3.941e-02 1.2817e-02 -7.8935e-02 1.4203e-02 8.2372e-01 1.6390e-01 5.3156e-01 6.2713e+00 2.5343e+00 5.3845e-01
   Phi   PhiS      N_U_avg      N_D_avg     Asym_avg    dAsym_avg      N_U_fit      N_D_fit     Asym_fit    dAsym_fit     Asym_cal    dAsym_cal     GOOD_fit     GOOD_cal
15.000 15.000 5.550128e+01 6.220000e+01 -5.691295e-02 1.083144e+01 5.508144e+01 6.251235e+01 -6.319136e-02 1.082239e+01 1.366418e-01 1.025350e-02 4.100430e-04 -1.786971e-02
15.000 45.000 7.413789e+01 4.673043e+01 2.267547e-01 1.070764e+01 7.302859e+01 4.743788e+01 2.124301e-01 1.072521e+01 3.905493e-01 1.633418e-02 9.451827e-04 -1.529697e-02
15.000 75.000 3.088915e+01 8.188288e+01 -4.521842e-01 9.471720e+00 3.032768e+01 8.395166e+01 -4.692359e-01 9.440183e+00 5.398095e-01 2.432570e-02 1.275111e-03 -1.047318e-01
15.000 105.000 2.253730e+01 3.360848e+01 -1.971862e-01 7.345931e+00 2.184332e+01 3.394864e+01 -2.169726e-01 7.291463e+00 5.444282e-01 2.747731e-02 1.911676e-03 -1.009551e-01
15.000 135.000 4.464095e+01 4.924448e+01 -4.903343e-02 9.677794e+00 4.378651e+01 4.972412e+01 -6.349667e-02 9.650576e+00 4.031678e-01 2.435839e-02 1.058241e-03 -4.672550e-02
15.000 165.000 4.134646e+01 6.394065e+01 -2.145960e-01 1.002190e+01 4.124548e+01 6.421867e+01 -2.178294e-01 1.002297e+01 1.538789e-01 1.638283e-02 2.281286e-04 -3.676691e-02
15.000 195.000 3.798513e+01 2.169080e+01 2.730469e-01 7.431474e+00 3.819883e+01 2.151396e+01 2.794187e-01 7.419617e+00 -1.366418e-01 1.025350e-02 -6.067616e-04 5.512880e-02
15.000 225.000 8.143045e+00 2.682557e+01 -5.342655e-01 4.998719e+00 8.238197e+00 2.643377e+01 -5.247920e-01 5.012292e+00 -3.905493e-01 1.633418e-02 -1.338279e-03 -2.875046e-02
15.000 255.000 3.689084e+01 6.249059e+01 -2.575909e-01 9.632609e+00 3.735869e+01 6.071253e+01 -2.381315e-01 9.618208e+00 -5.398095e-01 2.432570e-02 -1.429539e-03 2.929816e-02
15.000 285.000 8.172047e+01 5.823238e+01 1.678286e-01 1.166237e+01 8.305839e+01 5.672116e+01 1.884198e-01 1.161108e+01 -5.444282e-01 2.747731e-02 -1.251222e-03 6.107291e-02
15.000 315.000 1.122204e+02 6.328668e+01 2.788136e-01 1.272257e+01 1.133403e+02 6.165434e+01 2.953576e-01 1.263839e+01 -4.031678e-01 2.435839e-02 -9.225459e-04 5.360397e-02
15.000 345.000 7.165992e+01 2.332979e+00 9.369405e-01 3.006274e+00 7.176636e+01 2.321643e+00 9.373274e-01 2.999261e+00 -1.538789e-01 1.638283e-02 -9.112305e-05 3.628422e-01
45.000 15.000 5.196636e+01 6.752692e+01 -1.302213e-01 1.083822e+01 5.069121e+01 6.846930e+01 -1.491945e-01 1.079389e+01 1.097668e-01 2.160874e-02 1.240382e-03 -2.214272e-02
45.000 45.000 1.738790e+01 4.232624e+01 -4.176287e-01 7.021337e+00 1.691696e+01 4.352421e+01 -4.402172e-01 6.980559e+00 3.520609e-01 2.236860e-02 2.281464e-03 -1.096209e-01
45.000 75.000 2.363472e+01 6.853296e+01 -4.871365e-01 8.384277e+00 2.312640e+01 7.013220e+01 -5.040371e-01 8.340620e+00 5.000205e-01 2.152870e-02 1.429068e-03 -1.177387e-01
45.000 105.000 4.707563e+01 1.301283e+02 -4.686840e-01 1.175919e+01 4.574182e+01 1.324355e+02 -4.865585e-01 1.166172e+01 5.140001e-01 1.982925e-02 1.079295e-03 -8.356724e-02
45.000 135.000 3.265535e+01 6.618913e+01 -3.392581e-01 9.352426e+00 3.189592e+01 6.675007e+01 -3.533256e-01 9.291455e+00 3.902537e-01 1.896793e-02 1.067072e-03 -7.800225e-02
45.000 165.000 5.836044e+01 5.590467e+01 2.149187e-02 1.068702e+01 5.809595e+01 5.568325e+01 2.120509e-02 1.066433e+01 1.619392e-01 1.991612e-02 1.899510e-05 -1.314185e-02
45.000 195.000 7.552254e+01 4.801683e+01 2.226473e-01 1.083583e+01 7.631002e+01 4.785492e+01 2.291718e-01 1.084637e+01 -1.097668e-01 2.160874e-02 -4.255577e-04 3.067723e-02
45.000 225.000 8.354974e+01 4.478506e+01 3.020590e-01 1.079933e+01 8.545909e+01 4.396963e+01 3.205584e-01 1.077631e+01 -3.520608e-01 2.236860e-02 -1.212576e-03 6.057026e-02
45.000 255.000 4.119338e+01 4.638803e+01 -5.931218e-02 9.342018e+00 4.196029e+01 4.516977e+01 -3.683558e-02 9.328014e+00 -5.000205e-01 2.152870e-02 -1.702552e-03 4.717473e-02
45.000 285.000 9.049013e+01 2.209906e+01 6.074391e-01 8.428866e+00 9.236253e+01 2.149329e+01 6.224472e-01 8.351255e+00 -5.140001e-01 1.982925e-02 -1.264860e-03 1.330471e-01
45.000 315.000 3.796603e+01 1.147800e+02 -5.028868e-01 1.068257e+01 3.838420e+01 1.119944e+02 -4.894991e-01 1.069329e+01 -3.902538e-01 1.896793e-02 -8.857273e-04 -1.054362e-02
45.000 345.000 4.258732e+01 2.523558e+01 2.558390e-01 7.961384e+00 4.219350e+01 2.535805e+01 2.492237e-01 7.959633e+00 -1.619393e-01 1.991612e-02 5.876098e-04 5.247541e-02
75.000 15.000 4.713393e+01 6.143847e+01 -1.317512e-01 1.032898e+01 4.609508e+01 6.279654e+01 -1.533769e-01 1.031164e+01 9.721531e-02 2.108375e-02 1.481713e-03 -2.216735e-02
75.000 45.000 4.059020e+01 9.983425e+01 -4.218926e-01 1.074383e+01 3.944494e+01 1.025977e+02 -4.446043e-01 1.067542e+01 3.047589e-01 2.043216e-02 1.499540e-03 -6.763421e-02
75.000 75.000 1.640348e+01 7.534708e+01 -6.424331e-01 7.340520e+00 1.549044e+01 7.684973e+01 -6.644919e-01 7.181045e+00 4.306426e-01 2.007529e-02 2.148111e-03 -1.461847e-01
75.000 105.000 4.983307e+01 5.331170e+01 -3.372565e-02 1.015024e+01 4.835221e+01 5.413300e+01 -5.640611e-02 1.010738e+01 4.411360e-01 2.038657e-02 1.583352e-03 -4.678318e-02
75.000 135.000 3.088544e+01 7.752579e+01 -4.302170e-01 9.399243e+00 3.061719e+01 7.785237e+01 -4.354694e-01 9.375505e+00 3.334273e-01 2.103957e-02 3.956413e-04 -8.124510e-02
75.000 165.000 3.857788e+01 3.387436e+01 6.491879e-02 8.493933e+00 3.899438e+01 3.342239e+01 7.694326e-02 8.484577e+00 1.363771e-01 2.138036e-02 -1.001570e-03 -8.412837e-03
75.000 195.000 2.991638e+01 9.149945e+01 -5.072079e-01 9.496337e+00 3.044230e+01 9.070501e+01 -4.974333e-01 9.548332e+00 -9.721529e-02 2.108375e-02 -7.258384e-04 -4.317366e-02
75.000 225.000 2.703754e+01 6.638697e+01 -4.211897e-01 8.766466e+00 2.832598e+01 6.437112e+01 -3.888485e-01 8.870231e+00 -3.047589e-01 2.043216e-02 -2.593254e-03 -1.328134e-02
75.000 255.000 3.380821e+00 3.514468e+01 -8.244892e-01 3.512342e+00 3.436666e+00 3.434294e+01 -8.180677e-01 3.534994e+00 -4.306426e-01 2.007529e-02 -1.288616e-03 -1.121304e-01
75.000 285.000 5.172346e+01 2.552193e+01 3.391987e-01 8.267882e+00 5.296662e+01 2.455725e+01 3.664596e-01 8.192252e+00 -4.411360e-01 2.038657e-02 -2.342164e-03 9.438117e-02
75.000 315.000 7.415004e+01 7.721748e+01 -2.026483e-02 1.230062e+01 7.468231e+01 7.649245e+01 -1.197379e-02 1.229443e+01 -3.334274e-01 2.103957e-02 -4.767342e-04 2.545904e-02
75.000 345.000 5.008628e+01 2.909785e+01 2.650586e-01 8.580266e+00 4.986536e+01 2.925364e+01 2.605154e-01 8.587743e+00 -1.363771e-01 2.138036e-02 3.742456e-04 4.678578e-02
105.000 15.000 1.182478e+01 3.184881e+01 -4.584928e-01 5.873050e+00 1.163339e+01 3.319539e+01 -4.809858e-01 5.870074e+00 1.360144e-01 2.138036e-02 2.708807e-03 -1.012256e-01
105.000 45.000 1.379867e+01 3.163538e+01 -3.925847e-01 6.199325e+00 1.329452e+01 3.310152e+01 -4.269115e-01 6.159562e+00 3.040833e-01 2.103957e-02 3.927963e-03 -1.123774e-01
105.000 75.000 3.843562e+01 4.565398e+01 -8.584129e-02 9.136190e+00 3.588947e+01 4.755308e+01 -1.397801e-01 9.045010e+00 3.906733e-01 2.038657e-02 4.195548e-03 -5.215668e-02
105.000 105.000 6.687604e+00 2.233095e+01 -5.390808e-01 4.537127e+00 6.409477e+00 2.333564e+01 -5.690400e-01 4.484802e+00 3.725826e-01 2.007529e-02 4.696116e-03 -2.009321e-01
105.000 135.000 3.592044e+01 5.188560e+01 -1.818231e-01 9.214293e+00 3.501649e+01 5.290191e+01 -2.034321e-01 9.180410e+00 2.546588e-01 2.043216e-02 1.661329e-03 -4.736998e-02
105.000 165.000 3.743397e+01 3.149773e+01 8.611772e-02 8.271667e+00 3.786688e+01 3.115291e+01 9.727598e-02 8.268415e+00 6.849938e-02 2.108375e-02 -9.540561e-04 2.129955e-03
105.000 195.000 9.329100e+00 2.245683e+01 -4.130044e-01 5.134600e+00 9.569313e+00 2.152822e+01 -3.845613e-01 5.147679e+00 -1.360144e-01 2.138036e-02 -3.912028e-03 -5.394531e-02
105.000 225.000 2.122765e+01 1.314746e+01 2.350592e-01 5.698753e+00 2.222774e+01 1.269229e+01 2.730654e-01 5.684737e+00 -3.040833e-01 2.103957e-02 -4.721646e-03 9.460645e-02
105.000 255.000 1.841025e+01 2.567651e+01 -1.648173e-01 6.548981e+00 1.936327e+01 2.423799e+01 -1.118022e-01 6.561727e+00 -3.906732e-01 2.038657e-02 -5.718578e-03 3.448702e-02
105.000 285.000 5.061007e+01 2.051118e+01 4.232054e-01 7.640892e+00 5.205860e+01 2.028684e+01 4.391673e-01 7.641487e+00 -3.725827e-01 2.007529e-02 -1.477102e-03 1.041482e-01
105.000 315.000 2.640932e+01 2.862187e+01 -4.020544e-02 7.412303e+00 2.630203e+01 2.860517e+01 -4.194610e-02 7.403417e+00 -2.546588e-01 2.043216e-02 1.661518e-04 2.893198e-02
105.000 345.000 1.570812e+01 1.467752e+01 3.391719e-02 5.509145e+00 1.567148e+01 1.501745e+01 2.131162e-02 5.538500e+00 -6.849940e-02 2.108375e-02 1.613639e-03 1.859015e-02
135.000 15.000 7.470330e+00 1.805130e+01 -4.145884e-01 4.597269e+00 7.044072e+00 1.915684e+01 -4.623033e-01 4.538848e+00 1.885452e-01 1.991612e-02 7.385814e-03 -1.311926e-01
135.000 45.000 1.047456e+01 0.000000e+00 1.000000e+00 2.000000e+00 9.464960e+00 0.000000e+00 1.000000e+00 2.000000e+00 3.539337e-01 1.896793e-02 0.000000e+00 3.230186e-01
135.000 75.000 1.382777e+01 1.453887e+01 -2.506839e-02 5.324360e+00 1.273119e+01 1.562736e+01 -1.021271e-01 5.297431e+00 4.244860e-01 1.982925e-02 1.025977e-02 -8.443293e-02
135.000 105.000 6.231412e+00 9.404199e+00 -2.029205e-01 3.871923e+00 5.598316e+00 9.943277e+00 -2.795699e-01 3.785085e+00 3.812976e-01 2.152870e-02 1.415586e-02 -1.508835e-01
135.000 135.000 1.005763e+01 3.224404e+01 -5.244808e-01 5.537628e+00 9.806364e+00 3.312636e+01 -5.431753e-01 5.501443e+00 2.359409e-01 2.236860e-02 2.394935e-03 -1.373179e-01
135.000 165.000 1.892734e+01 3.295896e+00 7.033829e-01 3.350873e+00 1.924561e+01 3.177601e+00 7.165793e-01 3.302909e+00 2.736393e-02 2.160874e-02 -2.804726e-03 2.017400e-01
135.000 195.000 6.280963e+00 1.254237e+01 -3.326406e-01 4.091520e+00 6.670595e+00 1.165127e+01 -2.718434e-01 4.119212e+00 -1.885451e-01 1.991612e-02 -1.047163e-02 -3.521767e-02
135.000 225.000 0.000000e+00 8.511835e+00 -1.000000e+00 2.000000e+00 0.000000e+00 7.947385e+00 -1.000000e+00 2.000000e+00 -3.539337e-01 1.896793e-02 0.000000e+00 -3.230186e-01
135.000 255.000 1.037919e+01 8.725051e+00 8.658481e-02 4.354425e+00 1.114610e+01 7.710363e+00 1.822049e-01 4.269714e+00 -4.244860e-01 1.982925e-02 -1.567932e-02 1.173669e-01
135.000 285.000 6.746223e+00 1.947724e+01 -4.854818e-01 4.476917e+00 7.033937e+00 1.808797e+01 -4.400157e-01 4.500884e+00 -3.812977e-01 2.152870e-02 -7.161941e-03 -2.327114e-02
135.000 315.000 1.189545e+01 1.034077e+01 6.991630e-02 4.703990e+00 1.205090e+01 1.019231e+01 8.355769e-02 4.699778e+00 -2.359409e-01 2.236860e-02 -2.051501e-03 6.502006e-02
135.000 345.000 1.954289e+01 1.542042e+01 1.179085e-01 5.871732e+00 1.928667e+01 1.558885e+01 1.060292e-01 5.872261e+00 -2.736395e-02 2.160874e-02 1.430508e-03 2.474082e-02
165.000 15.000 1.187834e+01 4.303137e+00 4.681405e-01 3.554605e+00 1.122873e+01 4.528039e+00 4.252580e-01 3.592666e+00 1.680216e-01 1.638283e-02 8.484928e-03 8.443010e-02
165.000 45.000 3.104880e+00 9.324680e+00 -5.004038e-01 3.052401e+00 2.697768e+00 1.012929e+01 -5.793629e-01 2.919162e+00 3.696037e-01 2.435839e-02 1.869480e-02 -2.850150e-01
165.000 75.000 1.886465e+01 5.636485e+00 5.399001e-01 4.166443e+00 1.616097e+01 6.347219e+00 4.360081e-01 4.269580e+00 4.721508e-01 2.747731e-02 1.741513e-02 1.626035e-02
165.000 105.000 0.000000e+00 3.247379e+00 -1.000000e+00 2.000000e+00 0.000000e+00 3.592490e+00 -1.000000e+00 2.000000e+00 4.481855e-01 2.432570e-02 0.000000e+00 -7.240392e-01
165.000 135.000 5.923265e+00 3.809795e+00 2.171434e-01 3.045346e+00 5.604747e+00 4.119472e+00 1.527397e-01 3.081778e+00 3.041292e-01 1.633418e-02 1.486488e-02 -2.856310e-02
165.000 165.000 1.866249e+01 1.430216e+01 1.322729e-01 5.691037e+00 1.847906e+01 1.402094e+01 1.371728e-01 5.646988e+00 7.858180e-02 1.025350e-02 -6.111651e-04 9.434309e-03
165.000 195.000 1.729173e+01 0.000000e+00 1.000000e+00 2.000000e+00 1.833217e+01 0.000000e+00 1.000000e+00 2.000000e+00 -1.680216e-01 1.638283e-02 0.000000e+00 5.839912e-01
165.000 225.000 1.410537e+01 2.189815e+00 7.312316e-01 2.753571e+00 1.549641e+01 1.925492e+00 7.789573e-01 2.617391e+00 -3.696037e-01 2.435839e-02 -1.256250e-02 3.997689e-01
165.000 255.000 1.532312e+01 1.080799e+01 1.727879e-01 5.034972e+00 1.674154e+01 9.424884e+00 2.796200e-01 4.911267e+00 -4.721508e-01 2.747731e-02 -1.518883e-02 1.280899e-01
165.000 285.000 8.136955e+00 1.012194e+01 -1.087133e-01 4.247717e+00 9.108192e+00 9.047876e+00 3.322035e-03 4.260970e+00 -4.481855e-01 2.432570e-02 -1.862117e-02 7.991743e-02
165.000 315.000 5.785674e+00 0.000000e+00 1.000000e+00 2.000000e+00 6.311363e+00 0.000000e+00 1.000000e+00 2.000000e+00 -3.041292e-01 1.633418e-02 0.000000e+00 6.520429e-01
165.000 345.000 1.828578e+01 2.256076e+00 7.803435e-01 2.834286e+00 1.869357e+01 2.278537e+00 7.827079e-01 2.850251e+00 -7.858182e-02 1.025350e-02 -5.882176e-04 3.030462e-01
195.000 15.000 1.713038e+01 1.079679e+01 2.267894e-01 5.146919e+00 1.737894e+01 1.093353e+01 2.276524e-01 5.181231e+00 7.858179e-02 1.025350e-02 -1.181596e-04 2.879535e-02
195.000 45.000 1.344034e+01 1.060109e+01 1.180982e-01 4.868893e+00 1.243265e+01 1.115450e+01 5.418832e-02 4.849524e+00 3.041292e-01 1.633418e-02 9.300078e-03 -3.820786e-02
195.000 75.000 2.445289e+00 2.062477e+01 -7.880119e-01 2.957095e+00 2.166590e+00 2.269816e+01 -8.257300e-01 2.812688e+00 4.481855e-01 2.432570e-02 9.242071e-03 -4.180303e-01
195.000 105.000 1.887505e+01 7.765752e+00 4.170031e-01 4.691289e+00 1.611874e+01 8.537245e+00 3.074910e-01 4.724907e+00 4.721508e-01 2.747731e-02 1.644746e-02 -1.175515e-02
195.000 135.000 0.000000e+00 7.406808e+00 -1.000000e+00 2.000000e+00 0.000000e+00 8.196745e+00 -1.000000e+00 2.000000e+00 3.696037e-01 2.435839e-02 0.000000e+00 -6.847511e-01
195.000 165.000 2.102717e+00 1.948510e+01 -8.051941e-01 2.755291e+00 2.028322e+00 2.043524e+01 -8.194123e-01 2.716746e+00 1.680216e-01 1.638283e-02 3.674512e-03 -3.532109e-01
195.000 195.000 9.195220e+00 1.606105e+01 -2.718466e-01 4.836302e+00 9.368488e+00 1.615286e+01 -2.658313e-01 4.870098e+00 -7.858177e-02 1.025350e-02 -8.764149e-04 -3.996120e-02
195.000 225.000 1.073866e+01 1.193924e+01 -5.294070e-02 4.755454e+00 1.133799e+01 1.120159e+01 6.051829e-03 4.747500e+00 -3.041292e-01 1.633418e-02 -8.779166e-03 5.282083e-02
195.000 255.000 1.823539e+01 8.194277e+00 3.799183e-01 4.755509e+00 2.027258e+01 7.347927e+00 4.679369e-01 4.644630e+00 -4.481855e-01 2.432570e-02 -1.324112e-02 1.741334e-01
195.000 285.000 2.866907e+01 4.752058e+00 7.156256e-01 4.038007e+00 3.113686e+01 4.244574e+00 7.600677e-01 3.865421e+00 -4.721508e-01 2.747731e-02 -7.950432e-03 2.941423e-01
195.000 315.000 1.021772e+01 0.000000e+00 1.000000e+00 2.000000e+00 1.111832e+01 0.000000e+00 1.000000e+00 2.000000e+00 -3.696037e-01 2.435839e-02 0.000000e+00 6.847511e-01
195.000 345.000 8.350544e+00 1.052797e+01 -1.153390e-01 4.315944e+00 8.885729e+00 1.022281e+01 -6.997290e-02 4.360617e+00 -1.680216e-01 1.638283e-02 -7.394235e-03 1.220642e-02
225.000 15.000 2.003216e+01 1.825308e+01 4.646899e-02 6.180822e+00 2.046547e+01 1.796983e+01 6.493089e-02 6.186539e+00 2.736391e-02 2.160874e-02 -2.111127e-03 3.091008e-03
225.000 45.000 1.448600e+01 3.885602e+01 -4.568636e-01 6.496787e+00 1.402071e+01 3.923411e+01 -4.734481e-01 6.427876e+00 2.359409e-01 2.236860e-02 1.814648e-03 -1.066374e-01
225.000 75.000 4.009345e+01 5.512572e+00 7.582525e-01 4.402838e+00 3.707534e+01 5.940284e+00 7.238081e-01 4.525463e+00 3.812976e-01 2.152870e-02 5.455361e-03 8.561529e-02
225.000 105.000 4.417550e+00 1.002187e+01 -3.881264e-01 3.502033e+00 4.070414e+00 1.099434e+01 -4.596111e-01 3.447092e+00 4.244860e-01 1.982925e-02 1.454736e-02 -2.320365e-01
225.000 135.000 3.075533e+01 3.258187e+01 -2.883838e-02 7.955157e+00 2.805233e+01 3.514758e+01 -1.122668e-01 7.899579e+00 3.539337e-01 1.896793e-02 7.441618e-03 -4.811609e-02
225.000 165.000 6.959153e+00 1.346299e+01 -3.184699e-01 4.283791e+00 6.637869e+00 1.409118e+01 -3.595588e-01 4.248429e+00 1.885452e-01 1.991612e-02 6.810432e-03 -1.183553e-01
225.000 195.000 1.658455e+01 1.487071e+01 5.448474e-02 5.600168e+00 1.616672e+01 1.528094e+01 2.816685e-02 5.605597e+00 -2.736389e-02 2.160874e-02 3.321425e-03 1.461528e-02
225.000 225.000 3.347640e+01 6.824266e+00 6.613323e-01 4.761801e+00 3.395603e+01 6.547864e+00 6.766798e-01 4.685866e+00 -2.359408e-01 2.236860e-02 -2.297267e-03 1.884294e-01
225.000 255.000 2.607308e+00 1.084960e+01 -6.124951e-01 2.899749e+00 2.746956e+00 1.006625e+01 -5.712305e-01 2.938061e+00 -3.812976e-01 2.152870e-02 -9.996179e-03 -7.972799e-02
225.000 285.000 1.695357e+01 2.104742e+01 -1.077301e-01 6.128618e+00 1.819082e+01 1.874557e+01 -1.501911e-02 6.076846e+00 -4.244860e-01 1.982925e-02 -1.074207e-02 5.168445e-02
225.000 315.000 1.308369e+01 2.151456e+01 -2.436790e-01 5.704720e+00 1.406838e+01 1.973547e+01 -1.676463e-01 5.731822e+00 -3.539338e-01 1.896793e-02 -9.401984e-03 1.932684e-02
225.000 345.000 1.635659e+01 2.004737e+01 -1.013841e-01 6.002480e+00 1.729499e+01 1.893719e+01 -4.532454e-02 6.013131e+00 -1.885452e-01 1.991612e-02 -6.598101e-03 1.452076e-02
255.000 15.000 4.212204e+01 4.616962e+01 -4.584326e-02 9.386485e+00 4.288587e+01 4.581280e+01 -3.299857e-02 9.412868e+00 6.849934e-02 2.108375e-02 -9.662628e-04 -1.218159e-02
255.000 45.000 2.425736e+01 4.108561e+01 -2.575372e-01 7.810830e+00 2.420175e+01 4.179414e+01 -2.665679e-01 7.829835e+00 2.546588e-01 2.043216e-02 8.165499e-04 -6.557488e-02
255.000 75.000 2.101077e+01 2.165641e+01 -1.513205e-02 6.531264e+00 2.012185e+01 2.226152e+01 -5.048352e-02 6.501950e+00 3.725826e-01 2.007529e-02 3.835923e-03 -5.936260e-02
255.000 105.000 1.867589e+01 1.366997e+01 1.547624e-01 5.618819e+00 1.752985e+01 1.414561e+01 1.068412e-01 5.595881e+00 3.906733e-01 2.038657e-02 6.043018e-03 -4.198557e-02
255.000 135.000 1.964783e+01 1.800167e+01 4.372330e-02 6.130051e+00 1.873521e+01 1.877464e+01 -1.051363e-03 6.124525e+00 3.040833e-01 2.103957e-02 5.167126e-03 -4.247248e-02
255.000 165.000 6.941778e+00 4.443145e+00 2.194686e-01 3.291892e+00 6.771503e+00 4.615730e+00 1.893149e-01 3.313474e+00 1.360145e-01 2.138036e-02 6.455897e-03 2.535089e-02
255.000 195.000 2.988637e+01 3.575175e+01 -8.935924e-02 8.069324e+00 2.939938e+01 3.625043e+01 -1.043575e-01 8.058217e+00 -6.849932e-02 2.108375e-02 1.315185e-03 -2.585080e-03
255.000 225.000 6.143515e+01 1.471619e+01 6.135015e-01 6.891240e+00 6.184164e+01 1.442071e+01 6.218131e-01 6.839254e+00 -2.546588e-01 2.043216e-02 -8.560792e-04 1.259797e-01
255.000 255.000 3.445087e+01 2.418599e+01 1.750585e-01 7.539225e+00 3.504263e+01 2.271112e+01 2.135187e-01 7.424334e+00 -3.725826e-01 2.007529e-02 -3.634790e-03 7.263866e-02
255.000 285.000 6.704477e+01 2.210092e+01 5.041619e-01 8.153938e+00 6.971167e+01 2.100459e+01 5.369168e-01 8.035211e+00 -3.906733e-01 2.038657e-02 -2.861251e-03 1.097423e-01
255.000 315.000 1.432688e+01 1.931763e+01 -1.483377e-01 5.736217e+00 1.508425e+01 1.823734e+01 -9.462591e-02 5.746584e+00 -3.040833e-01 2.103957e-02 -6.615100e-03 2.715110e-02
255.000 345.000 2.224144e+01 2.084876e+01 3.232011e-02 6.560883e+00 2.318621e+01 1.984122e+01 7.774083e-02 6.539678e+00 -1.360145e-01 2.138036e-02 -4.903188e-03 2.565717e-02
285.000 15.000 5.580583e+01 7.017161e+01 -1.140346e-01 1.115075e+01 5.619873e+01 6.986066e+01 -1.083769e-01 1.116149e+01 1.363771e-01 2.138036e-02 -3.585996e-04 -2.245689e-02
285.000 45.000 7.302329e+00 3.147916e+01 -6.234116e-01 4.869227e+00 7.092010e+00 3.162846e+01 -6.336816e-01 4.813748e+00 3.334273e-01 2.103957e-02 1.499926e-03 -1.965055e-01
285.000 75.000 6.663127e+01 6.894862e+01 -1.709214e-02 1.164218e+01 6.415282e+01 6.989014e+01 -4.280214e-02 1.156708e+01 4.411360e-01 2.038657e-02 1.566584e-03 -3.935925e-02
285.000 105.000 5.605865e+01 8.117552e+01 -1.830220e-01 1.151682e+01 5.455903e+01 8.332736e+01 -2.086379e-01 1.148409e+01 4.306426e-01 2.007529e-02 1.574997e-03 -5.328411e-02
285.000 135.000 6.354194e+01 7.717123e+01 -9.685866e-02 1.180648e+01 6.209758e+01 7.870335e+01 -1.179379e-01 1.178314e+01 3.047589e-01 2.043216e-02 1.263716e-03 -3.401665e-02
285.000 165.000 2.950732e+01 5.949049e+01 -3.368979e-01 8.882372e+00 2.878338e+01 6.045893e+01 -3.549387e-01 8.831729e+00 9.721534e-02 2.108375e-02 1.440285e-03 -4.887343e-02
285.000 195.000 5.952880e+01 6.603025e+01 -5.177998e-02 1.119028e+01 5.914196e+01 6.606021e+01 -5.525662e-02 1.117228e+01 -1.363770e-01 2.138036e-02 2.198636e-04 7.559855e-03
285.000 225.000 7.732841e+01 9.378260e+01 -9.616092e-02 1.302032e+01 7.801114e+01 9.220050e+01 -8.336303e-02 1.300111e+01 -3.334273e-01 2.103957e-02 -6.955399e-04 1.822275e-02
285.000 255.000 3.449317e+01 4.979650e+01 -1.815563e-01 9.028358e+00 3.486212e+01 4.788736e+01 -1.574058e-01 8.983275e+00 -4.411360e-01 2.038657e-02 -1.896217e-03 2.875152e-02
285.000 285.000 3.022120e+01 5.388767e+01 -2.813791e-01 8.800546e+00 3.020198e+01 5.164256e+01 -2.619672e-01 8.730854e+00 -4.306426e-01 2.007529e-02 -1.565894e-03 1.696067e-02
285.000 315.000 3.150662e+01 1.502905e+01 3.540847e-01 6.379750e+00 3.208908e+01 1.420704e+01 3.862535e-01 6.276076e+00 -3.047590e-01 2.043216e-02 -3.594547e-03 1.032706e-01
285.000 345.000 6.721748e+01 4.814535e+01 1.653230e-01 1.059291e+01 6.848939e+01 4.702533e+01 1.858123e-01 1.056061e+01 -9.721536e-02 2.108375e-02 -1.369808e-03 2.478430e-02
315.000 15.000 2.139695e+01 7.363386e+01 -5.496839e-01 8.143527e+00 2.109913e+01 7.367110e+01 -5.547309e-01 8.099811e+00 1.619392e-01 1.991611e-02 4.394126e-04 -8.738486e-02
315.000 45.000 4.250845e+01 4.430901e+01 -2.073955e-02 9.315585e+00 4.204449e+01 4.455574e+01 -2.899821e-02 9.302011e+00 3.902537e-01 1.896793e-02 6.273373e-04 -4.411880e-02
315.000 75.000 7.548849e+01 2.000339e+01 5.810453e-01 7.953145e+00 7.380028e+01 2.064878e+01 5.627531e-01 8.033548e+00 5.140001e-01 1.982925e-02 1.618139e-03 8.429997e-03
315.000 105.000 5.958851e+01 9.350350e+01 -2.215333e-01 1.206560e+01 5.783342e+01 9.577527e+01 -2.470033e-01 1.200987e+01 5.000205e-01 2.152870e-02 1.496124e-03 -5.980247e-02
315.000 135.000 5.043995e+01 1.068005e+02 -3.584354e-01 1.170636e+01 4.930972e+01 1.092396e+02 -3.779890e-01 1.165747e+01 3.520609e-01 2.236860e-02 1.183580e-03 -6.069309e-02
315.000 165.000 3.916564e+00 3.759643e+01 -8.113090e-01 3.766725e+00 3.763837e+00 3.787019e+01 -8.191942e-01 3.700581e+00 1.097668e-01 2.160874e-02 1.493298e-03 -2.445256e-01
315.000 195.000 6.487699e+01 7.625928e+01 -8.064755e-02 1.184138e+01 6.504160e+01 7.679646e+01 -8.287526e-02 1.186861e+01 -1.619392e-01 1.991611e-02 1.328747e-04 6.865037e-03
315.000 225.000 9.083562e+01 3.568805e+01 4.358676e-01 1.012357e+01 9.118330e+01 3.530817e+01 4.417304e-01 1.009008e+01 -3.902537e-01 1.896793e-02 -4.101806e-04 8.160363e-02
315.000 255.000 1.235194e+02 4.908107e+01 4.312754e-01 1.185314e+01 1.253584e+02 4.764866e+01 4.491708e-01 1.175168e+01 -5.140001e-01 1.982925e-02 -1.072143e-03 7.974880e-02
315.000 285.000 2.946166e+01 7.650078e+01 -4.439225e-01 9.223921e+00 3.016778e+01 7.424357e+01 -4.221360e-01 9.263119e+00 -5.000205e-01 2.152870e-02 -1.666616e-03 6.081776e-03
315.000 315.000 3.742868e+01 6.928563e+01 -2.985255e-01 9.859219e+00 3.816246e+01 6.728251e+01 -2.761635e-01 9.869300e+00 -3.520609e-01 2.236860e-02 -1.602996e-03 5.429964e-03
315.000 345.000 3.382402e+01 9.319652e+01 -4.674244e-01 9.963352e+00 3.431974e+01 9.220348e+01 -4.574950e-01 1.000209e+01 -1.097668e-01 2.160874e-02 -7.033347e-04 -3.589723e-02
345.000 15.000 3.740032e+01 3.537015e+01 2.789820e-02 8.527241e+00 3.729072e+01 3.552133e+01 2.430083e-02 8.530478e+00 1.538788e-01 1.638283e-02 2.982492e-04 -1.477388e-02
345.000 45.000 1.751573e+01 4.036705e+01 -3.947861e-01 6.990093e+00 1.742406e+01 4.073301e+01 -4.007932e-01 6.986773e+00 4.031677e-01 2.435839e-02 6.078113e-04 -1.141543e-01
345.000 75.000 1.404104e+01 5.025918e+01 -5.632663e-01 6.625689e+00 1.370208e+01 5.077479e+01 -5.749769e-01 6.569697e+00 5.444282e-01 2.747731e-02 1.255071e-03 -1.671803e-01
345.000 105.000 2.665807e+01 4.041374e+01 -2.050887e-01 8.015652e+00 2.605163e+01 4.081689e+01 -2.208102e-01 7.975475e+00 5.398095e-01 2.432570e-02 1.390364e-03 -9.293004e-02
345.000 135.000 7.858586e+01 2.060858e+01 5.844811e-01 8.081325e+00 7.690582e+01 2.095708e+01 5.717053e-01 8.116447e+00 3.905494e-01 1.633418e-02 1.115438e-03 2.399747e-02
345.000 165.000 1.164574e+02 1.083364e+01 8.297815e-01 6.296539e+00 1.153621e+02 1.100528e+01 8.258208e-01 6.339349e+00 1.366418e-01 1.025350e-02 4.432811e-04 1.100825e-01
345.000 195.000 7.160259e+01 0.000000e+00 1.000000e+00 2.000000e+00 7.155516e+01 0.000000e+00 1.000000e+00 2.000000e+00 -1.538788e-01 1.638283e-02 0.000000e+00 5.769200e-01
345.000 225.000 5.887400e+01 5.248470e+01 5.737583e-02 1.053528e+01 5.965980e+01 5.206619e+01 6.796636e-02 1.054561e+01 -4.031677e-01 2.435839e-02 -7.104670e-04 4.371429e-02
345.000 255.000 5.971199e+00 3.793114e+01 -7.279781e-01 4.542709e+00 6.012702e+00 3.704145e+01 -7.206912e-01 4.548847e+00 -5.444282e-01 2.747731e-02 -1.133492e-03 -4.040466e-02
345.000 285.000 8.305296e+01 6.398485e+01 1.296817e-01 1.202352e+01 8.440690e+01 6.221749e+01 1.513350e-01 1.196939e+01 -5.398095e-01 2.432570e-02 -1.276310e-03 5.568169e-02
345.000 315.000 6.084589e+01 5.147512e+01 8.342839e-02 1.056121e+01 6.181230e+01 5.026103e+01 1.030689e-01 1.053009e+01 -3.905494e-01 1.633418e-02 -1.316935e-03 4.487905e-02
345.000 345.000 4.905471e+01 3.235160e+01 2.051820e-01 8.830580e+00 4.936699e+01 3.201403e+01 2.132311e-01 8.813672e+00 -1.366418e-01 1.025350e-02 -6.451445e-04 3.870908e-02
