  #t  #Q2   A1M1_AVG      A_1M1     dA_1M1   A0P1_AVG      A_0P1     dA_0P1   A2M1_AVG      A_2M1     dA_2M1   A3M1_AVG      A_3M1     dA_3M1   A1P1_AVG      A_1P1     dA_1P1       Asym      Astat          t         tp         xb         Q2          W     Dilute
   3    0 -5.991e-02 -5.392e-02 2.9909e-03  3.954e-01  3.604e-01 2.9363e-03 -1.022e-02  2.532e-02 2.9542e-03 -4.642e-04 -2.265e-02 2.8841e-03  2.365e-02  3.022e-02 2.8803e-03 -5.3008e-03 1.5603e-03 3.4698e-01 4.0754e-02 4.3557e-01 5.3053e+00 2.7851e+00 7.3619e-01
   Phi   PhiS      N_U_avg      N_D_avg     Asym_avg    dAsym_avg      N_U_fit      N_D_fit     Asym_fit    dAsym_fit     Asym_cal    dAsym_cal     GOOD_fit     GOOD_cal
15.000 15.000 8.919202e+02 1.257744e+03 -1.701770e-01 4.568817e+01 8.962467e+02 1.251613e+03 -1.654515e-01 4.570628e+01 1.036167e-01 2.305583e-03 -7.312112e-05 -5.992661e-03
15.000 45.000 1.062489e+03 1.158230e+03 -4.311257e-02 4.708070e+01 1.071139e+03 1.150132e+03 -3.556209e-02 4.710054e+01 3.014193e-01 3.654314e-03 -1.133769e-04 -7.317900e-03
15.000 75.000 9.100055e+02 1.508953e+03 -2.476054e-01 4.765140e+01 9.185817e+02 1.496164e+03 -2.391898e-01 4.771367e+01 4.184568e-01 5.430718e-03 -1.248001e-04 -1.397781e-02
15.000 105.000 1.288583e+03 1.108760e+03 7.500942e-02 4.882473e+01 1.297125e+03 1.102778e+03 8.098145e-02 4.882791e+01 4.233692e-01 6.131320e-03 -8.648744e-05 -7.134904e-03
15.000 135.000 1.030698e+03 1.645920e+03 -2.298506e-01 5.035085e+01 1.034688e+03 1.641866e+03 -2.268509e-01 5.038665e+01 3.148401e-01 5.436431e-03 -4.211163e-05 -1.081791e-02
15.000 165.000 1.109347e+03 1.297630e+03 -7.822387e-02 4.891061e+01 1.108538e+03 1.298445e+03 -7.889817e-02 4.890808e+01 1.219499e-01 3.662800e-03 9.748770e-06 -4.092646e-03
15.000 195.000 1.307490e+03 1.469995e+03 -5.850777e-02 5.261157e+01 1.301660e+03 1.477919e+03 -6.341214e-02 5.261560e+01 -1.036167e-01 2.305583e-03 6.591295e-05 8.573949e-04
15.000 225.000 1.315228e+03 8.092531e+02 2.381641e-01 4.476579e+01 1.308851e+03 8.173816e+02 2.311458e-01 4.486236e+01 -3.014193e-01 3.654314e-03 1.107406e-04 1.205348e-02
15.000 255.000 1.537555e+03 1.120569e+03 1.568721e-01 5.091867e+01 1.528636e+03 1.131570e+03 1.492612e-01 5.099941e+01 -4.184568e-01 5.430718e-03 1.056081e-04 1.129898e-02
15.000 285.000 1.157061e+03 9.251413e+02 1.113820e-01 4.534722e+01 1.151277e+03 9.332201e+02 1.046087e-01 4.540579e+01 -4.233692e-01 6.131320e-03 1.055484e-04 1.179237e-02
15.000 315.000 1.439204e+03 7.519438e+02 3.136530e-01 4.444757e+01 1.437952e+03 7.546008e+02 3.116693e-01 4.449240e+01 -3.148402e-01 5.436432e-03 3.154317e-05 1.414010e-02
15.000 345.000 1.127493e+03 1.057304e+03 3.212592e-02 4.671769e+01 1.128777e+03 1.055604e+03 3.349814e-02 4.671114e+01 -1.219500e-01 3.662800e-03 -2.077102e-05 3.298020e-03
45.000 15.000 1.811058e+03 2.106649e+03 -7.545003e-02 6.241318e+01 1.814958e+03 2.099689e+03 -7.273456e-02 6.240142e+01 9.733144e-02 4.839135e-03 -3.076762e-05 -2.768349e-03
45.000 45.000 1.131613e+03 2.152252e+03 -3.108039e-01 5.446693e+01 1.148089e+03 2.129416e+03 -2.994126e-01 5.462310e+01 2.803152e-01 5.028791e-03 -1.476735e-04 -1.085281e-02
45.000 75.000 1.486390e+03 1.918668e+03 -1.269518e-01 5.788074e+01 1.515930e+03 1.889282e+03 -1.096413e-01 5.800239e+01 3.881888e-01 4.829691e-03 -2.112531e-04 -8.900035e-03
45.000 105.000 1.473365e+03 1.757283e+03 -8.788268e-02 5.661888e+01 1.506648e+03 1.728556e+03 -6.859170e-02 5.674490e+01 3.920475e-01 4.414926e-03 -2.406549e-04 -8.476504e-03
45.000 135.000 1.256551e+03 1.965761e+03 -2.200933e-01 5.537346e+01 1.278142e+03 1.942169e+03 -2.061997e-01 5.552827e+01 2.908574e-01 4.197626e-03 -1.771712e-04 -9.227357e-03
45.000 165.000 1.468212e+03 2.044454e+03 -1.640469e-01 5.846483e+01 1.480196e+03 2.026987e+03 -1.559061e-01 5.849730e+01 1.117323e-01 4.425256e-03 -9.843239e-05 -4.717010e-03
45.000 195.000 1.279570e+03 1.158933e+03 4.947175e-02 4.932073e+01 1.274711e+03 1.161180e+03 4.660764e-02 4.930112e+01 -9.733142e-02 4.839135e-03 4.107068e-05 2.976500e-03
45.000 225.000 1.932104e+03 1.474650e+03 1.342788e-01 5.783881e+01 1.911341e+03 1.494043e+03 1.225408e-01 5.791587e+01 -2.803152e-01 5.028791e-03 1.434068e-04 7.168095e-03
45.000 255.000 1.703564e+03 1.478118e+03 7.085748e-02 5.626462e+01 1.677851e+03 1.512231e+03 5.191691e-02 5.640464e+01 -3.881888e-01 4.829691e-03 2.377400e-04 8.158702e-03
45.000 285.000 1.948708e+03 1.548428e+03 1.144595e-01 5.874794e+01 1.919098e+03 1.581179e+03 9.654042e-02 5.888679e+01 -3.920475e-01 4.414926e-03 2.154240e-04 8.621697e-03
45.000 315.000 1.478048e+03 1.836017e+03 -1.080153e-01 5.723110e+01 1.457105e+03 1.864242e+03 -1.225817e-01 5.719650e+01 -2.908574e-01 4.197626e-03 1.800264e-04 3.194803e-03
45.000 345.000 1.722810e+03 1.535467e+03 5.749780e-02 5.698689e+01 1.713386e+03 1.546665e+03 5.114056e-02 5.702214e+01 -1.117323e-01 4.425256e-03 7.885770e-05 2.969632e-03
75.000 15.000 2.150761e+03 2.467198e+03 -6.852328e-02 6.779584e+01 2.134064e+03 2.489643e+03 -7.690354e-02 6.779647e+01 1.060312e-01 4.693181e-03 8.740531e-05 -2.574708e-03
75.000 45.000 1.912401e+03 3.191228e+03 -2.505721e-01 6.916061e+01 1.915135e+03 3.189712e+03 -2.496799e-01 6.918533e+01 2.785098e-01 4.572972e-03 -9.120316e-06 -7.650046e-03
75.000 75.000 2.635966e+03 3.005018e+03 -6.542337e-02 7.494557e+01 2.668397e+03 2.978675e+03 -5.494506e-02 7.503348e+01 3.763619e-01 4.510047e-03 -9.880420e-05 -5.894748e-03
75.000 105.000 1.761202e+03 3.772471e+03 -3.634600e-01 6.930120e+01 1.798233e+03 3.720153e+03 -3.482758e-01 6.963496e+01 3.733681e-01 4.569775e-03 -1.545581e-04 -1.063226e-02
75.000 135.000 2.732313e+03 2.959220e+03 -3.986741e-02 7.538227e+01 2.792341e+03 2.909389e+03 -2.052842e-02 7.549389e+01 2.703307e-01 4.690066e-03 -1.812709e-04 -4.115001e-03
75.000 165.000 2.528357e+03 2.410053e+03 2.395571e-02 7.025365e+01 2.570371e+03 2.373768e+03 3.976492e-02 7.025896e+01 9.485834e-02 4.750608e-03 -1.591145e-04 -1.009238e-03
75.000 195.000 2.817543e+03 1.976088e+03 1.755361e-01 6.816102e+01 2.842495e+03 1.960834e+03 1.835521e-01 6.812854e+01 -1.060312e-01 4.693181e-03 -8.317850e-05 4.130914e-03
75.000 225.000 2.901185e+03 2.362342e+03 1.023729e-01 7.216899e+01 2.891865e+03 2.369432e+03 9.929735e-02 7.217631e+01 -2.785098e-01 4.572972e-03 3.013288e-05 5.277651e-03
75.000 255.000 3.512376e+03 2.097974e+03 2.521059e-01 7.248290e+01 3.483425e+03 2.125091e+03 2.421913e-01 7.266044e+01 -3.763619e-01 4.510047e-03 9.660274e-05 8.670566e-03
75.000 285.000 3.124030e+03 1.706028e+03 2.935786e-01 6.643616e+01 3.079925e+03 1.745444e+03 2.765552e-01 6.675561e+01 -3.733681e-01 4.569775e-03 1.807515e-04 1.003891e-02
75.000 315.000 3.570761e+03 2.426421e+03 1.908130e-01 7.601859e+01 3.510745e+03 2.479638e+03 1.721270e-01 7.624239e+01 -2.703307e-01 4.690066e-03 1.735570e-04 6.066196e-03
75.000 345.000 2.935266e+03 1.994322e+03 1.908767e-01 6.892013e+01 2.888396e+03 2.027342e+03 1.751628e-01 6.902835e+01 -9.485836e-02 4.750608e-03 1.610953e-04 4.145887e-03
105.000 15.000 3.694931e+03 3.555519e+03 1.922797e-02 8.513383e+01 3.684260e+03 3.567013e+03 1.616915e-02 8.514328e+01 7.859185e-02 4.750608e-03 2.540456e-05 -6.973007e-04
105.000 45.000 3.326151e+03 4.667819e+03 -1.678350e-01 8.814074e+01 3.311510e+03 4.687982e+03 -1.720699e-01 8.810586e+01 2.524585e-01 4.690067e-03 3.398111e-05 -4.768436e-03
105.000 75.000 3.264731e+03 4.673172e+03 -1.774324e-01 8.768124e+01 3.241110e+03 4.689439e+03 -1.826267e-01 8.755595e+01 3.586791e-01 4.569775e-03 4.191938e-05 -6.114323e-03
105.000 105.000 4.138167e+03 4.862721e+03 -8.049808e-02 9.456513e+01 4.129949e+03 4.864147e+03 -8.163102e-02 9.452070e+01 3.687919e-01 4.510047e-03 8.473536e-06 -4.751117e-03
105.000 135.000 3.772326e+03 4.867739e+03 -1.267829e-01 9.220188e+01 3.783312e+03 4.861980e+03 -1.247694e-01 9.225350e+01 2.800872e-01 4.572972e-03 -1.543738e-05 -4.412819e-03
105.000 165.000 4.054162e+03 4.810317e+03 -8.530168e-02 9.380820e+01 4.064351e+03 4.794658e+03 -8.243673e-02 9.380194e+01 1.163334e-01 4.693181e-03 -2.159608e-05 -2.149440e-03
105.000 195.000 4.202916e+03 4.317980e+03 -1.350380e-02 9.230028e+01 4.218184e+03 4.296294e+03 -9.173711e-03 9.227005e+01 -7.859183e-02 4.750608e-03 -3.317796e-05 7.051770e-04
105.000 225.000 4.466286e+03 3.516484e+03 1.189814e-01 8.871168e+01 4.473077e+03 3.509390e+03 1.207255e-01 8.869118e+01 -2.524585e-01 4.690067e-03 -1.390306e-05 4.187046e-03
105.000 255.000 4.612796e+03 3.373327e+03 1.552029e-01 8.828224e+01 4.633073e+03 3.351546e+03 1.604995e-01 8.819827e+01 -3.586791e-01 4.569775e-03 -4.244342e-05 5.820899e-03
105.000 285.000 5.223005e+03 3.276374e+03 2.290322e-01 8.974150e+01 5.231437e+03 3.272587e+03 2.303439e-01 8.973748e+01 -3.687919e-01 4.510047e-03 -1.033545e-05 6.661624e-03
105.000 315.000 4.475163e+03 3.633833e+03 1.037527e-01 8.956397e+01 4.472425e+03 3.632436e+03 1.036401e-01 8.954219e+01 -2.800873e-01 4.572972e-03 8.887051e-07 4.285651e-03
105.000 345.000 3.544588e+03 4.068041e+03 -6.876123e-02 8.704387e+01 3.532419e+03 4.076017e+03 -7.144677e-02 8.700344e+01 -1.163335e-01 4.693181e-03 2.182131e-05 5.465316e-04
135.000 15.000 3.891365e+03 5.020403e+03 -1.266906e-01 9.364150e+01 3.955042e+03 4.948111e+03 -1.115413e-01 9.376772e+01 2.591005e-02 4.425256e-03 -1.143189e-04 -1.629627e-03
135.000 45.000 3.864731e+03 5.251220e+03 -1.520948e-01 9.436670e+01 3.905575e+03 5.193053e+03 -1.415024e-01 9.442694e+01 1.830173e-01 4.197625e-03 -7.934549e-05 -3.551170e-03
135.000 75.000 3.811213e+03 5.135370e+03 -1.480070e-01 9.354463e+01 3.830029e+03 5.111597e+03 -1.433261e-01 9.358388e+01 2.910853e-01 4.414926e-03 -3.537587e-05 -4.693934e-03
135.000 105.000 4.043896e+03 4.646902e+03 -6.938444e-02 9.299978e+01 4.020839e+03 4.660150e+03 -7.364504e-02 9.291882e+01 3.211572e-01 4.829691e-03 3.240873e-05 -4.199382e-03
135.000 135.000 4.459511e+03 4.806034e+03 -3.739916e-02 9.619036e+01 4.384577e+03 4.846385e+03 -5.002810e-02 9.595759e+01 2.651752e-01 5.028791e-03 9.294927e-05 -3.145579e-03
135.000 165.000 4.218355e+03 4.864725e+03 -7.116196e-02 9.506358e+01 4.146095e+03 4.942621e+03 -8.763906e-02 9.496794e+01 1.381398e-01 4.839135e-03 1.226225e-04 -2.201703e-03
135.000 195.000 5.168754e+03 4.534820e+03 6.532996e-02 9.829628e+01 5.090087e+03 4.609915e+03 4.950228e-02 9.836784e+01 -2.591004e-02 4.425256e-03 1.138170e-04 9.282141e-04
135.000 225.000 4.569981e+03 3.721144e+03 1.023790e-01 9.057716e+01 4.529409e+03 3.768615e+03 9.168380e-02 9.070982e+01 -1.830173e-01 4.197625e-03 8.343261e-05 3.150864e-03
135.000 255.000 4.805341e+03 3.766055e+03 1.212505e-01 9.189876e+01 4.782361e+03 3.794804e+03 1.151379e-01 9.199706e+01 -2.910853e-01 4.414926e-03 4.700811e-05 4.486848e-03
135.000 285.000 5.817791e+03 3.646893e+03 2.293682e-01 9.469292e+01 5.828694e+03 3.624417e+03 2.331800e-01 9.454691e+01 -3.211572e-01 4.829691e-03 -2.848589e-05 5.813797e-03
135.000 315.000 4.989853e+03 4.470777e+03 5.486700e-02 9.711925e+01 5.049952e+03 4.407194e+03 6.796533e-02 9.702299e+01 -2.651752e-01 5.028791e-03 -9.541366e-05 3.295353e-03
135.000 345.000 4.956674e+03 4.044971e+03 1.012818e-01 9.438913e+01 5.032723e+03 3.974760e+03 1.174538e-01 9.425084e+01 -1.381398e-01 4.839135e-03 -1.212397e-04 2.536539e-03
165.000 15.000 2.422281e+03 3.401704e+03 -1.681707e-01 7.522815e+01 2.454115e+03 3.357318e+03 -1.554182e-01 7.530643e+01 2.879896e-02 3.662800e-03 -1.198047e-04 -2.618297e-03
165.000 45.000 3.076581e+03 3.035243e+03 6.763583e-03 7.817637e+01 3.136097e+03 2.993553e+03 2.325473e-02 7.827091e+01 1.459279e-01 5.436431e-03 -1.490726e-04 -1.780133e-03
165.000 75.000 2.366808e+03 3.565324e+03 -2.020379e-01 7.543200e+01 2.386397e+03 3.548516e+03 -1.958105e-01 7.554706e+01 2.239557e-01 6.131320e-03 -5.833176e-05 -5.647386e-03
165.000 105.000 2.918666e+03 2.735813e+03 3.233768e-02 7.515694e+01 2.937531e+03 2.739542e+03 3.487518e-02 7.530052e+01 2.419746e-01 5.430718e-03 -2.385104e-05 -2.789323e-03
165.000 135.000 2.843862e+03 3.114841e+03 -4.547610e-02 7.711277e+01 2.830173e+03 3.121479e+03 -4.894548e-02 7.705448e+01 1.951567e-01 3.654314e-03 3.182542e-05 -3.120531e-03
165.000 165.000 2.976837e+03 3.160231e+03 -2.988291e-02 7.830446e+01 2.947327e+03 3.191672e+03 -3.980211e-02 7.828967e+01 9.604670e-02 2.305583e-03 8.958102e-05 -1.608205e-03
165.000 195.000 3.031986e+03 2.408985e+03 1.145018e-01 7.327780e+01 2.995547e+03 2.450119e+03 1.001581e-01 7.342368e+01 -2.879895e-02 3.662799e-03 1.382736e-04 1.955581e-03
165.000 225.000 3.154095e+03 2.741173e+03 7.004302e-02 7.659207e+01 3.121595e+03 2.779859e+03 5.790716e-02 7.669201e+01 -1.459279e-01 5.436431e-03 1.119666e-04 2.819756e-03
165.000 255.000 3.021576e+03 2.654437e+03 6.468254e-02 7.518155e+01 3.004037e+03 2.703957e+03 5.257177e-02 7.544679e+01 -2.239557e-01 6.131320e-03 1.137049e-04 3.839216e-03
165.000 285.000 3.190308e+03 2.563273e+03 1.089817e-01 7.540056e+01 3.181469e+03 2.571358e+03 1.060541e-01 7.541964e+01 -2.419746e-01 5.430718e-03 2.745171e-05 4.654559e-03
165.000 315.000 3.042015e+03 2.866208e+03 2.975637e-02 7.683093e+01 3.058141e+03 2.842731e+03 3.650482e-02 7.676593e+01 -1.951567e-01 3.654315e-03 -6.213504e-05 2.927377e-03
165.000 345.000 3.179132e+03 2.746022e+03 7.309679e-02 7.676910e+01 3.211287e+03 2.710882e+03 8.449697e-02 7.668042e+01 -9.604671e-02 2.305583e-03 -1.050658e-04 2.203276e-03
195.000 15.000 2.944113e+03 2.920279e+03 4.064202e-03 7.657869e+01 2.912280e+03 2.953311e+03 -6.995043e-03 7.658527e+01 9.604667e-02 2.305583e-03 1.021137e-04 -1.201150e-03
195.000 45.000 2.873561e+03 3.091558e+03 -3.654528e-02 7.718259e+01 2.860417e+03 3.102756e+03 -4.063919e-02 7.715779e+01 1.951567e-01 3.654314e-03 3.751230e-05 -3.001998e-03
195.000 75.000 2.316139e+03 2.889830e+03 -1.101988e-01 7.171296e+01 2.316318e+03 2.893937e+03 -1.108620e-01 7.173715e+01 2.419746e-01 5.430718e-03 6.538913e-06 -4.910875e-03
195.000 105.000 2.385306e+03 3.444201e+03 -1.816441e-01 7.508105e+01 2.408535e+03 3.418046e+03 -1.732596e-01 7.517761e+01 2.239557e-01 6.131320e-03 -7.891384e-05 -5.402158e-03
195.000 135.000 2.679985e+03 3.462733e+03 -1.274270e-01 7.773657e+01 2.722031e+03 3.425055e+03 -1.143671e-01 7.788891e+01 1.459280e-01 5.436431e-03 -1.186794e-04 -3.516427e-03
195.000 165.000 3.013710e+03 2.511158e+03 9.096176e-02 7.402131e+01 3.054099e+03 2.480218e+03 1.036949e-01 7.399195e+01 2.879898e-02 3.662799e-03 -1.216609e-04 8.397957e-04
195.000 195.000 3.236952e+03 2.724616e+03 8.593986e-02 7.692554e+01 3.270837e+03 2.695695e+03 9.639467e-02 7.688363e+01 -9.604666e-02 2.305583e-03 -9.612774e-05 2.365749e-03
195.000 225.000 3.307238e+03 2.653839e+03 1.096108e-01 7.674280e+01 3.324564e+03 2.636976e+03 1.153373e-01 7.669573e+01 -1.951567e-01 3.654314e-03 -5.277995e-05 3.971285e-03
195.000 255.000 3.262962e+03 2.542097e+03 1.241787e-01 7.560121e+01 3.255824e+03 2.556685e+03 1.202818e-01 7.568630e+01 -2.419746e-01 5.430718e-03 3.642799e-05 4.843221e-03
195.000 285.000 3.484958e+03 2.837008e+03 1.024919e-01 7.909208e+01 3.458584e+03 2.880864e+03 9.113100e-02 7.928934e+01 -2.239557e-01 6.131320e-03 1.014432e-04 4.127437e-03
195.000 315.000 3.196086e+03 2.912391e+03 4.644286e-02 7.807241e+01 3.167570e+03 2.955782e+03 3.458693e-02 7.820503e+01 -1.459280e-01 5.436431e-03 1.072888e-04 2.464005e-03
195.000 345.000 3.084176e+03 2.878163e+03 3.455236e-02 7.717008e+01 3.040538e+03 2.921546e+03 1.995801e-02 7.719915e+01 -2.879899e-02 3.662799e-03 1.337023e-04 8.209315e-04
225.000 15.000 4.672432e+03 4.654463e+03 1.926573e-03 9.657567e+01 4.595819e+03 4.726109e+03 -1.397678e-02 9.654070e+01 1.381398e-01 4.839135e-03 1.164621e-04 -1.410430e-03
225.000 45.000 4.773710e+03 5.030865e+03 -2.622807e-02 9.898399e+01 4.719809e+03 5.091637e+03 -3.789745e-02 9.898159e+01 2.651752e-01 5.028791e-03 8.336295e-05 -2.943944e-03
225.000 75.000 3.710228e+03 6.108020e+03 -2.442179e-01 9.608676e+01 3.685883e+03 6.163338e+03 -2.515382e-01 9.605231e+01 3.211571e-01 4.829691e-03 5.387983e-05 -5.884006e-03
225.000 105.000 4.612690e+03 5.581383e+03 -9.502516e-02 1.005088e+02 4.640330e+03 5.567289e+03 -9.081054e-02 1.006153e+02 2.910853e-01 4.414926e-03 -2.963531e-05 -3.841558e-03
225.000 135.000 3.521322e+03 5.088493e+03 -1.820215e-01 9.123900e+01 3.565428e+03 5.047329e+03 -1.720589e-01 9.142091e+01 1.830173e-01 4.197626e-03 -7.713395e-05 -4.000908e-03
225.000 165.000 4.334623e+03 4.330495e+03 4.764602e-04 9.308661e+01 4.408785e+03 4.258858e+03 1.729737e-02 9.308625e+01 2.591006e-02 4.425256e-03 -1.277756e-04 -2.732252e-04
225.000 195.000 4.111087e+03 4.349136e+03 -2.813753e-02 9.194305e+01 4.173870e+03 4.278678e+03 -1.239955e-02 9.193067e+01 -1.381398e-01 4.839135e-03 -1.210443e-04 1.196417e-03
225.000 225.000 5.462622e+03 3.746778e+03 1.863144e-01 9.428528e+01 5.527937e+03 3.692438e+03 1.990699e-01 9.410091e+01 -2.651752e-01 5.028791e-03 -9.575583e-05 4.788548e-03
225.000 255.000 5.036547e+03 3.468939e+03 1.843054e-01 9.064528e+01 5.060113e+03 3.447753e+03 1.895141e-01 9.056656e+01 -3.211571e-01 4.829691e-03 -4.064926e-05 5.576270e-03
225.000 285.000 5.392964e+03 4.724984e+03 6.601930e-02 1.003686e+02 5.398560e+03 4.753366e+03 6.355381e-02 1.005531e+02 -2.910853e-01 4.414926e-03 1.735364e-05 3.557933e-03
225.000 315.000 4.774194e+03 3.809155e+03 1.124315e-01 9.205894e+01 4.710654e+03 3.854079e+03 1.000119e-01 9.208184e+01 -1.830174e-01 4.197626e-03 9.538360e-05 3.209344e-03
225.000 345.000 4.384263e+03 4.320303e+03 7.347900e-03 9.329575e+01 4.316931e+03 4.386681e+03 -8.014007e-03 9.329015e+01 -2.591008e-02 4.425256e-03 1.164344e-04 3.564791e-04
255.000 15.000 3.424069e+03 4.907632e+03 -1.780623e-01 8.981945e+01 3.435257e+03 4.898548e+03 -1.755849e-01 8.987143e+01 1.163334e-01 4.693181e-03 -1.949805e-05 -3.277639e-03
255.000 45.000 3.720606e+03 5.241687e+03 -1.697200e-01 9.329596e+01 3.724656e+03 5.237760e+03 -1.688277e-01 9.331110e+01 2.800872e-01 4.572972e-03 -6.762264e-06 -4.821294e-03
255.000 75.000 2.979801e+03 5.208081e+03 -2.721436e-01 8.707164e+01 2.972859e+03 5.208535e+03 -2.732634e-01 8.700842e+01 3.687919e-01 4.510047e-03 9.097340e-06 -7.361013e-03
255.000 105.000 3.908181e+03 5.746744e+03 -1.904275e-01 9.646145e+01 3.888250e+03 5.764093e+03 -1.943406e-01 9.637319e+01 3.586791e-01 4.569775e-03 2.869824e-05 -5.692498e-03
255.000 135.000 4.385955e+03 4.519435e+03 -1.498865e-02 9.435777e+01 4.361810e+03 4.523067e+03 -1.814952e-02 9.424410e+01 2.524585e-01 4.690066e-03 2.370148e-05 -2.834394e-03
255.000 165.000 4.015560e+03 4.356111e+03 -4.067888e-02 9.142110e+01 3.995596e+03 4.375095e+03 -4.533671e-02 9.139740e+01 7.859186e-02 4.750608e-03 3.603118e-05 -1.304630e-03
255.000 195.000 3.959875e+03 4.176046e+03 -2.656990e-02 9.016750e+01 3.948566e+03 4.188577e+03 -2.949577e-02 9.016687e+01 -1.163334e-01 4.693181e-03 2.294521e-05 9.955195e-04
255.000 225.000 4.911110e+03 3.430569e+03 1.774872e-01 8.988271e+01 4.908483e+03 3.440273e+03 1.758597e-01 8.994752e+01 -2.800872e-01 4.572972e-03 1.279868e-05 5.090794e-03
255.000 255.000 5.239284e+03 2.949054e+03 2.796942e-01 8.687793e+01 5.240389e+03 2.933759e+03 2.821859e-01 8.673667e+01 -3.687919e-01 4.510047e-03 -2.029689e-05 7.464337e-03
255.000 285.000 5.026829e+03 3.510564e+03 1.776028e-01 9.092909e+01 5.036063e+03 3.503863e+03 1.794160e-01 9.091218e+01 -3.586791e-01 4.569775e-03 -1.410168e-05 5.897803e-03
255.000 315.000 5.551799e+03 3.579745e+03 2.159606e-01 9.330411e+01 5.567847e+03 3.561485e+03 2.197709e-01 9.321155e+01 -2.524585e-01 4.690066e-03 -2.889077e-05 5.020348e-03
255.000 345.000 3.802432e+03 3.788855e+03 1.788447e-03 8.712785e+01 3.816335e+03 3.771631e+03 5.891401e-03 8.710742e+01 -7.859188e-02 4.750608e-03 -3.330240e-05 9.225561e-04
285.000 15.000 2.788152e+03 2.312328e+03 9.329010e-02 7.110619e+01 2.839945e+03 2.280511e+03 1.092548e-01 7.112900e+01 9.485832e-02 4.750608e-03 -1.587339e-04 -2.205469e-05
285.000 45.000 2.154676e+03 3.725499e+03 -2.671389e-01 7.389551e+01 2.203196e+03 3.662891e+03 -2.488363e-01 7.418128e+01 2.703307e-01 4.690067e-03 -1.748000e-04 -7.273373e-03
285.000 75.000 2.172312e+03 2.832142e+03 -1.318486e-01 7.012458e+01 2.223331e+03 2.790164e+03 -1.130615e-01 7.035203e+01 3.733681e-01 4.569775e-03 -1.891348e-04 -7.204560e-03
285.000 105.000 1.887392e+03 3.186032e+03 -2.559690e-01 6.885501e+01 1.912430e+03 3.158929e+03 -2.457919e-01 6.902884e+01 3.763619e-01 4.510047e-03 -1.043820e-04 -9.183513e-03
285.000 135.000 2.252641e+03 2.999217e+03 -1.421547e-01 7.173373e+01 2.256260e+03 2.994133e+03 -1.405368e-01 7.174047e+01 2.785098e-01 4.572972e-03 -1.594752e-05 -5.864250e-03
285.000 165.000 2.410336e+03 2.311333e+03 2.096768e-02 6.869930e+01 2.391724e+03 2.331429e+03 1.276580e-02 6.871960e+01 1.060313e-01 4.693182e-03 8.440774e-05 -1.238201e-03
285.000 195.000 2.585492e+03 1.846212e+03 1.668162e-01 6.563826e+01 2.543806e+03 1.878492e+03 1.504454e-01 6.574347e+01 -9.485830e-02 4.750608e-03 1.762174e-04 3.986616e-03
285.000 225.000 2.689232e+03 2.475827e+03 4.131707e-02 7.180698e+01 2.644162e+03 2.528540e+03 2.235244e-02 7.190353e+01 -2.703307e-01 4.690067e-03 1.866254e-04 4.340076e-03
285.000 255.000 2.962158e+03 2.438252e+03 9.701216e-02 7.314085e+01 2.917411e+03 2.494936e+03 7.805769e-02 7.334419e+01 -3.733681e-01 4.569775e-03 1.829923e-04 6.431157e-03
285.000 285.000 3.046657e+03 2.161552e+03 1.699442e-01 7.111815e+01 3.018939e+03 2.193728e+03 1.583087e-01 7.128835e+01 -3.763619e-01 4.510047e-03 1.155502e-04 7.681670e-03
285.000 315.000 3.378662e+03 2.416341e+03 1.660605e-01 7.506797e+01 3.380739e+03 2.423933e+03 1.648338e-01 7.514625e+01 -2.785098e-01 4.572972e-03 1.154896e-05 5.922237e-03
285.000 345.000 2.810614e+03 3.283900e+03 -7.765767e-02 7.783161e+01 2.832945e+03 3.254774e+03 -6.929177e-02 7.783630e+01 -1.060313e-01 4.693182e-03 -7.600261e-05 3.645512e-04
315.000 15.000 1.501070e+03 1.725362e+03 -6.951689e-02 5.666428e+01 1.511629e+03 1.714849e+03 -6.298505e-02 5.668932e+01 1.117322e-01 4.425255e-03 -8.149216e-05 -3.198649e-03
315.000 45.000 1.200598e+03 2.169933e+03 -2.875915e-01 5.560358e+01 1.222710e+03 2.141174e+03 -2.730368e-01 5.579525e+01 2.908573e-01 4.197625e-03 -1.847720e-04 -1.040309e-02
315.000 75.000 8.799925e+02 1.979059e+03 -3.844164e-01 4.936144e+01 9.006154e+02 1.949931e+03 -3.681103e-01 4.964154e+01 3.920475e-01 4.414926e-03 -2.329246e-04 -1.573017e-02
315.000 105.000 1.159467e+03 1.421388e+03 -1.014859e-01 5.053982e+01 1.186007e+03 1.400392e+03 -8.288917e-02 5.068165e+01 3.881888e-01 4.829691e-03 -2.598228e-04 -9.688887e-03
315.000 135.000 1.322535e+03 1.849586e+03 -1.661512e-01 5.553873e+01 1.342089e+03 1.830841e+03 -1.540382e-01 5.565647e+01 2.803152e-01 5.028791e-03 -1.540566e-04 -8.038830e-03
315.000 165.000 1.491738e+03 1.531165e+03 -1.304266e-02 5.497626e+01 1.496700e+03 1.527305e+03 -1.012055e-02 5.498813e+01 9.733146e-02 4.839135e-03 -3.758019e-05 -2.007669e-03
315.000 195.000 1.490316e+03 1.628637e+03 -4.434831e-02 5.579264e+01 1.479804e+03 1.639209e+03 -5.110777e-02 5.577514e+01 -1.117322e-01 4.425255e-03 8.568174e-05 1.207756e-03
315.000 225.000 1.664247e+03 1.226652e+03 1.513697e-01 5.314753e+01 1.643187e+03 1.247486e+03 1.368886e-01 5.325886e+01 -2.908573e-01 4.197625e-03 1.924631e-04 8.320744e-03
315.000 255.000 2.060337e+03 1.509348e+03 1.543523e-01 5.903082e+01 2.027527e+03 1.546349e+03 1.346374e-01 5.923758e+01 -3.920474e-01 4.414926e-03 2.357438e-04 9.256178e-03
315.000 285.000 1.949156e+03 1.339646e+03 1.853288e-01 5.635461e+01 1.921480e+03 1.368579e+03 1.680522e-01 5.654328e+01 -3.881888e-01 4.829691e-03 2.164145e-04 1.017694e-02
315.000 315.000 1.815160e+03 9.603552e+02 3.079805e-01 5.012237e+01 1.795551e+03 9.748422e+02 2.962428e-01 5.027190e+01 -2.803153e-01 5.028791e-03 1.653445e-04 1.173719e-02
315.000 345.000 2.032255e+03 1.621516e+03 1.124150e-01 6.006329e+01 2.028134e+03 1.626020e+03 1.100431e-01 6.008248e+01 -9.733148e-02 4.839135e-03 2.792002e-05 3.492092e-03
345.000 15.000 8.735800e+02 1.093929e+03 -1.119939e-01 4.407756e+01 8.735791e+02 1.094550e+03 -1.122747e-01 4.408310e+01 1.219499e-01 3.662800e-03 4.504976e-06 -5.307549e-03
345.000 45.000 8.303225e+02 1.619005e+03 -3.219996e-01 4.685480e+01 8.315557e+02 1.614549e+03 -3.200982e-01 4.685584e+01 3.148401e-01 5.436431e-03 -2.869458e-05 -1.359177e-02
345.000 75.000 1.001230e+03 1.534532e+03 -2.103124e-01 4.923009e+01 1.007957e+03 1.527049e+03 -2.047696e-01 4.928196e+01 4.233692e-01 6.131320e-03 -7.957072e-05 -1.287183e-02
345.000 105.000 1.356377e+03 1.605631e+03 -8.415043e-02 5.423130e+01 1.362283e+03 1.594440e+03 -7.851811e-02 5.420788e+01 4.184568e-01 5.430718e-03 -7.345405e-05 -9.267845e-03
345.000 135.000 6.812080e+02 1.041635e+03 -2.092049e-01 4.058867e+01 6.870016e+02 1.035735e+03 -2.024297e-01 4.064655e+01 3.014193e-01 3.654314e-03 -1.179486e-04 -1.258046e-02
345.000 165.000 1.033244e+03 1.263026e+03 -1.000677e-01 4.767889e+01 1.038907e+03 1.257727e+03 -9.527849e-02 4.770519e+01 1.036167e-01 2.305584e-03 -7.100704e-05 -4.272004e-03
345.000 195.000 9.487662e+02 1.211100e+03 -1.214585e-01 4.613029e+01 9.499588e+02 1.209716e+03 -1.202762e-01 4.613494e+01 -1.219499e-01 3.662800e-03 -1.812142e-05 1.065307e-05
345.000 225.000 1.571178e+03 9.227588e+02 2.599984e-01 4.822187e+01 1.569124e+03 9.271596e+02 2.571682e-01 4.828241e+01 -3.148401e-01 5.436431e-03 4.147544e-05 1.192070e-02
345.000 255.000 1.517547e+03 1.163550e+03 1.320343e-01 5.132600e+01 1.510949e+03 1.174226e+03 1.254006e-01 5.140963e+01 -4.233692e-01 6.131320e-03 9.131733e-05 1.082109e-02
345.000 285.000 1.872233e+03 1.237137e+03 2.042525e-01 5.458617e+01 1.859759e+03 1.248644e+03 1.966008e-01 5.466496e+01 -4.184568e-01 5.430718e-03 9.904760e-05 1.140782e-02
345.000 315.000 1.507026e+03 1.221747e+03 1.045447e-01 5.195141e+01 1.498198e+03 1.230565e+03 9.807850e-02 5.198570e+01 -3.014193e-01 3.654315e-03 8.798129e-05 7.814301e-03
345.000 345.000 1.282724e+03 1.416930e+03 -4.971233e-02 5.189396e+01 1.276739e+03 1.423665e+03 -5.440867e-02 5.188844e+01 -1.036167e-01 2.305584e-03 6.399580e-05 1.038741e-03
