  #t  #Q2   A1M1_AVG      A_1M1     dA_1M1   A0P1_AVG      A_0P1     dA_0P1   A2M1_AVG      A_2M1     dA_2M1   A3M1_AVG      A_3M1     dA_3M1   A1P1_AVG      A_1P1     dA_1P1       Asym      Astat          t         tp         xb         Q2          W     Dilute
   7    0 -9.683e-02  3.090e-03 1.4902e-02  3.757e-01  4.832e-01 1.4132e-02 -1.926e-02 -6.104e-02 1.4358e-02 -1.962e-03  3.583e-02 1.3925e-02  3.852e-02  4.164e-02 1.3955e-02 4.1723e-02 1.1889e-02 4.4927e-01 7.9742e-02 4.4158e-01 5.3781e+00 2.7684e+00 6.7771e-01
   Phi   PhiS      N_U_avg      N_D_avg     Asym_avg    dAsym_avg      N_U_fit      N_D_fit     Asym_fit    dAsym_fit     Asym_cal    dAsym_cal     GOOD_fit     GOOD_cal
15.000 15.000 8.811685e+01 7.076657e+01 1.092013e-01 1.252952e+01 8.732501e+01 7.178160e+01 9.769176e-02 1.255341e+01 1.479980e-01 1.115122e-02 6.489275e-04 -3.096424e-03
15.000 45.000 7.205220e+01 5.621516e+01 1.234690e-01 1.123886e+01 7.066156e+01 5.678524e+01 1.088793e-01 1.122212e+01 3.919886e-01 1.775500e-02 9.186108e-04 -2.389204e-02
15.000 75.000 2.973787e+01 0.000000e+00 1.000000e+00 2.000000e+00 2.899115e+01 0.000000e+00 1.000000e+00 2.000000e+00 5.309461e-01 2.644205e-02 0.000000e+00 2.345064e-01
15.000 105.000 2.330322e+01 0.000000e+00 1.000000e+00 2.000000e+00 2.316050e+01 0.000000e+00 1.000000e+00 2.000000e+00 5.276371e-01 2.987027e-02 0.000000e+00 2.361551e-01
15.000 135.000 4.083600e+01 7.721860e+01 -3.081845e-01 1.033644e+01 4.092544e+01 7.734565e+01 -3.079383e-01 1.034678e+01 3.829481e-01 2.648287e-02 -1.683114e-05 -6.686346e-02
15.000 165.000 4.513610e+01 4.901505e+01 -4.119917e-02 9.694913e+00 4.569708e+01 4.868080e+01 -3.161470e-02 9.709972e+00 1.356485e-01 1.781575e-02 -6.985091e-04 -1.824125e-02
15.000 195.000 4.848490e+01 4.096308e+01 8.409158e-02 9.424195e+00 4.924186e+01 4.011289e+01 1.021655e-01 9.403302e+00 -1.479980e-01 1.115122e-02 -1.357608e-03 2.462698e-02
15.000 225.000 1.548279e+01 0.000000e+00 1.000000e+00 2.000000e+00 1.557843e+01 0.000000e+00 1.000000e+00 2.000000e+00 -3.919886e-01 1.775500e-02 0.000000e+00 6.959669e-01
15.000 255.000 2.397063e+01 3.044662e+01 -1.190062e-01 7.324382e+00 2.402146e+01 3.005983e+01 -1.116536e-01 7.308015e+00 -5.309461e-01 2.644205e-02 -7.106232e-04 5.624191e-02
15.000 285.000 7.115359e+01 4.547546e+01 2.201693e-01 1.053449e+01 7.157056e+01 4.496647e+01 2.282887e-01 1.051017e+01 -5.276371e-01 2.987027e-02 -5.456328e-04 7.098619e-02
15.000 315.000 6.633553e+01 5.551908e+01 8.876516e-02 1.099520e+01 6.614550e+01 5.560311e+01 8.659150e-02 1.099253e+01 -3.829481e-01 2.648288e-02 1.398065e-04 4.290161e-02
15.000 345.000 7.343395e+01 6.862683e+01 3.383846e-02 1.191210e+01 7.313509e+01 6.996645e+01 2.214263e-02 1.195957e+01 -1.356485e-01 1.781575e-02 6.928869e-04 1.422812e-02
45.000 15.000 7.986660e+01 5.161315e+01 2.148883e-01 1.119859e+01 7.768424e+01 5.311513e+01 1.878382e-01 1.123318e+01 1.347372e-01 2.351008e-02 1.705374e-03 7.157227e-03
45.000 45.000 2.557445e+01 6.353215e+01 -4.259808e-01 8.540336e+00 2.464219e+01 6.517608e+01 -4.512878e-01 8.457294e+00 3.759822e-01 2.432243e-02 2.105534e-03 -9.390260e-02
45.000 75.000 7.748613e+01 9.824691e+01 -1.181382e-01 1.316360e+01 7.434536e+01 1.004581e+02 -1.493832e-01 1.307297e+01 5.164830e-01 2.339119e-02 1.684170e-03 -4.821023e-02
45.000 105.000 3.580840e+01 3.669667e+01 -1.225115e-02 8.514352e+00 3.494447e+01 3.753153e+01 -3.569538e-02 8.507859e+00 5.185927e-01 2.153738e-02 1.947758e-03 -6.234674e-02
45.000 135.000 6.946240e+01 6.185695e+01 5.791569e-02 1.144023e+01 6.919986e+01 6.165126e+01 5.768844e-02 1.141997e+01 3.817458e-01 2.061559e-02 1.405876e-05 -2.830621e-02
45.000 165.000 1.127205e+02 9.446410e+01 8.811668e-02 1.433792e+01 1.146993e+02 9.314112e+01 1.037246e-01 1.433891e+01 1.426105e-01 2.166645e-02 -7.697152e-04 -3.800673e-03
45.000 195.000 3.854005e+01 4.974175e+01 -1.268856e-01 9.319896e+00 4.000833e+01 4.780866e+01 -8.882486e-02 9.334031e+00 -1.347372e-01 2.351008e-02 -2.885508e-03 8.424493e-04
45.000 225.000 5.160484e+01 3.337529e+01 2.145155e-01 9.003866e+00 5.341603e+01 3.171500e+01 2.549133e-01 8.921836e+00 -3.759822e-01 2.432243e-02 -3.187071e-03 6.558244e-02
45.000 255.000 8.989588e+01 4.191526e+01 3.640103e-01 1.069326e+01 9.222460e+01 4.059543e+01 3.887152e-01 1.061843e+01 -5.164830e-01 2.339119e-02 -1.639373e-03 8.234081e-02
45.000 285.000 9.436732e+01 3.855478e+01 4.198891e-01 1.046360e+01 9.615942e+01 3.749952e+01 4.388775e-01 1.038819e+01 -5.185927e-01 2.153738e-02 -1.287826e-03 8.968991e-02
45.000 315.000 1.162416e+02 3.226609e+01 5.654625e-01 1.005100e+01 1.166721e+02 3.192547e+01 5.703096e-01 1.001328e+01 -3.817458e-01 2.061559e-02 -3.416414e-04 9.423997e-02
45.000 345.000 7.565058e+01 3.106368e+01 4.178158e-01 9.385369e+00 7.420275e+01 3.152055e+01 4.037161e-01 9.407008e+00 -1.426105e-01 2.166645e-02 1.061065e-03 5.971260e-02
75.000 15.000 6.040934e+01 7.311435e+01 -9.515176e-02 1.150282e+01 5.894042e+01 7.510352e+01 -1.205806e-01 1.149326e+01 1.083006e-01 2.293959e-02 1.563826e-03 -1.768714e-02
75.000 45.000 5.981213e+01 3.876699e+01 2.134847e-01 9.699810e+00 5.720699e+01 4.022423e+01 1.743051e-01 9.719622e+00 3.203202e-01 2.222101e-02 2.853242e-03 -1.101416e-02
75.000 75.000 8.201829e+01 1.455201e+02 -2.790818e-01 1.448503e+01 7.895123e+01 1.499144e+02 -3.100649e-01 1.438271e+01 4.465102e-01 2.181375e-02 1.517832e-03 -5.009248e-02
75.000 105.000 7.603317e+01 6.663109e+01 6.590359e-02 1.191825e+01 7.376158e+01 6.881248e+01 3.471248e-02 1.193324e+01 4.530583e-01 2.214403e-02 1.849398e-03 -3.248414e-02
75.000 135.000 8.837350e+01 8.377129e+01 2.673455e-02 1.311571e+01 8.811038e+01 8.418827e+01 2.276343e-02 1.312286e+01 3.382097e-01 2.286503e-02 2.140366e-04 -2.374822e-02
75.000 165.000 6.432805e+01 4.700056e+01 1.556428e-01 1.042265e+01 6.541465e+01 4.644206e+01 1.696152e-01 1.042299e+01 1.327381e-01 2.325389e-02 -9.479177e-04 2.197583e-03
75.000 195.000 1.089496e+02 4.606624e+01 4.056577e-01 1.138010e+01 1.117041e+02 4.499416e+01 4.257223e-01 1.132689e+01 -1.083006e-01 2.293959e-02 -1.249640e-03 4.516280e-02
75.000 225.000 4.589763e+01 8.678616e+01 -3.081652e-01 1.095826e+01 4.762987e+01 8.325345e+01 -2.721781e-01 1.100851e+01 -3.203202e-01 2.222101e-02 -2.316831e-03 1.109204e-03
75.000 255.000 1.841449e+02 1.257574e+02 1.884063e-01 1.728878e+01 1.900579e+02 1.181911e+02 2.331453e-01 1.707318e+01 -4.465102e-01 2.181375e-02 -1.841256e-03 3.672418e-02
75.000 285.000 3.934544e+01 4.970635e+01 -1.163470e-01 9.372637e+00 3.993245e+01 4.772764e+01 -8.892524e-02 9.325604e+00 -4.530583e-01 2.214403e-02 -2.074000e-03 3.592482e-02
75.000 315.000 1.131306e+02 7.060288e+01 2.314644e-01 1.318673e+01 1.140351e+02 7.045048e+01 2.362496e-01 1.319806e+01 -3.382097e-01 2.286503e-02 -2.564866e-04 4.320049e-02
75.000 345.000 8.041300e+01 1.046207e+02 -1.308286e-01 1.348579e+01 7.904115e+01 1.058710e+02 -1.450952e-01 1.345434e+01 -1.327381e-01 2.325389e-02 7.489192e-04 1.415924e-04
105.000 15.000 3.710108e+01 1.310149e+01 4.780550e-01 6.223298e+00 3.475809e+01 1.368345e+01 4.350531e-01 6.266814e+00 1.489813e-01 2.325389e-02 4.868928e-03 5.287733e-02
105.000 45.000 4.610470e+01 7.685519e+01 -2.500856e-01 1.073637e+01 4.296933e+01 8.180969e+01 -3.112732e-01 1.061551e+01 3.135417e-01 2.286503e-02 4.052616e-03 -5.249689e-02
105.000 75.000 1.047829e+02 4.201699e+00 9.228937e-01 4.019806e+00 9.990601e+01 4.376322e+00 9.160678e-01 4.095199e+00 3.940889e-01 2.214403e-02 1.189509e-03 1.315479e-01
105.000 105.000 2.723688e+01 3.179405e+01 -7.719980e-02 7.660230e+00 2.690967e+01 3.283392e+01 -9.916126e-02 7.691302e+00 3.690403e-01 2.181375e-02 2.023129e-03 -5.825390e-02
105.000 135.000 1.343945e+01 7.203623e+01 -6.855375e-01 6.730928e+00 1.357273e+01 7.268815e+01 -6.853096e-01 6.763765e+00 2.451076e-01 2.222101e-02 -2.387383e-05 -1.382633e-01
105.000 165.000 5.532680e+01 6.451142e+01 -7.664187e-02 1.091487e+01 5.718643e+01 6.248460e+01 -4.427274e-02 1.092870e+01 5.549857e-02 2.293959e-02 -2.095668e-03 -1.210644e-02
105.000 195.000 7.748675e+01 4.009049e+01 3.180570e-01 1.028023e+01 8.182062e+01 3.862233e+01 3.586618e-01 1.024448e+01 -1.489813e-01 2.325389e-02 -2.797788e-03 4.543061e-02
105.000 225.000 1.095058e+02 1.028310e+02 3.143500e-02 1.456458e+01 1.175044e+02 9.586032e+01 1.014415e-01 1.453166e+01 -3.135417e-01 2.286503e-02 -3.402644e-03 2.368598e-02
105.000 255.000 4.177940e+01 8.886490e+01 -3.604099e-01 1.066181e+01 4.267340e+01 8.386040e+01 -3.255020e-01 1.063613e+01 -3.940889e-01 2.214403e-02 -2.317930e-03 3.158839e-03
105.000 285.000 7.041760e+01 2.578044e+01 4.640132e-01 8.688257e+00 7.219436e+01 2.539359e+01 4.795753e-01 8.668533e+00 -3.690403e-01 2.181375e-02 -1.267979e-03 9.588240e-02
105.000 315.000 3.704579e+01 8.604104e+01 -3.980544e-01 1.017763e+01 3.640825e+01 8.565630e+01 -4.034590e-01 1.010915e+01 -2.451076e-01 2.222101e-02 3.767630e-04 -1.502771e-02
105.000 345.000 3.730227e+01 6.145994e+01 -2.446044e-01 9.636033e+00 3.629734e+01 6.401500e+01 -2.763135e-01 9.625673e+00 -5.549859e-02 2.293959e-02 2.328119e-03 -1.962480e-02
135.000 15.000 5.712201e+01 3.995127e+01 1.768844e-01 9.697218e+00 5.178710e+01 4.420791e+01 7.895406e-02 9.767119e+00 2.254325e-01 2.166645e-02 7.115242e-03 -5.006386e-03
135.000 45.000 1.969378e+01 5.593560e+00 5.576000e-01 4.174333e+00 1.767039e+01 5.931337e+00 4.973811e-01 4.214611e+00 3.879258e-01 2.061559e-02 1.015162e-02 4.064653e-02
135.000 75.000 1.294512e+01 0.000000e+00 1.000000e+00 2.000000e+00 1.194864e+01 0.000000e+00 1.000000e+00 2.000000e+00 4.464747e-01 2.153738e-02 0.000000e+00 2.767466e-01
135.000 105.000 3.809068e+01 4.184386e+01 -4.695319e-02 8.930751e+00 3.695795e+01 4.509161e+01 -9.913113e-02 9.013504e+00 3.853911e-01 2.339119e-02 4.112178e-03 -4.841057e-02
135.000 135.000 5.111971e+01 2.858476e+01 2.827314e-01 8.563476e+00 5.059318e+01 2.798839e+01 2.876602e-01 8.489940e+00 2.210422e-01 2.432243e-02 -4.087318e-04 7.203724e-03
135.000 165.000 2.854874e+01 1.407729e+01 3.394980e-01 6.141091e+00 3.007654e+01 1.340843e+01 3.833074e-01 6.090645e+00 -2.534716e-03 2.351008e-02 -5.065131e-03 5.569535e-02
135.000 195.000 2.445092e+01 5.874973e+01 -4.122420e-01 8.310310e+00 2.665173e+01 5.201236e+01 -3.223914e-01 8.395716e+00 -2.254325e-01 2.166645e-02 -7.606016e-03 -2.247918e-02
135.000 225.000 0.000000e+00 0.000000e+00         -nan         -nan 0.000000e+00 0.000000e+00         -nan         -nan -3.879258e-01 2.061559e-02         -nan         -nan
135.000 255.000 0.000000e+00 3.561689e+01 -1.000000e+00 2.000000e+00 0.000000e+00 3.155660e+01 -1.000000e+00 2.000000e+00 -4.464747e-01 2.153738e-02 0.000000e+00 -2.767466e-01
135.000 285.000 3.207647e+01 2.032957e+01 2.241518e-01 7.054995e+00 3.344146e+01 1.849157e+01 2.878687e-01 6.901407e+00 -3.853911e-01 2.339119e-02 -6.456103e-03 8.639829e-02
135.000 315.000 0.000000e+00 0.000000e+00         -nan         -nan 0.000000e+00 0.000000e+00         -nan         -nan -2.210422e-01 2.432243e-02         -nan         -nan
135.000 345.000 2.685766e+01 1.730732e+01 2.162423e-01 6.488435e+00 2.563123e+01 1.835031e+01 1.655449e-01 6.540353e+00 2.534692e-03 2.351008e-02 5.502917e-03 3.293647e-02
165.000 15.000 4.554529e+01 9.876219e+00 6.435962e-01 5.697809e+00 4.416369e+01 1.008994e+01 6.280456e-01 5.731820e+00 2.007979e-01 1.781575e-02 1.924097e-03 7.771341e-02
165.000 45.000 0.000000e+00 4.988769e+01 -1.000000e+00 2.000000e+00 0.000000e+00 5.498035e+01 -1.000000e+00 2.000000e+00 4.183201e-01 2.648287e-02 0.000000e+00 -7.090979e-01
165.000 75.000 1.253754e+01 2.267790e+01 -2.879521e-01 5.682913e+00 1.063112e+01 2.531343e+01 -4.084713e-01 5.472408e+00 5.237539e-01 2.987027e-02 1.527607e-02 -1.428308e-01
165.000 105.000 0.000000e+00 5.905830e+01 -1.000000e+00 2.000000e+00 0.000000e+00 6.401973e+01 -1.000000e+00 2.000000e+00 4.888482e-01 2.644205e-02 0.000000e+00 -7.443590e-01
165.000 135.000 0.000000e+00 0.000000e+00         -nan         -nan 0.000000e+00 0.000000e+00         -nan         -nan 3.229560e-01 1.775501e-02         -nan         -nan
165.000 165.000 1.357438e+01 1.942469e+01 -1.772870e-01 5.653484e+00 1.393335e+01 1.899400e+01 -1.536913e-01 5.670059e+00 7.052806e-02 1.115122e-02 -2.946895e-03 -4.383396e-02
165.000 195.000 3.317541e+01 5.129859e+01 -2.145416e-01 8.976961e+00 3.599981e+01 4.701352e+01 -1.326740e-01 9.030620e+00 -2.007978e-01 1.781575e-02 -6.429382e-03 -1.530996e-03
165.000 225.000 6.141220e+01 0.000000e+00 1.000000e+00 2.000000e+00 6.798525e+01 0.000000e+00 1.000000e+00 2.000000e+00 -4.183201e-01 2.648287e-02 0.000000e+00 7.090979e-01
165.000 255.000 4.504744e+01 2.208043e+01 3.421382e-01 7.698700e+00 5.151080e+01 1.848524e+01 4.718203e-01 7.376579e+00 -5.237539e-01 2.987027e-02 -1.216271e-02 1.124717e-01
165.000 285.000 0.000000e+00 1.123093e+01 -1.000000e+00 2.000000e+00 0.000000e+00 1.037424e+01 -1.000000e+00 2.000000e+00 -4.888482e-01 2.644205e-02 0.000000e+00 -2.555536e-01
165.000 315.000 2.740964e+01 0.000000e+00 1.000000e+00 2.000000e+00 2.902318e+01 0.000000e+00 1.000000e+00 2.000000e+00 -3.229560e-01 1.775501e-02 0.000000e+00 6.614520e-01
165.000 345.000 0.000000e+00 1.272748e+01 -1.000000e+00 2.000000e+00 0.000000e+00 1.298361e+01 -1.000000e+00 2.000000e+00 -7.052809e-02 1.115122e-02 0.000000e+00 -4.647287e-01
195.000 15.000 4.139999e+01 7.049237e+00 7.090052e-01 4.908601e+00 4.109027e+01 7.310662e+00 6.979124e-01 4.982542e+00 7.052806e-02 1.115122e-02 1.585979e-03 1.300728e-01
195.000 45.000 2.067468e+01 0.000000e+00 1.000000e+00 2.000000e+00 1.807444e+01 0.000000e+00 1.000000e+00 2.000000e+00 3.229560e-01 1.775501e-02 0.000000e+00 3.385087e-01
195.000 75.000 1.289418e+01 0.000000e+00 1.000000e+00 2.000000e+00 1.145506e+01 0.000000e+00 1.000000e+00 2.000000e+00 4.888482e-01 2.644205e-02 0.000000e+00 2.555536e-01
195.000 105.000 1.567854e+01 6.160150e+01 -5.942408e-01 7.070414e+00 1.377926e+01 6.949231e+01 -6.690525e-01 6.782081e+00 5.237539e-01 2.987027e-02 7.635935e-03 -1.581215e-01
195.000 135.000 0.000000e+00 1.218807e+01 -1.000000e+00 2.000000e+00 0.000000e+00 1.334786e+01 -1.000000e+00 2.000000e+00 4.183201e-01 2.648287e-02 0.000000e+00 -7.090979e-01
195.000 165.000 1.677931e+01 2.801505e+01 -2.508295e-01 6.478897e+00 1.566977e+01 2.947880e+01 -3.058576e-01 6.397263e+00 2.007979e-01 1.781575e-02 6.043725e-03 -6.970718e-02
195.000 195.000 0.000000e+00 6.502744e+01 -1.000000e+00 2.000000e+00 0.000000e+00 6.324501e+01 -1.000000e+00 2.000000e+00 -7.052803e-02 1.115122e-02 0.000000e+00 -4.647288e-01
195.000 225.000 2.479534e+01 3.635326e+00 7.442673e-01 3.561174e+00 2.640525e+01 3.577341e+00 7.613722e-01 3.549937e+00 -3.229560e-01 1.775500e-02 -3.401711e-03 2.996793e-01
195.000 255.000 2.724119e+01 0.000000e+00 1.000000e+00 2.000000e+00 3.026013e+01 0.000000e+00 1.000000e+00 2.000000e+00 -4.888482e-01 2.644205e-02 0.000000e+00 7.443590e-01
195.000 285.000 2.190595e+01 4.119045e+00 6.834547e-01 3.724037e+00 2.393401e+01 3.741403e+00 7.296225e-01 3.597559e+00 -5.237539e-01 2.987027e-02 -8.916291e-03 3.241562e-01
195.000 315.000 4.840915e+01 0.000000e+00 1.000000e+00 2.000000e+00 5.302649e+01 0.000000e+00 1.000000e+00 2.000000e+00 -4.183202e-01 2.648288e-02 0.000000e+00 7.090979e-01
195.000 345.000 9.692832e+00 1.923210e+01 -3.297940e-01 5.077296e+00 9.913341e+00 1.811206e+01 -2.925460e-01 5.062302e+00 -2.007979e-01 1.781575e-02 -5.195131e-03 -2.540630e-02
225.000 15.000 3.442681e+01 1.257486e+01 4.649186e-01 6.069785e+00 3.608528e+01 1.171110e+01 5.099587e-01 5.946979e+00 -2.534740e-03 2.351008e-02 -5.300342e-03 7.701258e-02
225.000 45.000 3.558061e+01 9.898779e+00 5.646917e-01 5.565705e+00 3.416864e+01 9.668969e+00 5.588733e-01 5.490482e+00 2.210422e-01 2.432243e-02 7.442123e-04 6.174351e-02
225.000 75.000 1.846833e+01 4.968111e+01 -4.580049e-01 7.338517e+00 1.728693e+01 5.142794e+01 -4.968503e-01 7.193879e+00 3.853911e-01 2.339119e-02 3.780037e-03 -1.149267e-01
225.000 105.000 9.044739e+01 7.235458e+00 8.518582e-01 5.176687e+00 8.149911e+01 7.628760e+00 8.288131e-01 5.282343e+00 4.464747e-01 2.153738e-02 3.115865e-03 7.830877e-02
225.000 135.000 1.277702e+01 0.000000e+00 1.000000e+00 2.000000e+00 1.174573e+01 0.000000e+00 1.000000e+00 2.000000e+00 3.879258e-01 2.061559e-02 0.000000e+00 3.060208e-01
225.000 165.000 0.000000e+00 7.786524e+00 -1.000000e+00 2.000000e+00 0.000000e+00 8.320718e+00 -1.000000e+00 2.000000e+00 2.254325e-01 2.166645e-02 0.000000e+00 -6.126803e-01
225.000 195.000 0.000000e+00 5.259745e+01 -1.000000e+00 2.000000e+00 0.000000e+00 5.501944e+01 -1.000000e+00 2.000000e+00 2.534764e-03 2.351008e-02 0.000000e+00 -5.012328e-01
225.000 225.000 0.000000e+00 0.000000e+00         -nan         -nan 0.000000e+00 0.000000e+00         -nan         -nan -2.210422e-01 2.432243e-02         -nan         -nan
225.000 255.000 6.484358e+01 0.000000e+00 1.000000e+00 2.000000e+00 6.831721e+01 0.000000e+00 1.000000e+00 2.000000e+00 -3.853910e-01 2.339119e-02 0.000000e+00 6.926482e-01
225.000 285.000 3.268659e+01 4.884101e+01 -1.981467e-01 8.850234e+00 3.623623e+01 4.450574e+01 -1.024189e-01 8.938401e+00 -4.464747e-01 2.153738e-02 -7.610356e-03 2.805884e-02
225.000 315.000 4.033841e+01 0.000000e+00 1.000000e+00 2.000000e+00 4.378995e+01 0.000000e+00 1.000000e+00 2.000000e+00 -3.879258e-01 2.061559e-02 0.000000e+00 6.939260e-01
225.000 345.000 3.693350e+01 1.614030e+01 3.917789e-01 6.702795e+00 3.978792e+01 1.496540e+01 4.533518e-01 6.595452e+00 -2.254325e-01 2.166645e-02 -6.547807e-03 9.208222e-02
255.000 15.000 5.377858e+01 3.102598e+01 2.682946e-01 8.871311e+00 5.633062e+01 3.011962e+01 3.031918e-01 8.860207e+00 5.549853e-02 2.293959e-02 -2.783294e-03 2.398691e-02
255.000 45.000 3.637350e+01 6.631261e+01 -2.915595e-01 9.693145e+00 3.638949e+01 6.544234e+01 -2.853022e-01 9.671762e+00 2.451076e-01 2.222101e-02 -4.569700e-04 -5.536548e-02
255.000 75.000 3.456035e+01 2.165841e+01 2.294953e-01 7.297796e+00 3.300866e+01 2.184332e+01 2.035539e-01 7.251154e+00 3.690402e-01 2.181375e-02 2.521587e-03 -1.912143e-02
255.000 105.000 3.228756e+01 8.075836e+01 -4.287709e-01 9.605366e+00 3.123219e+01 8.458183e+01 -4.606493e-01 9.551887e+00 3.940889e-01 2.214403e-02 2.353292e-03 -8.566646e-02
255.000 135.000 5.963396e+01 9.812458e+01 -2.439843e-01 1.218062e+01 5.667998e+01 1.025159e+02 -2.879213e-01 1.208299e+01 3.135417e-01 2.286503e-02 2.560864e-03 -4.577150e-02
255.000 165.000 1.362539e+01 1.016270e+02 -7.635556e-01 6.932408e+00 1.327025e+01 1.076148e+02 -7.804483e-01 6.874155e+00 1.489813e-01 2.325388e-02 1.730316e-03 -1.316327e-01
255.000 195.000 2.916939e+01 8.532933e+01 -4.904853e-01 9.324864e+00 2.787689e+01 8.842532e+01 -5.206129e-01 9.207601e+00 -5.549851e-02 2.293959e-02 2.298995e-03 -4.664791e-02
255.000 225.000 8.777789e+01 6.377592e+01 1.583726e-01 1.215535e+01 8.733841e+01 6.424981e+01 1.523113e-01 1.216847e+01 -2.451076e-01 2.222101e-02 3.524122e-04 3.319357e-02
255.000 255.000 1.434426e+02 3.375596e+01 6.190042e-01 1.045476e+01 1.478442e+02 3.249594e+01 6.396150e-01 1.032287e+01 -3.690402e-01 2.181375e-02 -1.402831e-03 9.450642e-02
255.000 285.000 5.255683e+01 7.465225e+01 -1.736937e-01 1.110726e+01 5.528699e+01 7.099241e+01 -1.243704e-01 1.115016e+01 -3.940889e-01 2.214403e-02 -3.133946e-03 1.984240e-02
255.000 315.000 2.137130e+01 9.815263e+01 -6.423929e-01 8.378553e+00 2.220700e+01 9.170339e+01 -6.100970e-01 8.456409e+00 -3.135417e-01 2.286503e-02 -2.712975e-03 -3.924902e-02
255.000 345.000 9.884901e+01 9.322390e+01 2.928633e-02 1.385309e+01 1.042021e+02 8.807855e+01 8.385402e-02 1.381769e+01 -1.489813e-01 2.325388e-02 -2.788873e-03 1.286842e-02
285.000 15.000 4.907312e+01 6.983274e+01 -1.745887e-01 1.073692e+01 4.965132e+01 6.919026e+01 -1.644117e-01 1.075310e+01 1.327381e-01 2.325389e-02 -6.697299e-04 -2.862330e-02
285.000 45.000 3.015015e+01 4.248017e+01 -1.697641e-01 8.398638e+00 2.992483e+01 4.332261e+01 -1.829112e-01 8.414085e+00 3.382096e-01 2.286503e-02 1.105882e-03 -6.048264e-02
285.000 75.000 8.107908e+01 1.196424e+02 -1.921237e-01 1.390369e+01 7.898963e+01 1.226274e+02 -2.164388e-01 1.386262e+01 4.530582e-01 2.214402e-02 1.238434e-03 -4.640359e-02
285.000 105.000 3.635697e+01 1.591239e+02 -6.280252e-01 1.088026e+01 3.525038e+01 1.650246e+02 -6.479802e-01 1.077886e+01 4.465102e-01 2.181375e-02 1.302932e-03 -9.875986e-02
285.000 135.000 9.914846e+01 4.288153e+01 3.961623e-01 1.094254e+01 9.305582e+01 4.395664e+01 3.583555e-01 1.092783e+01 3.203202e-01 2.222101e-02 2.444718e-03 6.930933e-03
285.000 165.000 2.536955e+01 1.257293e+02 -6.641993e-01 9.189123e+00 2.464776e+01 1.294686e+02 -6.801409e-01 9.100737e+00 1.083006e-01 2.293959e-02 1.232628e-03 -8.406651e-02
285.000 195.000 5.339495e+01 2.139075e+01 4.279454e-01 7.815987e+00 5.270800e+01 2.212460e+01 4.086909e-01 7.895153e+00 -1.327380e-01 2.325389e-02 1.733140e-03 7.173514e-02
285.000 225.000 8.155426e+01 9.210385e+01 -6.074921e-02 1.315360e+01 8.289234e+01 9.164981e+01 -5.017396e-02 1.319480e+01 -3.382096e-01 2.286503e-02 -5.676109e-04 2.109384e-02
285.000 255.000 9.816184e+01 7.264434e+01 1.493944e-01 1.292262e+01 9.986902e+01 7.088446e+01 1.697451e-01 1.287764e+01 -4.530582e-01 2.214402e-02 -1.115496e-03 4.661996e-02
285.000 285.000 2.497278e+02 6.053070e+01 6.098047e-01 1.396013e+01 2.576615e+02 5.825926e+01 6.311780e-01 1.378631e+01 -4.465102e-01 2.181375e-02 -1.089357e-03 7.566646e-02
285.000 315.000 5.801147e+01 5.140407e+01 6.038812e-02 1.044110e+01 5.988112e+01 4.839576e+01 1.060739e-01 1.034691e+01 -3.203202e-01 2.222101e-02 -3.107984e-03 3.646240e-02
285.000 345.000 3.807366e+01 9.613833e+01 -4.326340e-01 1.044468e+01 3.904073e+01 9.299045e+01 -4.086135e-01 1.048745e+01 -1.083006e-01 2.293959e-02 -1.622862e-03 -3.105243e-02
315.000 15.000 9.361727e+01 7.672898e+01 9.914099e-02 1.298738e+01 9.572630e+01 7.534579e+01 1.191341e-01 1.298630e+01 1.426105e-01 2.166645e-02 -1.088583e-03 -3.347051e-03
315.000 45.000 3.822453e+01 5.631449e+01 -1.913490e-01 9.543455e+00 3.796425e+01 5.679510e+01 -1.987229e-01 9.540295e+00 3.817458e-01 2.061559e-02 5.464430e-04 -6.005095e-02
315.000 75.000 3.923655e+01 1.123058e+02 -4.821704e-01 1.078473e+01 3.816021e+01 1.153264e+02 -5.027553e-01 1.070939e+01 5.185926e-01 2.153738e-02 1.354382e-03 -9.279422e-02
315.000 105.000 5.106460e+01 7.956116e+01 -2.181542e-01 1.115388e+01 4.921628e+01 8.149013e+01 -2.469187e-01 1.107869e+01 5.164830e-01 2.339119e-02 1.829693e-03 -6.586367e-02
315.000 135.000 1.203859e+02 1.790058e+02 -1.957968e-01 1.696803e+01 1.139057e+02 1.854024e+02 -2.388731e-01 1.679969e+01 3.759822e-01 2.432243e-02 1.804042e-03 -3.369739e-02
315.000 165.000 4.379764e+01 3.862940e+01 6.270077e-02 9.061070e+00 4.265458e+01 4.023905e+01 2.914015e-02 9.100728e+00 1.347373e-01 2.351008e-02 2.613275e-03 -7.950081e-03
315.000 195.000 2.336594e+01 9.274916e+01 -5.975382e-01 8.640369e+00 2.287724e+01 9.476765e+01 -6.110798e-01 8.585692e+00 -1.426104e-01 2.166645e-02 1.111719e-03 -5.265127e-02
315.000 225.000 1.019062e+02 5.194087e+01 3.247729e-01 1.173114e+01 1.021951e+02 5.149020e+01 3.299268e-01 1.170284e+01 -3.817458e-01 2.061559e-02 -3.110315e-04 6.022581e-02
315.000 255.000 4.031402e+01 7.342833e+01 -2.911344e-01 1.020302e+01 4.073613e+01 7.140659e+01 -2.734948e-01 1.018600e+01 -5.185926e-01 2.153738e-02 -1.223506e-03 2.229318e-02
315.000 285.000 1.001262e+02 6.126869e+01 2.407606e-01 1.233043e+01 1.028262e+02 5.880236e+01 2.723767e-01 1.223264e+01 -5.164830e-01 2.339119e-02 -1.820280e-03 6.141247e-02
315.000 315.000 1.789722e+01 7.244115e+01 -6.037736e-01 7.576687e+00 1.850368e+01 6.931188e+01 -5.785785e-01 7.643235e+00 -3.759822e-01 2.432243e-02 -2.341070e-03 -3.006462e-02
315.000 345.000 9.035526e+01 5.746163e+01 2.225295e-01 1.185315e+01 9.309124e+01 5.606209e+01 2.482623e-01 1.183049e+01 -1.347373e-01 2.351008e-02 -1.536569e-03 3.014104e-02
345.000 15.000 3.251799e+01 9.181120e+01 -4.769049e-01 9.800611e+00 3.278776e+01 9.169679e+01 -4.732236e-01 9.828907e+00 1.356485e-01 1.781575e-02 -2.652207e-04 -6.250145e-02
345.000 45.000 4.536120e+01 1.476274e+01 5.089232e-01 6.674704e+00 4.543369e+01 1.470542e+01 5.109533e-01 6.666213e+00 3.829481e-01 2.648287e-02 -2.152066e-04 1.887336e-02
345.000 75.000 0.000000e+00 0.000000e+00         -nan         -nan 0.000000e+00 0.000000e+00         -nan         -nan 5.276371e-01 2.987027e-02         -nan         -nan
345.000 105.000 3.650860e+01 6.335040e+01 -2.687969e-01 9.625176e+00 3.568779e+01 6.390644e+01 -2.833362e-01 9.570729e+00 5.309461e-01 2.644205e-02 1.071143e-03 -8.308836e-02
345.000 135.000 5.808617e+01 1.166380e+02 -3.351100e-01 1.245403e+01 5.729016e+01 1.188710e+02 -3.495712e-01 1.243520e+01 3.919886e-01 1.775501e-02 8.216931e-04 -5.838254e-02
345.000 165.000 3.519111e+01 5.088665e+01 -1.823413e-01 9.122270e+00 3.446451e+01 5.153936e+01 -1.985357e-01 9.089219e+00 1.479981e-01 1.115123e-02 1.257576e-03 -3.621238e-02
345.000 195.000 9.487413e+01 1.373450e+01 7.470828e-01 6.927525e+00 9.423540e+01 1.386273e+01 7.435159e-01 6.952681e+00 -1.356484e-01 1.781575e-02 3.634199e-04 1.274233e-01
345.000 225.000 2.286761e+01 1.813123e+01 1.155246e-01 6.360163e+00 2.284061e+01 1.819228e+01 1.132831e-01 6.364457e+00 -3.829481e-01 2.648287e-02 2.491212e-04 7.837353e-02
345.000 255.000 9.654603e+01 5.057352e+01 3.124840e-01 1.152189e+01 9.684356e+01 4.946829e+01 3.237965e-01 1.144430e+01 -5.276371e-01 2.987027e-02 -6.965961e-04 7.291499e-02
345.000 285.000 4.168590e+01 2.201984e+01 3.087015e-01 7.591758e+00 4.214362e+01 2.171058e+01 3.199952e-01 7.570715e+00 -5.309462e-01 2.644205e-02 -1.053369e-03 1.105992e-01
345.000 315.000 6.750599e+01 3.955845e+01 2.610347e-01 9.988452e+00 6.883893e+01 3.867073e+01 2.806092e-01 9.952094e+00 -3.919886e-01 1.775501e-02 -1.388251e-03 6.537773e-02
345.000 345.000 9.607495e+01 4.150021e+01 3.966904e-01 1.076689e+01 9.763341e+01 4.087783e+01 4.097544e-01 1.073571e+01 -1.479981e-01 1.115123e-02 -8.592099e-04 5.058919e-02
