  #t  #Q2   A1M1_AVG      A_1M1     dA_1M1   A0P1_AVG      A_0P1     dA_0P1   A2M1_AVG      A_2M1     dA_2M1   A3M1_AVG      A_3M1     dA_3M1   A1P1_AVG      A_1P1     dA_1P1       Asym      Astat          t         tp         xb         Q2          W     Dilute
   2    0 -5.683e-02 -7.625e-02 3.8466e-03  3.731e-01  3.242e-01 3.8157e-03 -8.935e-03 -3.336e-02 3.8111e-03 -1.645e-04 -1.172e-02 3.7503e-03  1.883e-02 -2.159e-02 3.7527e-03 -9.4265e-03 1.5299e-03 2.5082e-01 2.8354e-02 3.8899e-01 4.8506e+00 2.9226e+00 7.6656e-01
   Phi   PhiS      N_U_avg      N_D_avg     Asym_avg    dAsym_avg      N_U_fit      N_D_fit     Asym_fit    dAsym_fit     Asym_cal    dAsym_cal     GOOD_fit     GOOD_cal
15.000 15.000 1.343942e+03 9.120514e+02 1.914416e-01 4.661879e+01 1.376533e+03 8.922095e+02 2.134767e-01 4.653333e+01 5.861993e-02 2.997522e-03 -3.345321e-04 2.849101e-03
15.000 45.000 1.460188e+03 1.690007e+03 -7.295406e-02 5.597703e+01 1.502751e+03 1.665681e+03 -5.142290e-02 5.621435e+01 2.573057e-01 4.744880e-03 -2.714076e-04 -5.899916e-03
15.000 75.000 1.525876e+03 1.896986e+03 -1.084210e-01 5.816035e+01 1.536994e+03 1.877167e+03 -9.963580e-02 5.814007e+01 3.870467e-01 7.038657e-03 -1.068277e-04 -8.518993e-03
15.000 105.000 1.307364e+03 1.729676e+03 -1.390537e-01 5.457395e+01 1.307003e+03 1.731873e+03 -1.398119e-01 5.458456e+01 4.130788e-01 7.939946e-03 9.821706e-06 -1.011714e-02
15.000 135.000 1.210825e+03 1.731660e+03 -1.770053e-01 5.338814e+01 1.198146e+03 1.747500e+03 -1.864967e-01 5.332160e+01 3.284268e-01 7.036619e-03 1.257888e-04 -9.467122e-03
15.000 165.000 1.551695e+03 1.867889e+03 -9.246587e-02 5.822668e+01 1.523632e+03 1.899102e+03 -1.096989e-01 5.815106e+01 1.557731e-01 4.741856e-03 2.094143e-04 -4.263319e-03
15.000 195.000 1.202752e+03 1.167977e+03 1.466864e-02 4.868490e+01 1.179331e+03 1.193141e+03 -5.820721e-03 4.870721e+01 -5.861991e-02 2.997522e-03 2.975223e-04 1.505365e-03
15.000 225.000 1.524111e+03 1.457801e+03 2.223736e-02 5.459338e+01 1.492428e+03 1.490538e+03 6.337603e-04 5.461652e+01 -2.573057e-01 4.744880e-03 2.797558e-04 5.120457e-03
15.000 255.000 1.671046e+03 1.327683e+03 1.145026e-01 5.440049e+01 1.648367e+03 1.351349e+03 9.901525e-02 5.450052e+01 -3.870467e-01 7.038657e-03 2.011220e-04 9.219572e-03
15.000 285.000 1.757485e+03 1.115791e+03 2.233319e-01 5.224907e+01 1.759737e+03 1.118339e+03 2.228564e-01 5.229853e+01 -4.130788e-01 7.939946e-03 6.432463e-06 1.218033e-02
15.000 315.000 1.368751e+03 1.035632e+03 1.385467e-01 4.856162e+01 1.387087e+03 1.024002e+03 1.505897e-01 4.854289e+01 -3.284268e-01 7.036619e-03 -1.753928e-04 9.616100e-03
15.000 345.000 1.604598e+03 1.554348e+03 1.590720e-02 5.619739e+01 1.639706e+03 1.518901e+03 3.824634e-02 5.616036e+01 -1.557731e-01 4.741856e-03 -2.811761e-04 3.054951e-03
45.000 15.000 1.338718e+03 1.948893e+03 -1.855983e-01 5.634149e+01 1.409965e+03 1.858393e+03 -1.372028e-01 5.662891e+01 -1.528646e-02 6.271885e-03 -6.058343e-04 -3.022850e-03
45.000 45.000 1.435563e+03 1.669433e+03 -7.532046e-02 5.556421e+01 1.526665e+03 1.595369e+03 -2.200640e-02 5.586163e+01 1.723449e-01 6.533723e-03 -6.766582e-04 -4.457283e-03
45.000 75.000 1.827921e+03 1.893933e+03 -1.773620e-02 6.099740e+01 1.909702e+03 1.832272e+03 2.069217e-02 6.115858e+01 3.137966e-01 6.274307e-03 -4.448893e-04 -5.435196e-03
45.000 105.000 1.089628e+03 2.859060e+03 -4.481065e-01 5.617645e+01 1.116296e+03 2.812218e+03 -4.316955e-01 5.653664e+01 3.711668e-01 5.717634e-03 -2.059087e-04 -1.458393e-02
45.000 135.000 1.629223e+03 1.701408e+03 -2.167298e-02 5.769807e+01 1.613940e+03 1.721459e+03 -3.223563e-02 5.772290e+01 3.290831e-01 5.416489e-03 1.294205e-04 -6.079165e-03
45.000 165.000 1.550916e+03 1.984549e+03 -1.226523e-01 5.901083e+01 1.491944e+03 2.047314e+03 -1.569172e-01 5.875467e+01 1.988219e-01 5.714977e-03 4.114763e-04 -5.447715e-03
45.000 195.000 2.295354e+03 1.734718e+03 1.391132e-01 6.286557e+01 2.186038e+03 1.828784e+03 8.898359e-02 6.311127e+01 1.528648e-02 6.271885e-03 5.627531e-04 1.969707e-03
45.000 225.000 2.017235e+03 2.391338e+03 -8.485804e-02 6.615759e+01 1.924634e+03 2.530978e+03 -1.360854e-01 6.612940e+01 -1.723449e-01 6.533723e-03 5.476459e-04 1.322401e-03
45.000 255.000 2.221935e+03 1.754631e+03 1.175144e-01 6.262309e+01 2.142051e+03 1.840786e+03 7.564098e-02 6.292892e+01 -3.137966e-01 6.274307e-03 4.716598e-04 6.887413e-03
45.000 285.000 1.715653e+03 1.058740e+03 2.367772e-01 5.117470e+01 1.692460e+03 1.088146e+03 2.173317e-01 5.147105e+01 -3.711668e-01 5.717634e-03 2.679115e-04 1.187978e-02
45.000 315.000 2.226508e+03 1.907351e+03 7.720558e-02 6.410318e+01 2.245585e+03 1.890796e+03 8.577285e-02 6.407768e+01 -3.290831e-01 5.416489e-03 -9.452232e-05 6.338043e-03
45.000 345.000 2.125680e+03 1.475080e+03 1.806839e-01 5.901870e+01 2.196664e+03 1.422896e+03 2.137741e-01 5.877200e+01 -1.988219e-01 5.714977e-03 -3.972845e-04 6.430264e-03
75.000 15.000 3.092061e+03 2.769474e+03 5.503448e-02 7.644463e+01 3.220690e+03 2.646182e+03 9.792415e-02 7.622738e+01 -2.144439e-02 6.077314e-03 -3.972902e-04 1.000448e-03
75.000 45.000 2.693841e+03 3.170314e+03 -8.125185e-02 7.632457e+01 2.859814e+03 3.021557e+03 -2.750092e-02 7.666109e+01 1.401982e-01 5.923889e-03 -4.968773e-04 -2.901426e-03
75.000 75.000 2.161647e+03 3.202517e+03 -1.940414e-01 7.184839e+01 2.291359e+03 3.065766e+03 -1.445566e-01 7.242361e+01 2.642749e-01 5.845739e-03 -4.850666e-04 -6.378935e-03
75.000 105.000 2.342189e+03 3.073494e+03 -1.350347e-01 7.291729e+01 2.430090e+03 2.990901e+03 -1.034517e-01 7.323233e+01 3.175393e-01 5.924031e-03 -3.056121e-04 -6.206676e-03
75.000 135.000 2.026861e+03 3.340917e+03 -2.448044e-01 7.103584e+01 2.035077e+03 3.327401e+03 -2.409937e-01 7.107064e+01 2.857193e-01 6.077452e-03 -3.792298e-05 -7.468393e-03
75.000 165.000 2.651736e+03 2.837103e+03 -3.377167e-02 7.404444e+01 2.581587e+03 2.899282e+03 -5.796428e-02 7.390842e+01 1.773410e-01 6.152660e-03 2.312460e-04 -2.851162e-03
75.000 195.000 2.414191e+03 2.760454e+03 -6.691540e-02 7.177377e+01 2.300911e+03 2.881324e+03 -1.120004e-01 7.153481e+01 2.144440e-02 6.077314e-03 4.449124e-04 -1.231088e-03
75.000 225.000 3.139381e+03 1.971150e+03 2.285930e-01 6.959513e+01 2.985473e+03 2.091674e+03 1.760435e-01 7.014128e+01 -1.401982e-01 5.923889e-03 5.318275e-04 5.299095e-03
75.000 255.000 2.914958e+03 2.542641e+03 6.821999e-02 7.370346e+01 2.801010e+03 2.690522e+03 2.011970e-02 7.408987e+01 -2.642749e-01 5.845739e-03 4.602634e-04 4.511252e-03
75.000 285.000 2.953912e+03 2.096319e+03 1.698126e-01 7.003286e+01 2.875318e+03 2.168638e+03 1.401042e-01 7.032032e+01 -3.175393e-01 5.924031e-03 2.993435e-04 6.958902e-03
75.000 315.000 3.246631e+03 2.624147e+03 1.060310e-01 7.618908e+01 3.222769e+03 2.644203e+03 9.861412e-02 7.622281e+01 -2.857193e-01 6.077452e-03 6.882051e-05 5.141817e-03
75.000 345.000 2.985773e+03 2.961245e+03 4.124404e-03 7.711625e+01 3.048308e+03 2.897352e+03 2.538935e-02 7.708325e+01 -1.773410e-01 6.152660e-03 -1.950277e-04 2.353141e-03
105.000 15.000 3.945916e+03 3.930497e+03 1.957573e-03 8.874899e+01 4.037348e+03 3.847992e+03 2.401369e-02 8.877382e+01 7.745664e-03 6.152660e-03 -1.757073e-04 -6.521867e-05
105.000 45.000 3.608747e+03 4.535239e+03 -1.137639e-01 8.965816e+01 3.723457e+03 4.418030e+03 -8.531284e-02 8.990123e+01 1.555004e-01 6.077452e-03 -2.240809e-04 -3.003232e-03
105.000 75.000 3.312648e+03 4.492977e+03 -1.512151e-01 8.733351e+01 3.425123e+03 4.379129e+03 -1.222419e-01 8.767915e+01 2.615889e-01 5.924031e-03 -2.341219e-04 -4.726754e-03
105.000 105.000 3.867633e+03 4.777434e+03 -1.052393e-01 9.246254e+01 3.980777e+03 4.678285e+03 -8.055239e-02 9.275169e+01 2.975849e-01 5.845739e-03 -1.884984e-04 -4.356621e-03
105.000 135.000 3.218199e+03 3.937835e+03 -1.005636e-01 8.416451e+01 3.233578e+03 3.916061e+03 -9.545696e-02 8.416942e+01 2.538432e-01 5.923889e-03 -4.290187e-05 -4.210882e-03
105.000 165.000 3.391934e+03 4.173735e+03 -1.033354e-01 8.651521e+01 3.355061e+03 4.215741e+03 -1.136842e-01 8.644626e+01 1.420845e-01 6.077314e-03 8.461603e-05 -2.836726e-03
105.000 195.000 3.362914e+03 4.391245e+03 -1.326166e-01 8.727992e+01 3.277540e+03 4.502221e+03 -1.574189e-01 8.710323e+01 -7.745648e-03 6.152660e-03 2.011410e-04 -1.430696e-03
105.000 225.000 4.203236e+03 3.947638e+03 3.135842e-02 9.023779e+01 4.078750e+03 4.080654e+03 -2.334082e-04 9.032942e+01 -1.555004e-01 6.077452e-03 2.474291e-04 2.070738e-03
105.000 255.000 4.238612e+03 2.817488e+03 2.014035e-01 8.227928e+01 4.133789e+03 2.901781e+03 1.751113e-01 8.258227e+01 -2.615889e-01 5.924031e-03 2.255396e-04 5.627084e-03
105.000 285.000 4.536438e+03 3.742563e+03 9.589018e-02 9.056973e+01 4.460114e+03 3.849084e+03 7.353657e-02 9.090801e+01 -2.975849e-01 5.845739e-03 1.741962e-04 4.344443e-03
105.000 315.000 3.627410e+03 3.931489e+03 -4.022795e-02 8.687155e+01 3.608637e+03 3.959260e+03 -4.633040e-02 8.690024e+01 -2.538432e-01 5.923889e-03 4.966383e-05 2.458979e-03
105.000 345.000 3.984400e+03 3.809132e+03 2.248881e-02 8.825866e+01 4.024859e+03 3.766857e+03 3.311233e-02 8.822230e+01 -1.420845e-01 6.077314e-03 -8.513058e-05 1.864671e-03
135.000 15.000 4.452750e+03 3.922425e+03 6.332102e-02 9.133233e+01 4.497148e+03 3.884468e+03 7.309816e-02 9.130624e+01 3.344298e-02 5.714977e-03 -7.570668e-05 3.271354e-04
135.000 45.000 4.449335e+03 4.264169e+03 2.125045e-02 9.332507e+01 4.500270e+03 4.256246e+03 2.786777e-02 9.353991e+01 1.765831e-01 5.416489e-03 -5.008054e-05 -1.664426e-03
135.000 75.000 3.737350e+03 5.104673e+03 -1.546391e-01 9.290092e+01 3.784638e+03 5.081497e+03 -1.462711e-01 9.314742e+01 2.724079e-01 5.717634e-03 -6.360745e-05 -4.596800e-03
135.000 105.000 4.235500e+03 4.757864e+03 -5.808328e-02 9.467324e+01 4.240107e+03 4.751536e+03 -5.687824e-02 9.467076e+01 2.952413e-01 6.274307e-03 -9.000434e-06 -3.732042e-03
135.000 135.000 3.983374e+03 4.723631e+03 -8.501853e-02 9.297349e+01 3.960350e+03 4.743583e+03 -8.998612e-02 9.291637e+01 2.389649e-01 6.533723e-03 3.779238e-05 -3.484687e-03
135.000 165.000 4.526275e+03 5.297111e+03 -7.846948e-02 9.880738e+01 4.485313e+03 5.342416e+03 -8.721270e-02 9.875717e+01 1.186582e-01 6.271885e-03 6.258601e-05 -1.995070e-03
135.000 195.000 4.883541e+03 4.675807e+03 2.173098e-02 9.774883e+01 4.831557e+03 4.723670e+03 1.129089e-02 9.774461e+01 -3.344296e-02 5.714977e-03 7.552438e-05 5.644461e-04
135.000 225.000 4.608495e+03 4.378614e+03 2.557903e-02 9.476935e+01 4.585296e+03 4.415339e+03 1.888273e-02 9.485476e+01 -1.765831e-01 5.416489e-03 4.994089e-05 2.133202e-03
135.000 255.000 4.461735e+03 3.537929e+03 1.154806e-01 8.884246e+01 4.433209e+03 3.560156e+03 1.092222e-01 8.887074e+01 -2.724079e-01 5.717634e-03 4.980386e-05 4.366026e-03
135.000 285.000 4.188171e+03 3.628958e+03 7.153683e-02 8.818801e+01 4.196813e+03 3.624096e+03 7.322900e-02 8.819846e+01 -2.952413e-01 6.274307e-03 -1.356731e-05 4.159047e-03
135.000 315.000 5.093735e+03 3.041345e+03 2.522889e-01 8.727705e+01 5.113255e+03 3.035039e+03 2.550492e-01 8.728256e+01 -2.389650e-01 6.533723e-03 -2.236262e-05 5.628672e-03
135.000 345.000 4.094283e+03 4.693786e+03 -6.821779e-02 9.352632e+01 4.134522e+03 4.644663e+03 -5.810795e-02 9.353899e+01 -1.186582e-01 6.271886e-03 -7.643038e-05 5.393176e-04
165.000 15.000 3.729067e+03 3.629226e+03 1.356844e-02 8.577260e+01 3.725681e+03 3.636027e+03 1.217842e-02 8.579403e+01 5.922339e-02 4.741856e-03 1.145792e-05 -5.322790e-04
165.000 45.000 3.073259e+03 4.065087e+03 -1.389437e-01 8.366921e+01 3.048258e+03 4.099214e+03 -1.470389e-01 8.362380e+01 1.945079e-01 7.036618e-03 6.843301e-05 -3.985356e-03
165.000 75.000 3.038572e+03 4.472778e+03 -1.909385e-01 8.507353e+01 2.986447e+03 4.514793e+03 -2.037458e-01 8.479296e+01 2.776741e-01 7.939946e-03 1.066261e-04 -5.508324e-03
165.000 105.000 3.135157e+03 3.654382e+03 -7.647423e-02 8.215736e+01 3.074462e+03 3.713027e+03 -9.407971e-02 8.202081e+01 2.864378e-01 7.038657e-03 1.516517e-04 -4.417279e-03
165.000 135.000 3.560240e+03 4.349249e+03 -9.975473e-02 8.849170e+01 3.500618e+03 4.401967e+03 -1.140574e-01 8.831636e+01 2.184507e-01 4.744881e-03 1.144012e-04 -3.595879e-03
165.000 165.000 2.927954e+03 3.271630e+03 -5.543543e-02 7.861636e+01 2.901909e+03 3.292833e+03 -6.310583e-02 7.854980e+01 9.192995e-02 2.997523e-03 6.901981e-05 -1.874487e-03
165.000 195.000 3.950906e+03 3.118637e+03 1.177261e-01 8.349589e+01 3.951353e+03 3.120031e+03 1.175615e-01 8.350840e+01 -5.922338e-02 4.741856e-03 1.394073e-06 2.119260e-03
165.000 225.000 3.563595e+03 3.107391e+03 6.838627e-02 8.148490e+01 3.591271e+03 3.087207e+03 7.547588e-02 8.148885e+01 -1.945079e-01 7.036618e-03 -6.152049e-05 3.226293e-03
165.000 255.000 4.737309e+03 2.867736e+03 2.458332e-01 8.453072e+01 4.802119e+03 2.822247e+03 2.596770e-01 8.432223e+01 -2.776741e-01 7.939946e-03 -1.159471e-04 6.193101e-03
165.000 285.000 4.480221e+03 2.963669e+03 2.037311e-01 8.446846e+01 4.542628e+03 2.903940e+03 2.200594e-01 8.417814e+01 -2.864378e-01 7.038657e-03 -1.369241e-04 5.802981e-03
165.000 315.000 4.101346e+03 2.889304e+03 1.733805e-01 8.234382e+01 4.156468e+03 2.848872e+03 1.866570e-01 8.222693e+01 -2.184507e-01 4.744881e-03 -1.140896e-04 4.758478e-03
165.000 345.000 3.580255e+03 3.117196e+03 6.913956e-02 8.164212e+01 3.603379e+03 3.093253e+03 7.617655e-02 8.159518e+01 -9.192996e-02 2.997523e-03 -6.096527e-05 1.972873e-03
195.000 15.000 3.433238e+03 3.801140e+03 -5.085465e-02 8.494509e+01 3.401860e+03 3.830214e+03 -5.922972e-02 8.489230e+01 9.192993e-02 2.997521e-03 6.973811e-05 -1.680904e-03
195.000 45.000 3.032431e+03 3.501126e+03 -7.173660e-02 8.062217e+01 2.983333e+03 3.544714e+03 -8.599534e-02 8.049702e+01 2.184507e-01 4.744880e-03 1.251552e-04 -3.599349e-03
195.000 75.000 3.549405e+03 4.131971e+03 -7.584134e-02 8.739104e+01 3.505560e+03 4.196001e+03 -8.964951e-02 8.740516e+01 2.864378e-01 7.038657e-03 1.117169e-04 -4.145495e-03
195.000 105.000 3.849597e+03 3.903580e+03 -6.962622e-03 8.804999e+01 3.804798e+03 3.955880e+03 -1.946769e-02 8.807801e+01 2.776741e-01 7.939947e-03 1.004090e-04 -3.232672e-03
195.000 135.000 3.029370e+03 4.076912e+03 -1.474107e-01 8.337784e+01 3.010161e+03 4.094920e+03 -1.526737e-01 8.330346e+01 1.945079e-01 7.036618e-03 4.465390e-05 -4.100833e-03
195.000 165.000 3.330778e+03 4.000543e+03 -9.135670e-02 8.526508e+01 3.332773e+03 3.996997e+03 -9.062002e-02 8.526182e+01 5.922342e-02 4.741855e-03 -6.109398e-06 -1.766023e-03
195.000 195.000 3.869907e+03 3.927438e+03 -7.378308e-03 8.830018e+01 3.900377e+03 3.895079e+03 6.795683e-04 8.829186e+01 -9.192991e-02 2.997521e-03 -6.453042e-05 9.575474e-04
195.000 225.000 3.852033e+03 3.505649e+03 4.707788e-02 8.568183e+01 3.894779e+03 3.455839e+03 5.971461e-02 8.558275e+01 -2.184507e-01 4.744880e-03 -1.043475e-04 3.099007e-03
195.000 255.000 3.729521e+03 2.421219e+03 2.127064e-01 7.663195e+01 3.794273e+03 2.385085e+03 2.280477e-01 7.653755e+01 -2.864378e-01 7.038657e-03 -1.416455e-04 6.513526e-03
195.000 285.000 3.865352e+03 2.542393e+03 2.064624e-01 7.832371e+01 3.915558e+03 2.506591e+03 2.193919e-01 7.818588e+01 -2.776741e-01 7.939947e-03 -1.168303e-04 6.181226e-03
195.000 315.000 2.833062e+03 3.346562e+03 -8.309570e-02 7.833871e+01 2.860990e+03 3.320782e+03 -7.437853e-02 7.840646e+01 -1.945079e-01 7.036619e-03 -7.864960e-05 1.422186e-03
195.000 345.000 2.966531e+03 3.168075e+03 -3.285356e-02 7.828145e+01 2.966327e+03 3.165446e+03 -3.247331e-02 7.826434e+01 -5.922343e-02 4.741855e-03 -3.435178e-06 3.368598e-04
225.000 15.000 3.452214e+03 3.845755e+03 -5.392471e-02 8.530385e+01 3.418512e+03 3.878752e+03 -6.307027e-02 8.525395e+01 1.186582e-01 6.271885e-03 7.583219e-05 -2.023154e-03
225.000 45.000 3.987067e+03 5.853777e+03 -1.896900e-01 9.739994e+01 3.963352e+03 5.866301e+03 -1.935927e-01 9.726899e+01 2.389649e-01 6.533723e-03 2.835176e-05 -4.400978e-03
225.000 75.000 3.488795e+03 5.176667e+03 -1.947816e-01 9.130551e+01 3.484349e+03 5.174443e+03 -1.951882e-01 9.126284e+01 2.952413e-01 6.274307e-03 3.150146e-06 -5.366849e-03
225.000 105.000 4.106417e+03 5.700208e+03 -1.625218e-01 9.771182e+01 4.135630e+03 5.668264e+03 -1.563290e-01 9.779724e+01 2.724079e-01 5.717634e-03 -4.479547e-05 -4.451148e-03
225.000 135.000 4.203750e+03 4.872185e+03 -7.364909e-02 9.500898e+01 4.260633e+03 4.823116e+03 -6.192189e-02 9.512580e+01 1.765831e-01 5.416489e-03 -8.722629e-05 -2.633774e-03
225.000 165.000 3.763229e+03 5.111770e+03 -1.519484e-01 9.311332e+01 3.803768e+03 5.055396e+03 -1.412806e-01 9.317904e+01 3.344300e-02 5.714977e-03 -8.098317e-05 -1.991030e-03
225.000 195.000 4.524074e+03 3.711379e+03 9.868242e-02 9.030645e+01 4.561143e+03 3.678329e+03 1.071445e-01 9.024901e+01 -1.186581e-01 6.271885e-03 -6.627978e-05 2.406700e-03
225.000 225.000 4.809321e+03 4.487138e+03 3.465653e-02 9.636023e+01 4.830861e+03 4.472030e+03 3.857204e-02 9.637972e+01 -2.389649e-01 6.533723e-03 -2.872972e-05 2.839568e-03
225.000 255.000 4.578526e+03 3.740642e+03 1.007173e-01 9.074568e+01 4.576480e+03 3.742116e+03 1.003011e-01 9.074640e+01 -2.952413e-01 6.274307e-03 3.243029e-06 4.363387e-03
225.000 285.000 4.223334e+03 3.843591e+03 4.707408e-02 8.971650e+01 4.209120e+03 3.881622e+03 4.047821e-02 8.987483e+01 -2.724079e-01 5.717634e-03 5.193991e-05 3.561017e-03
225.000 315.000 4.690879e+03 4.011138e+03 7.811309e-02 9.299957e+01 4.650815e+03 4.055778e+03 6.834328e-02 9.309096e+01 -1.765831e-01 5.416489e-03 7.424667e-05 2.738682e-03
225.000 345.000 4.168301e+03 4.573888e+03 -4.639421e-02 9.339899e+01 4.118025e+03 4.633348e+03 -5.888482e-02 9.338644e+01 -3.344302e-02 5.714977e-03 9.457047e-05 -1.386653e-04
255.000 15.000 3.220149e+03 4.641542e+03 -1.807999e-01 8.720495e+01 3.179506e+03 4.685552e+03 -1.914857e-01 8.704408e+01 1.420845e-01 6.077314e-03 8.672663e-05 -3.702592e-03
255.000 45.000 2.327689e+03 5.432426e+03 -4.000890e-01 8.073378e+01 2.339247e+03 5.402565e+03 -3.956850e-01 8.080658e+01 2.538432e-01 5.923889e-03 -3.855564e-05 -8.099859e-03
255.000 75.000 4.054794e+03 4.234324e+03 -2.165851e-02 9.102324e+01 4.148337e+03 4.154481e+03 -7.400557e-04 9.111978e+01 2.975849e-01 5.845739e-03 -1.624172e-04 -3.507273e-03
255.000 105.000 2.891943e+03 4.799218e+03 -2.479827e-01 8.495993e+01 2.996477e+03 4.655081e+03 -2.167669e-01 8.539337e+01 2.615889e-01 5.924031e-03 -2.591419e-04 -5.997787e-03
255.000 135.000 3.103091e+03 4.363539e+03 -1.688108e-01 8.516956e+01 3.203127e+03 4.246898e+03 -1.401030e-01 8.546221e+01 1.555004e-01 6.077452e-03 -2.379330e-04 -3.807830e-03
255.000 165.000 4.088014e+03 4.284100e+03 -2.342133e-02 9.147416e+01 4.184302e+03 4.188474e+03 -4.983203e-04 9.150287e+01 7.745686e-03 6.152660e-03 -1.771700e-04 -3.407194e-04
255.000 195.000 4.437770e+03 3.563016e+03 1.093335e-01 8.891089e+01 4.484097e+03 3.524260e+03 1.198545e-01 8.884434e+01 -1.420845e-01 6.077314e-03 -8.370424e-05 2.827753e-03
255.000 225.000 3.564336e+03 4.040019e+03 -6.255405e-02 8.703217e+01 3.547886e+03 4.063909e+03 -6.779248e-02 8.704489e+01 -2.538432e-01 5.923889e-03 4.255736e-05 2.197913e-03
255.000 255.000 4.148681e+03 3.503197e+03 8.435622e-02 8.716322e+01 4.078780e+03 3.594027e+03 6.317817e-02 8.741957e+01 -2.975849e-01 5.845739e-03 1.715533e-04 4.381906e-03
255.000 285.000 4.358772e+03 3.524579e+03 1.058171e-01 8.828975e+01 4.238759e+03 3.661869e+03 7.301821e-02 8.864821e+01 -2.615889e-01 5.924031e-03 2.621511e-04 4.161366e-03
255.000 315.000 4.211072e+03 3.422441e+03 1.033117e-01 8.690247e+01 4.102361e+03 3.539843e+03 7.360688e-02 8.718256e+01 -1.555004e-01 6.077452e-03 2.413125e-04 2.978190e-03
255.000 345.000 3.922811e+03 3.567997e+03 4.736665e-02 8.645231e+01 3.829450e+03 3.654326e+03 2.340048e-02 8.648513e+01 -7.745702e-03 6.152660e-03 1.959858e-04 6.374885e-04
285.000 15.000 2.224588e+03 1.885901e+03 8.239598e-02 6.389509e+01 2.175544e+03 1.921721e+03 6.194951e-02 6.388693e+01 1.773410e-01 6.152660e-03 2.262890e-04 -1.485952e-03
285.000 45.000 2.662351e+03 3.195277e+03 -9.097981e-02 7.621773e+01 2.680202e+03 3.184734e+03 -8.602510e-02 7.629897e+01 2.857192e-01 6.077452e-03 -4.594259e-05 -4.942407e-03
285.000 75.000 2.379093e+03 2.664739e+03 -5.663266e-02 7.090596e+01 2.469932e+03 2.593034e+03 -2.431426e-02 7.113349e+01 3.175392e-01 5.924031e-03 -3.217772e-04 -5.277016e-03
285.000 105.000 2.253385e+03 2.887158e+03 -1.232892e-01 7.115058e+01 2.394397e+03 2.766462e+03 -7.209374e-02 7.165218e+01 2.642749e-01 5.845739e-03 -5.069995e-04 -5.447097e-03
285.000 135.000 2.481806e+03 3.126205e+03 -1.149069e-01 7.439063e+01 2.637222e+03 2.980831e+03 -6.116164e-02 7.481335e+01 1.401983e-01 5.923889e-03 -5.094160e-04 -3.429264e-03
285.000 165.000 1.894025e+03 2.234339e+03 -8.243314e-02 6.403367e+01 1.979061e+03 2.141047e+03 -3.931592e-02 6.413844e+01 -2.144437e-02 6.077314e-03 -4.757427e-04 -9.524485e-04
285.000 195.000 2.975844e+03 2.390559e+03 1.090647e-01 7.281874e+01 3.041770e+03 2.332994e+03 1.318711e-01 7.267253e+01 -1.773410e-01 6.152660e-03 -2.216838e-04 3.933132e-03
285.000 225.000 3.995816e+03 2.416833e+03 2.462295e-01 7.761351e+01 3.975177e+03 2.432790e+03 2.406984e-01 7.769631e+01 -2.857192e-01 6.077452e-03 5.036474e-05 6.853816e-03
285.000 255.000 3.271679e+03 2.368496e+03 1.601339e-01 7.413194e+01 3.195900e+03 2.464335e+03 1.292464e-01 7.460351e+01 -3.175392e-01 5.924031e-03 2.936844e-04 6.443553e-03
285.000 285.000 3.152947e+03 2.436679e+03 1.281425e-01 7.414743e+01 3.014241e+03 2.581888e+03 7.725933e-02 7.458368e+01 -2.642749e-01 5.845739e-03 4.838214e-04 5.292393e-03
285.000 315.000 2.161056e+03 2.400211e+03 -5.243173e-02 6.744426e+01 2.059404e+03 2.542883e+03 -1.050520e-01 6.746479e+01 -1.401983e-01 5.923889e-03 5.516029e-04 1.301320e-03
285.000 345.000 2.830641e+03 2.386130e+03 8.520809e-02 7.196454e+01 2.708863e+03 2.496493e+03 4.079844e-02 7.208808e+01 2.144435e-02 6.077314e-03 4.359845e-04 8.860438e-04
315.000 15.000 1.780796e+03 1.999074e+03 -5.774753e-02 6.137805e+01 1.714662e+03 2.067913e+03 -9.338916e-02 6.123385e+01 1.988219e-01 5.714977e-03 4.110926e-04 -4.180149e-03
315.000 45.000 1.526860e+03 2.335738e+03 -2.094128e-01 6.077178e+01 1.516700e+03 2.348236e+03 -2.151487e-01 6.071271e+01 3.290831e-01 5.416489e-03 6.677199e-05 -8.860953e-03
315.000 75.000 1.481449e+03 1.338161e+03 5.081846e-02 5.303139e+01 1.515039e+03 1.318945e+03 6.919346e-02 5.310759e+01 3.711668e-01 5.717634e-03 -2.448316e-04 -6.040730e-03
315.000 105.000 1.301496e+03 2.238009e+03 -2.645888e-01 5.737346e+01 1.362760e+03 2.154647e+03 -2.251336e-01 5.778518e+01 3.137966e-01 6.274307e-03 -4.845301e-04 -1.008106e-02
315.000 135.000 2.132976e+03 2.311780e+03 -4.022801e-02 6.661504e+01 2.250650e+03 2.202485e+03 1.081589e-02 6.672791e+01 1.723449e-01 6.533723e-03 -5.413631e-04 -3.191065e-03
315.000 165.000 2.202230e+03 1.484997e+03 1.945182e-01 5.956268e+01 2.315810e+03 1.416120e+03 2.410790e-01 5.928772e+01 -1.528645e-02 6.271885e-03 -5.540303e-04 3.522417e-03
315.000 195.000 1.798783e+03 1.550346e+03 7.417969e-02 5.771222e+01 1.861213e+03 1.492268e+03 1.100186e-01 5.755771e+01 -1.988218e-01 5.714977e-03 -4.396969e-04 4.730394e-03
315.000 225.000 2.720127e+03 1.957146e+03 1.631252e-01 6.747452e+01 2.742822e+03 1.945474e+03 1.700719e-01 6.747362e+01 -3.290831e-01 5.416489e-03 -7.279900e-05 7.294728e-03
315.000 255.000 2.573521e+03 1.571244e+03 2.418173e-01 6.246917e+01 2.539965e+03 1.606858e+03 2.250174e-01 6.274438e+01 -3.711668e-01 5.717634e-03 1.897450e-04 9.812586e-03
315.000 285.000 3.788222e+03 1.246570e+03 5.048177e-01 6.125129e+01 3.673902e+03 1.304597e+03 4.759076e-01 6.205585e+01 -3.137966e-01 6.274307e-03 3.315638e-04 1.336485e-02
315.000 315.000 2.172355e+03 1.699913e+03 1.220065e-01 6.176267e+01 2.068640e+03 1.803203e+03 6.855582e-02 6.207774e+01 -1.723450e-01 6.533723e-03 6.103863e-04 4.765848e-03
315.000 345.000 1.636158e+03 1.454232e+03 5.886822e-02 5.549487e+01 1.556077e+03 1.532793e+03 7.537846e-03 5.557602e+01 1.528643e-02 6.271886e-03 6.535654e-04 7.853302e-04
345.000 15.000 1.320428e+03 1.314845e+03 2.118630e-03 5.133479e+01 1.293795e+03 1.338761e+03 -1.708085e-02 5.130095e+01 1.557730e-01 4.741856e-03 2.645489e-04 -2.993183e-03
345.000 45.000 1.419582e+03 9.727378e+02 1.867828e-01 4.805057e+01 1.405358e+03 9.828584e+02 1.769100e-01 4.809856e+01 3.284267e-01 7.036618e-03 1.452136e-04 -2.947810e-03
345.000 75.000 1.423802e+03 1.206076e+03 8.278928e-02 5.110629e+01 1.419122e+03 1.201019e+03 8.324070e-02 5.100967e+01 4.130788e-01 7.939946e-03 -6.251797e-06 -6.462795e-03
345.000 105.000 1.229223e+03 2.080312e+03 -2.571627e-01 5.559376e+01 1.253663e+03 2.070317e+03 -2.456856e-01 5.588685e+01 3.870467e-01 7.038657e-03 -1.455954e-04 -1.158780e-02
345.000 135.000 9.271735e+02 1.280591e+03 -1.600795e-01 4.638092e+01 9.484885e+02 1.256049e+03 -1.395124e-01 4.649332e+01 2.573057e-01 4.744880e-03 -3.131788e-04 -8.999071e-03
345.000 165.000 1.894334e+03 1.421407e+03 1.426309e-01 5.699375e+01 1.943802e+03 1.389030e+03 1.664566e-01 5.692527e+01 5.861993e-02 2.997523e-03 -2.957779e-04 1.474038e-03
345.000 195.000 1.964156e+03 1.330913e+03 1.921791e-01 5.633269e+01 1.999480e+03 1.305968e+03 2.098090e-01 5.621337e+01 -1.557730e-01 4.741856e-03 -2.215303e-04 6.176736e-03
345.000 225.000 1.806930e+03 1.447865e+03 1.103187e-01 5.670259e+01 1.822070e+03 1.434794e+03 1.189108e-01 5.666403e+01 -3.284267e-01 7.036618e-03 -1.071839e-04 7.737662e-03
345.000 255.000 2.004183e+03 1.026966e+03 3.223919e-01 5.211623e+01 2.005527e+03 1.024181e+03 3.239078e-01 5.207535e+01 -4.130788e-01 7.939946e-03 -2.057642e-05 1.411212e-02
345.000 285.000 1.504192e+03 1.153265e+03 1.320538e-01 5.109908e+01 1.482925e+03 1.177087e+03 1.149762e-01 5.123327e+01 -3.870467e-01 7.038657e-03 2.360098e-04 1.015871e-02
345.000 315.000 1.746151e+03 1.298817e+03 1.469093e-01 5.458251e+01 1.711960e+03 1.333172e+03 1.243913e-01 5.475413e+01 -2.573057e-01 4.744881e-03 2.912589e-04 7.405577e-03
345.000 345.000 1.516330e+03 1.118836e+03 1.508420e-01 5.074651e+01 1.482621e+03 1.146465e+03 1.278606e-01 5.085376e+01 -5.861995e-02 2.997523e-03 3.198867e-04 4.127612e-03
