  #t  #Q2   A1M1_AVG      A_1M1     dA_1M1   A0P1_AVG      A_0P1     dA_0P1   A2M1_AVG      A_2M1     dA_2M1   A3M1_AVG      A_3M1     dA_3M1   A1P1_AVG      A_1P1     dA_1P1       Asym      Astat          t         tp         xb         Q2          W     Dilute
   2    0 -1.816e-02 -3.480e-03 2.9817e-02  3.843e-01  5.904e-01 2.7679e-02 -7.596e-04  1.764e-01 2.8109e-02  8.541e-04  7.039e-02 2.7846e-02  7.756e-03  1.106e-01 2.7706e-02 -2.0401e-01 1.1772e-02 2.7517e-01 6.9158e-03 4.0954e-01 5.0463e+00 2.8216e+00 7.7503e-01
   Phi   PhiS      N_U_avg      N_D_avg     Asym_avg    dAsym_avg      N_U_fit      N_D_fit     Asym_fit    dAsym_fit     Asym_cal    dAsym_cal     GOOD_fit     GOOD_cal
15.000 15.000 0.000000e+00 1.314656e+01 -1.000000e+00 2.000000e+00 0.000000e+00 1.401163e+01 -1.000000e+00 2.000000e+00 2.889574e-01 2.213603e-02 0.000000e+00 -6.444392e-01
15.000 45.000 0.000000e+00 0.000000e+00         -nan         -nan 0.000000e+00 0.000000e+00         -nan         -nan 4.693426e-01 3.512793e-02         -nan         -nan
15.000 75.000 0.000000e+00 0.000000e+00         -nan         -nan 0.000000e+00 0.000000e+00         -nan         -nan 5.239677e-01 5.232711e-02         -nan         -nan
15.000 105.000 2.649234e+01 1.795293e+01 1.921330e-01 6.542520e+00 2.659908e+01 1.784961e+01 1.968441e-01 6.536544e+00 4.381962e-01 5.914655e-02 -5.094099e-04 -3.760831e-02
15.000 135.000 1.665767e+01 7.101862e+01 -6.200188e-01 7.346529e+00 1.745282e+01 7.193225e+01 -6.094914e-01 7.495354e+00 2.350103e-01 5.248188e-02 -1.003060e-03 -1.163825e-01
15.000 165.000 0.000000e+00 2.052717e+01 -1.000000e+00 2.000000e+00 0.000000e+00 1.850516e+01 -1.000000e+00 2.000000e+00 -3.114637e-02 3.535805e-02 0.000000e+00 -4.843511e-01
15.000 195.000 0.000000e+00 7.894945e+00 -1.000000e+00 2.000000e+00 0.000000e+00 7.121913e+00 -1.000000e+00 2.000000e+00 -2.889574e-01 2.213603e-02 0.000000e+00 -3.554995e-01
15.000 225.000 8.001073e+01 5.824196e+00 8.642931e-01 4.660045e+00 8.386140e+01 5.390906e+00 8.791985e-01 4.501240e+00 -4.693426e-01 3.512793e-02 -2.300578e-03 2.861770e-01
15.000 255.000 5.942751e+01 1.585257e+01 5.788376e-01 7.075116e+00 6.295878e+01 1.522865e+01 6.104579e-01 7.003584e+00 -5.239677e-01 5.232711e-02 -3.176240e-03 1.558667e-01
15.000 285.000 2.387555e+01 2.987402e+01 -1.116004e-01 7.285612e+00 2.399582e+01 2.949693e+01 -1.028384e-01 7.275097e+00 -4.381962e-01 5.914655e-02 -8.510100e-04 4.482603e-02
15.000 315.000 5.166167e+01 1.760656e+01 4.916410e-01 7.247437e+00 4.937741e+01 1.883348e+01 4.477868e-01 7.384695e+00 -2.350103e-01 5.248188e-02 4.238375e-03 1.002606e-01
15.000 345.000 0.000000e+00 1.823797e+02 -1.000000e+00 2.000000e+00 0.000000e+00 1.986913e+02 -1.000000e+00 2.000000e+00 3.114634e-02 3.535806e-02 0.000000e+00 -5.154926e-01
45.000 15.000 7.352243e+01 7.612390e+01 -1.738411e-02 1.223115e+01 6.270659e+01 8.966709e+01 -1.769367e-01 1.214921e+01 4.781980e-01 4.656220e-02 9.254997e-03 -4.051773e-02
45.000 45.000 2.571762e+01 8.908902e+01 -5.519837e-01 8.934577e+00 2.065726e+01 1.046203e+02 -6.702162e-01 8.306875e+00 7.231995e-01 4.817825e-02 9.691487e-03 -1.427224e-01
45.000 75.000 1.585071e+01 8.203829e+01 -6.761494e-01 7.289465e+00 1.396433e+01 9.677198e+01 -7.477913e-01 6.986664e+00 7.744202e-01 4.633858e-02 7.095350e-03 -1.989913e-01
45.000 105.000 3.737611e+01 8.575433e+00 6.267620e-01 5.282081e+00 3.532458e+01 8.581221e+00 6.091077e-01 5.255113e+00 6.181357e-01 4.266474e-02 2.369400e-03 1.633062e-03
45.000 135.000 5.235118e+01 0.000000e+00 1.000000e+00 2.000000e+00 5.353758e+01 0.000000e+00 1.000000e+00 2.000000e+00 2.962222e-01 4.083105e-02 0.000000e+00 3.518156e-01
45.000 165.000 7.234389e+01 9.351662e+01 -1.276538e-01 1.277332e+01 7.821226e+01 8.328924e+01 -3.143612e-02 1.270204e+01 -1.050637e-01 4.290751e-02 -5.341310e-03 -1.768524e-03
45.000 195.000 1.277456e+02 2.179151e+01 7.085472e-01 8.629232e+00 1.473448e+02 1.759123e+01 7.866902e-01 7.928440e+00 -4.781980e-01 4.656220e-02 -6.668333e-03 1.375242e-01
45.000 225.000 7.795631e+01 1.056033e+02 -1.506158e-01 1.339386e+01 9.127824e+01 7.810675e+01 7.776068e-02 1.297539e+01 -7.231995e-01 4.817825e-02 -1.224655e-02 4.274943e-02
45.000 255.000 4.767323e+01 0.000000e+00 1.000000e+00 2.000000e+00 5.253370e+01 0.000000e+00 1.000000e+00 2.000000e+00 -7.744202e-01 4.633858e-02 0.000000e+00 8.869721e-01
45.000 285.000 1.114843e+02 2.989455e+01 5.771002e-01 9.710478e+00 1.159368e+02 2.615174e+01 6.318952e-01 9.238713e+00 -6.181357e-01 4.266474e-02 -4.088184e-03 1.230861e-01
45.000 315.000 1.379453e+01 5.989251e+01 -6.255913e-01 6.696906e+00 1.370802e+01 6.098956e+01 -6.329729e-01 6.691012e+00 -2.962223e-01 4.083105e-02 7.797446e-04 -4.918135e-02
45.000 345.000 1.298518e+01 1.549655e+02 -8.453692e-01 6.922781e+00 1.124346e+01 1.680909e+02 -8.746090e-01 6.492624e+00 1.050637e-01 4.290751e-02 3.080791e-03 -1.372880e-01
75.000 15.000 1.668464e+02 9.263833e+01 2.859824e-01 1.543575e+01 1.492689e+02 1.026851e+02 1.848902e-01 1.559940e+01 3.499316e-01 4.554823e-02 4.606519e-03 -4.142912e-03
75.000 45.000 1.274796e+02 2.929586e+02 -3.935869e-01 1.884961e+01 9.904541e+01 3.383998e+02 -5.471643e-01 1.750654e+01 6.819076e-01 4.379762e-02 5.969916e-03 -5.705643e-02
75.000 75.000 0.000000e+00 3.527996e+02 -1.000000e+00 2.000000e+00 0.000000e+00 4.200173e+02 -1.000000e+00 2.000000e+00 8.311669e-01 4.286899e-02 0.000000e+00 -9.153732e-01
75.000 105.000 9.725840e+01 7.591993e+01 1.232167e-01 1.305944e+01 7.769759e+01 8.550218e+01 -4.782234e-02 1.276035e+01 7.577158e-01 4.374560e-02 9.367602e-03 -4.858518e-02
75.000 135.000 7.954753e+01 6.076928e+01 1.338275e-01 1.173898e+01 7.640744e+01 6.296124e+01 9.647935e-02 1.175038e+01 4.812353e-01 4.549821e-02 2.248605e-03 -2.959414e-02
75.000 165.000 3.733990e+01 0.000000e+00 1.000000e+00 2.000000e+00 3.647740e+01 0.000000e+00 1.000000e+00 2.000000e+00 7.580824e-02 4.637422e-02 0.000000e+00 4.619717e-01
75.000 195.000 2.399762e+02 6.428239e+01 5.774490e-01 1.424094e+01 2.688453e+02 5.458663e+01 6.624537e-01 1.347203e+01 -3.499316e-01 4.554823e-02 -4.336181e-03 6.512041e-02
75.000 225.000 3.399073e+01 1.251527e+02 -5.728291e-01 1.034037e+01 4.038127e+01 1.045098e+02 -4.425983e-01 1.079388e+01 -6.819075e-01 4.379762e-02 -8.712479e-03 1.054870e-02
75.000 255.000 5.537853e+01 2.103832e+01 4.493800e-01 7.809293e+00 6.485984e+01 1.618979e+01 6.004968e-01 7.198849e+00 -8.311669e-01 4.286899e-02 -1.422793e-02 1.639749e-01
75.000 285.000 3.937923e+01 1.010244e+01 5.916693e-01 5.670935e+00 4.502204e+01 8.417822e+00 6.849610e-01 5.326106e+00 -7.577158e-01 4.374560e-02 -1.199137e-02 2.379405e-01
75.000 315.000 2.000698e+01 1.592148e+02 -7.767349e-01 8.431738e+00 2.185350e+01 1.351065e+02 -7.215406e-01 8.674294e+00 -4.812354e-01 4.549820e-02 -4.562645e-03 -3.504559e-02
75.000 345.000 0.000000e+00 0.000000e+00         -nan         -nan 0.000000e+00 0.000000e+00         -nan         -nan -7.580828e-02 4.637422e-02         -nan         -nan
105.000 15.000 0.000000e+00 0.000000e+00         -nan         -nan 0.000000e+00 0.000000e+00         -nan         -nan 1.384940e-01 4.637422e-02         -nan         -nan
105.000 45.000 0.000000e+00 6.210292e+01 -1.000000e+00 2.000000e+00 0.000000e+00 6.515762e+01 -1.000000e+00 2.000000e+00 4.450278e-01 4.549821e-02 0.000000e+00 -7.223270e-01
105.000 75.000 0.000000e+00 6.956649e+01 -1.000000e+00 2.000000e+00 0.000000e+00 7.530349e+01 -1.000000e+00 2.000000e+00 6.323167e-01 4.374560e-02 0.000000e+00 -8.159632e-01
105.000 105.000 1.203552e+02 8.986384e+01 1.450456e-01 1.434561e+01 1.050457e+02 9.954475e+01 2.688776e-02 1.429834e+01 6.501769e-01 4.286899e-02 5.833699e-03 -3.521142e-02
105.000 135.000 1.327494e+01 2.500364e+01 -3.064036e-01 5.889386e+00 1.184511e+01 2.683477e+01 -3.875313e-01 5.733316e+00 4.938228e-01 4.379762e-02 9.870474e-03 -1.358723e-01
105.000 165.000 4.609499e+01 0.000000e+00 1.000000e+00 2.000000e+00 4.408311e+01 0.000000e+00 1.000000e+00 2.000000e+00 2.051492e-01 4.554823e-02 0.000000e+00 3.973224e-01
105.000 195.000 0.000000e+00 1.404367e+01 -1.000000e+00 2.000000e+00 0.000000e+00 1.346997e+01 -1.000000e+00 2.000000e+00 -1.384939e-01 4.637422e-02 0.000000e+00 -4.306373e-01
105.000 225.000 9.729281e+01 1.329524e+02 -1.548766e-01 1.499074e+01 1.026497e+02 1.143371e+02 -5.386226e-02 1.470909e+01 -4.450277e-01 4.549821e-02 -4.809771e-03 1.935527e-02
105.000 255.000 1.364656e+02 5.012630e+01 4.627174e-01 1.210955e+01 1.525129e+02 4.370626e+01 5.545158e-01 1.165694e+01 -6.323167e-01 4.374560e-02 -5.461432e-03 9.042672e-02
105.000 285.000 6.585580e+01 0.000000e+00 1.000000e+00 2.000000e+00 7.231361e+01 0.000000e+00 1.000000e+00 2.000000e+00 -6.501769e-01 4.286899e-02 0.000000e+00 8.248990e-01
105.000 315.000 3.324829e+01 2.655281e+02 -7.774369e-01 1.087168e+01 3.634651e+01 2.310213e+02 -7.281161e-01 1.120812e+01 -4.938228e-01 4.379762e-02 -3.158640e-03 -2.608721e-02
105.000 345.000 1.844240e+01 5.600487e+01 -5.045514e-01 7.449501e+00 1.894697e+01 5.244318e+01 -4.691993e-01 7.461484e+00 -2.051492e-01 4.554823e-02 -3.352924e-03 -4.019016e-02
135.000 15.000 0.000000e+00 5.460769e+01 -1.000000e+00 2.000000e+00 0.000000e+00 5.523512e+01 -1.000000e+00 2.000000e+00 6.989868e-02 4.290751e-02 0.000000e+00 -5.348263e-01
135.000 45.000 0.000000e+00 0.000000e+00         -nan         -nan 0.000000e+00 0.000000e+00         -nan         -nan 2.892622e-01 4.083105e-02         -nan         -nan
135.000 75.000 0.000000e+00 9.122034e+01 -1.000000e+00 2.000000e+00 0.000000e+00 9.667061e+01 -1.000000e+00 2.000000e+00 4.311182e-01 4.266474e-02 0.000000e+00 -7.153963e-01
135.000 105.000 0.000000e+00 4.759954e+01 -1.000000e+00 2.000000e+00 0.000000e+00 4.851686e+01 -1.000000e+00 2.000000e+00 4.574564e-01 4.633858e-02 0.000000e+00 -7.285327e-01
135.000 135.000 0.000000e+00 4.664246e+01 -1.000000e+00 2.000000e+00 0.000000e+00 4.894004e+01 -1.000000e+00 2.000000e+00 3.612195e-01 4.817825e-02 0.000000e+00 -6.804124e-01
135.000 165.000 0.000000e+00 7.859230e+01 -1.000000e+00 2.000000e+00 0.000000e+00 8.092782e+01 -1.000000e+00 2.000000e+00 1.681942e-01 4.656221e-02 0.000000e+00 -5.839389e-01
135.000 195.000 8.004185e+01 0.000000e+00 1.000000e+00 2.000000e+00 7.847452e+01 0.000000e+00 1.000000e+00 2.000000e+00 -6.989865e-02 4.290751e-02 0.000000e+00 5.348263e-01
135.000 225.000 8.600470e+01 0.000000e+00 1.000000e+00 2.000000e+00 8.880275e+01 0.000000e+00 1.000000e+00 2.000000e+00 -2.892622e-01 4.083105e-02 0.000000e+00 6.444968e-01
135.000 255.000 0.000000e+00 5.803479e+01 -1.000000e+00 2.000000e+00 0.000000e+00 5.325976e+01 -1.000000e+00 2.000000e+00 -4.311182e-01 4.266473e-02 0.000000e+00 -2.843762e-01
135.000 285.000 1.103971e+02 1.123133e+02 -8.603886e-03 1.492293e+01 1.175519e+02 1.039899e+02 6.121648e-02 1.485637e+01 -4.574564e-01 4.633858e-02 -3.315748e-03 3.007789e-02
135.000 315.000 0.000000e+00 9.326612e+01 -1.000000e+00 2.000000e+00 0.000000e+00 8.677336e+01 -1.000000e+00 2.000000e+00 -3.612195e-01 4.817825e-02 0.000000e+00 -3.192976e-01
135.000 345.000 2.179235e+01 1.114218e+01 3.233741e-01 5.430520e+00 2.254250e+01 1.097331e+01 3.451862e-01 5.433441e+00 -1.681942e-01 4.656221e-02 -2.839391e-03 9.051624e-02
165.000 15.000 5.482066e+00 0.000000e+00 1.000000e+00 2.000000e+00 5.538716e+00 0.000000e+00 1.000000e+00 2.000000e+00 8.729265e-02 3.535806e-02 0.000000e+00 4.562824e-01
165.000 45.000 0.000000e+00 0.000000e+00         -nan         -nan 0.000000e+00 0.000000e+00         -nan         -nan 2.591628e-01 5.248187e-02         -nan         -nan
165.000 75.000 0.000000e+00 0.000000e+00         -nan         -nan 0.000000e+00 0.000000e+00         -nan         -nan 3.615904e-01 5.914655e-02         -nan         -nan
165.000 105.000 0.000000e+00 6.452801e+01 -1.000000e+00 2.000000e+00 0.000000e+00 6.436704e+01 -1.000000e+00 2.000000e+00 3.671302e-01 5.232711e-02 0.000000e+00 -6.833313e-01
165.000 135.000 1.761472e+01 1.780734e+02 -8.199714e-01 8.007283e+00 1.792113e+01 1.806140e+02 -8.194664e-01 8.075505e+00 2.742978e-01 3.512793e-02 -4.441139e-05 -1.366579e-01
165.000 165.000 0.000000e+00 3.338729e+01 -1.000000e+00 2.000000e+00 0.000000e+00 3.354849e+01 -1.000000e+00 2.000000e+00 1.079675e-01 2.213604e-02 0.000000e+00 -5.539498e-01
165.000 195.000 2.473797e+01 2.378204e+01 1.970165e-02 6.964279e+00 2.454495e+01 2.399864e+01 1.125400e-02 6.966881e+00 -8.729263e-02 3.535805e-02 8.575586e-04 1.536310e-02
165.000 225.000 0.000000e+00 0.000000e+00         -nan         -nan 0.000000e+00 0.000000e+00         -nan         -nan -2.591627e-01 5.248187e-02         -nan         -nan
165.000 255.000 0.000000e+00 0.000000e+00         -nan         -nan 0.000000e+00 0.000000e+00         -nan         -nan -3.615904e-01 5.914655e-02         -nan         -nan
165.000 285.000 0.000000e+00 0.000000e+00         -nan         -nan 0.000000e+00 0.000000e+00         -nan         -nan -3.671302e-01 5.232711e-02         -nan         -nan
165.000 315.000 0.000000e+00 2.364362e+01 -1.000000e+00 2.000000e+00 0.000000e+00 2.392747e+01 -1.000000e+00 2.000000e+00 -2.742978e-01 3.512793e-02 0.000000e+00 -3.627952e-01
165.000 345.000 0.000000e+00 8.190505e+01 -1.000000e+00 2.000000e+00 0.000000e+00 8.160805e+01 -1.000000e+00 2.000000e+00 -1.079675e-01 2.213604e-02 0.000000e+00 -4.459889e-01
195.000 15.000 0.000000e+00 0.000000e+00         -nan         -nan 0.000000e+00 0.000000e+00         -nan         -nan 1.079674e-01 2.213603e-02         -nan         -nan
195.000 45.000 2.316001e+01 0.000000e+00 1.000000e+00 2.000000e+00 2.329164e+01 0.000000e+00 1.000000e+00 2.000000e+00 2.742977e-01 3.512793e-02 0.000000e+00 3.627952e-01
195.000 75.000 4.570576e+01 0.000000e+00 1.000000e+00 2.000000e+00 4.484736e+01 0.000000e+00 1.000000e+00 2.000000e+00 3.671302e-01 5.232711e-02 0.000000e+00 3.163267e-01
195.000 105.000 0.000000e+00 0.000000e+00         -nan         -nan 0.000000e+00 0.000000e+00         -nan         -nan 3.615904e-01 5.914655e-02         -nan         -nan
195.000 135.000 7.805736e+00 0.000000e+00 1.000000e+00 2.000000e+00 7.967396e+00 0.000000e+00 1.000000e+00 2.000000e+00 2.591628e-01 5.248187e-02 0.000000e+00 3.702911e-01
195.000 165.000 7.242124e+01 0.000000e+00 1.000000e+00 2.000000e+00 7.223945e+01 0.000000e+00 1.000000e+00 2.000000e+00 8.729268e-02 3.535805e-02 0.000000e+00 4.562824e-01
195.000 195.000 0.000000e+00 0.000000e+00         -nan         -nan 0.000000e+00 0.000000e+00         -nan         -nan -1.079674e-01 2.213603e-02         -nan         -nan
195.000 225.000 2.049984e+01 0.000000e+00 1.000000e+00 2.000000e+00 2.042063e+01 0.000000e+00 1.000000e+00 2.000000e+00 -2.742977e-01 3.512793e-02 0.000000e+00 6.370506e-01
195.000 255.000 0.000000e+00 0.000000e+00         -nan         -nan 0.000000e+00 0.000000e+00         -nan         -nan -3.671302e-01 5.232711e-02         -nan         -nan
195.000 285.000 0.000000e+00 0.000000e+00         -nan         -nan 0.000000e+00 0.000000e+00         -nan         -nan -3.615904e-01 5.914655e-02         -nan         -nan
195.000 315.000 3.938932e+01 7.933940e+01 -3.364820e-01 1.026091e+01 3.892494e+01 7.704667e+01 -3.287161e-01 1.017056e+01 -2.591628e-01 5.248188e-02 -5.375330e-04 -7.535225e-03
195.000 345.000 0.000000e+00 0.000000e+00         -nan         -nan 0.000000e+00 0.000000e+00         -nan         -nan -8.729270e-02 3.535805e-02         -nan         -nan
225.000 15.000 0.000000e+00 1.330662e+02 -1.000000e+00 2.000000e+00 0.000000e+00 1.363227e+02 -1.000000e+00 2.000000e+00 1.681941e-01 4.656220e-02 0.000000e+00 -5.839388e-01
225.000 45.000 9.810992e+00 1.017202e+01 -1.806684e-02 4.469507e+00 9.238958e+00 1.062765e+01 -6.990087e-02 4.446295e+00 3.612195e-01 4.817825e-02 8.221822e-03 -8.485595e-02
225.000 75.000 0.000000e+00 0.000000e+00         -nan         -nan 0.000000e+00 0.000000e+00         -nan         -nan 4.574563e-01 4.633858e-02         -nan         -nan
225.000 105.000 0.000000e+00 0.000000e+00         -nan         -nan 0.000000e+00 0.000000e+00         -nan         -nan 4.311181e-01 4.266474e-02         -nan         -nan
225.000 135.000 0.000000e+00 6.290209e+01 -1.000000e+00 2.000000e+00 0.000000e+00 6.414513e+01 -1.000000e+00 2.000000e+00 2.892622e-01 4.083106e-02 0.000000e+00 -6.444968e-01
225.000 165.000 2.605915e+02 3.769180e+01 7.472752e-01 1.147675e+01 2.623487e+02 3.752733e+01 7.497144e-01 1.145968e+01 6.989870e-02 4.290751e-02 -1.503962e-04 5.902120e-02
225.000 195.000 1.709145e+01 7.405042e+01 -6.249484e-01 7.452882e+00 1.766464e+01 6.956413e+01 -5.949813e-01 7.506633e+00 -1.681941e-01 4.656220e-02 -2.832952e-03 -6.128440e-02
225.000 225.000 1.790009e+02 0.000000e+00 1.000000e+00 2.000000e+00 1.872841e+02 0.000000e+00 1.000000e+00 2.000000e+00 -3.612194e-01 4.817825e-02 0.000000e+00 6.804123e-01
225.000 255.000 0.000000e+00 0.000000e+00         -nan         -nan 0.000000e+00 0.000000e+00         -nan         -nan -4.574563e-01 4.633858e-02         -nan         -nan
225.000 285.000 0.000000e+00 2.545736e+01 -1.000000e+00 2.000000e+00 0.000000e+00 2.405585e+01 -1.000000e+00 2.000000e+00 -4.311182e-01 4.266474e-02 0.000000e+00 -2.843762e-01
225.000 315.000 1.904281e+01 4.530055e+01 -4.080877e-01 7.323108e+00 1.877438e+01 4.391747e+01 -4.010584e-01 7.253137e+00 -2.892622e-01 4.083106e-02 -6.819896e-04 -1.622585e-02
225.000 345.000 0.000000e+00 6.084429e+00 -1.000000e+00 2.000000e+00 0.000000e+00 6.201842e+00 -1.000000e+00 2.000000e+00 -6.989873e-02 4.290751e-02 0.000000e+00 -4.649437e-01
255.000 15.000 1.178168e+02 1.016243e+02 7.378978e-02 1.477316e+01 1.137342e+02 1.060817e+02 3.481306e-02 1.481720e+01 2.051492e-01 4.554823e-02 1.862814e-03 -8.891718e-03
255.000 45.000 0.000000e+00 1.861588e+02 -1.000000e+00 2.000000e+00 0.000000e+00 2.039365e+02 -1.000000e+00 2.000000e+00 4.938227e-01 4.379762e-02 0.000000e+00 -7.467323e-01
255.000 75.000 3.341220e+01 1.345349e+02 -6.021105e-01 1.034698e+01 2.854189e+01 1.462511e+02 -6.734207e-01 9.773698e+00 6.501769e-01 4.286899e-02 5.010118e-03 -1.210282e-01
255.000 105.000 3.046701e+01 1.242341e+02 -6.061178e-01 9.892787e+00 2.633584e+01 1.353540e+02 -6.742424e-01 9.390695e+00 6.323167e-01 4.374560e-02 4.994436e-03 -1.251844e-01
255.000 135.000 4.479911e+01 0.000000e+00 1.000000e+00 2.000000e+00 3.914461e+01 0.000000e+00 1.000000e+00 2.000000e+00 4.450277e-01 4.549820e-02 0.000000e+00 2.774144e-01
255.000 165.000 0.000000e+00 6.591531e+01 -1.000000e+00 2.000000e+00 0.000000e+00 6.950383e+01 -1.000000e+00 2.000000e+00 1.384940e-01 4.637422e-02 0.000000e+00 -5.690940e-01
255.000 195.000 0.000000e+00 0.000000e+00         -nan         -nan 0.000000e+00 0.000000e+00         -nan         -nan -2.051491e-01 4.554823e-02         -nan         -nan
255.000 225.000 2.657923e+02 5.306437e+01 6.671585e-01 1.330163e+01 2.935417e+02 4.707631e+01 7.235830e-01 1.273891e+01 -4.938227e-01 4.379762e-02 -3.063595e-03 8.728063e-02
255.000 255.000 6.261720e+01 4.673600e+01 1.452284e-01 1.034634e+01 6.923449e+01 4.171500e+01 2.480363e-01 1.020410e+01 -6.501769e-01 4.286899e-02 -7.074726e-03 7.687726e-02
255.000 285.000 8.964494e+01 0.000000e+00 1.000000e+00 2.000000e+00 9.778452e+01 0.000000e+00 1.000000e+00 2.000000e+00 -6.323167e-01 4.374560e-02 0.000000e+00 8.159632e-01
255.000 315.000 0.000000e+00 7.487886e+01 -1.000000e+00 2.000000e+00 0.000000e+00 6.775309e+01 -1.000000e+00 2.000000e+00 -4.450278e-01 4.549820e-02 0.000000e+00 -2.774143e-01
255.000 345.000 0.000000e+00 0.000000e+00         -nan         -nan 0.000000e+00 0.000000e+00         -nan         -nan -1.384940e-01 4.637422e-02         -nan         -nan
285.000 15.000 1.255950e+02 6.462160e+01 3.205471e-01 1.306414e+01 1.301048e+02 6.462580e+01 3.362543e-01 1.314203e+01 7.580823e-02 4.637423e-02 -8.476310e-04 1.873352e-02
285.000 45.000 1.134889e+02 7.891580e+01 1.796894e-01 1.364523e+01 1.000728e+02 8.629357e+01 7.393643e-02 1.361424e+01 4.812353e-01 4.549821e-02 5.486430e-03 -2.209888e-02
285.000 75.000 1.516123e+02 6.484593e+02 -6.210032e-01 2.217043e+01 1.161806e+02 7.458039e+02 -7.304346e-01 2.005208e+01 7.577158e-01 4.374560e-02 3.660726e-03 -6.218716e-02
285.000 105.000 3.801440e+01 0.000000e+00 1.000000e+00 2.000000e+00 2.852319e+01 0.000000e+00 1.000000e+00 2.000000e+00 8.311669e-01 4.286898e-02 0.000000e+00 8.439716e-02
285.000 135.000 5.179171e+01 6.843172e+01 -1.384091e-01 1.085911e+01 4.200317e+01 7.944012e+01 -3.082669e-01 1.048345e+01 6.819076e-01 4.379762e-02 1.125348e-02 -7.554117e-02
285.000 165.000 7.305814e+01 3.527225e+01 3.488023e-01 9.754516e+00 6.348075e+01 4.005980e+01 2.262008e-01 9.911746e+00 3.499316e-01 4.554823e-02 8.816071e-03 -1.157789e-04
285.000 195.000 4.795475e+01 9.222689e+01 -3.158198e-01 1.123386e+01 4.815548e+01 9.053468e+01 -3.055675e-01 1.121341e+01 -7.580819e-02 4.637423e-02 -6.459147e-04 -2.136484e-02
285.000 225.000 0.000000e+00 5.162625e+01 -1.000000e+00 2.000000e+00 0.000000e+00 4.707604e+01 -1.000000e+00 2.000000e+00 -4.812353e-01 4.549821e-02 0.000000e+00 -2.593153e-01
285.000 255.000 6.031695e+01 6.172987e+01 -1.157690e-02 1.104674e+01 6.699896e+01 5.066683e+01 1.388010e-01 1.074239e+01 -7.577157e-01 4.374560e-02 -9.759260e-03 6.754328e-02
285.000 285.000 2.252646e+02 2.015064e+01 8.357833e-01 8.601419e+00 2.626782e+02 1.541764e+01 8.891200e-01 7.632270e+00 -8.311669e-01 4.286898e-02 -4.638216e-03 1.937970e-01
285.000 315.000 5.813581e+01 3.730910e+01 2.182066e-01 9.534169e+00 6.710361e+01 3.022753e+01 3.788724e-01 9.130159e+00 -6.819076e-01 4.379762e-02 -1.217094e-02 9.440830e-02
285.000 345.000 6.286189e+01 8.377235e+01 -1.426029e-01 1.198551e+01 7.046325e+01 7.263786e+01 -1.519636e-02 1.196111e+01 -3.499317e-01 4.554823e-02 -7.524234e-03 1.729817e-02
315.000 15.000 1.511507e+02 4.963167e+01 5.056173e-01 1.222508e+01 1.665057e+02 4.543731e+01 5.712308e-01 1.194927e+01 -1.050638e-01 4.290751e-02 -3.838179e-03 4.995282e-02
315.000 45.000 1.025550e+02 1.327345e+02 -1.282655e-01 1.521245e+01 1.005451e+02 1.333195e+02 -1.401426e-01 1.514171e+01 2.962222e-01 4.083105e-02 5.533539e-04 -2.790388e-02
315.000 75.000 4.773953e+01 4.478034e+01 3.198442e-02 9.613804e+00 4.208716e+01 4.905947e+01 -7.649556e-02 9.519101e+00 6.181357e-01 4.266473e-02 8.018228e-03 -6.096916e-02
315.000 105.000 2.265819e+01 1.348360e+02 -7.122663e-01 8.808729e+00 1.953504e+01 1.510595e+02 -7.709770e-01 8.318185e+00 7.744203e-01 4.633858e-02 4.845911e-03 -1.687719e-01
315.000 135.000 0.000000e+00 1.151608e+01 -1.000000e+00 2.000000e+00 0.000000e+00 1.346786e+01 -1.000000e+00 2.000000e+00 7.231995e-01 4.817825e-02 0.000000e+00 -8.613499e-01
315.000 165.000 7.726337e+01 8.340913e+01 -3.825023e-02 1.266639e+01 6.498479e+01 9.747160e+01 -1.999725e-01 1.248839e+01 4.781981e-01 4.656221e-02 9.091874e-03 -4.077285e-02
315.000 195.000 1.437284e+02 5.158843e+01 4.717462e-01 1.232275e+01 1.363919e+02 5.751936e+01 4.067454e-01 1.272125e+01 1.050638e-01 4.290751e-02 3.670078e-03 2.975636e-02
315.000 225.000 6.598756e+01 2.791674e+01 4.054214e-01 8.858306e+00 6.619554e+01 2.828084e+01 4.013140e-01 8.902847e+00 -2.962222e-01 4.083105e-02 3.270447e-04 7.920659e-02
315.000 255.000 8.854891e+01 2.520895e+01 5.567964e-01 8.859481e+00 9.337670e+01 2.104428e+01 6.321604e-01 8.288262e+00 -6.181357e-01 4.266473e-02 -6.212003e-03 1.326171e-01
315.000 285.000 1.015438e+01 5.355411e+00 3.094156e-01 3.744986e+00 1.137551e+01 4.386082e+00 4.434469e-01 3.558392e+00 -7.744203e-01 4.633858e-02 -2.594511e-02 2.893877e-01
315.000 315.000 7.392951e+01 4.751319e+01 2.175209e-01 1.075624e+01 8.628438e+01 3.650593e+01 4.053939e-01 1.012968e+01 -7.231995e-01 4.817825e-02 -1.271542e-02 8.745726e-02
315.000 345.000 1.150422e+02 5.084884e+01 3.869609e-01 1.187648e+01 1.351712e+02 4.092964e+01 5.351569e-01 1.121012e+01 -4.781981e-01 4.656221e-02 -9.074246e-03 7.284588e-02
345.000 15.000 1.257333e+02 7.334957e+01 2.631254e-01 1.361247e+01 1.363792e+02 6.924758e+01 3.264733e-01 1.355397e+01 -3.114645e-02 3.535806e-02 -3.297720e-03 2.161773e-02
345.000 45.000 2.549796e+01 8.724054e+01 -5.476619e-01 8.883942e+00 2.629376e+01 8.291510e+01 -5.184683e-01 8.936022e+00 2.350103e-01 5.248187e-02 -2.316828e-03 -8.809811e-02
345.000 75.000 5.573632e+01 9.343260e+01 -2.527087e-01 1.181705e+01 5.524947e+01 9.493387e+01 -2.642397e-01 1.181935e+01 4.381962e-01 5.914655e-02 6.899244e-04 -5.846603e-02
345.000 105.000 3.524739e+01 0.000000e+00 1.000000e+00 2.000000e+00 3.422722e+01 0.000000e+00 1.000000e+00 2.000000e+00 5.239678e-01 5.232711e-02 0.000000e+00 2.379347e-01
345.000 135.000 2.963310e+01 1.059043e+02 -5.627319e-01 9.623782e+00 2.893088e+01 1.077652e+02 -5.767123e-01 9.551510e+00 4.693426e-01 3.512793e-02 1.031073e-03 -1.072414e-01
345.000 165.000 1.505842e+01 1.072516e+02 -7.537664e-01 7.267592e+00 1.335386e+01 1.187123e+02 -7.977701e-01 6.929239e+00 2.889575e-01 2.213604e-02 4.382177e-03 -1.434752e-01
345.000 195.000 1.039850e+01 8.764899e+00 8.524578e-02 4.361667e+00 9.674090e+00 9.771649e+00 -5.016984e-03 4.409677e+00 3.114648e-02 3.535806e-02 1.455295e-02 1.240295e-02
345.000 225.000 5.763338e+01 4.025645e+01 1.775152e-01 9.736794e+00 5.513681e+01 4.207462e+01 1.343689e-01 9.770173e+00 -2.350102e-01 5.248187e-02 3.128007e-03 4.236707e-02
345.000 255.000 1.462498e+02 1.215318e+01 8.465536e-01 6.699477e+00 1.489250e+02 1.159559e+01 8.555252e-01 6.559864e+00 -4.381962e-01 5.914655e-02 -9.568390e-04 1.917612e-01
345.000 285.000 0.000000e+00 6.478327e+01 -1.000000e+00 2.000000e+00 0.000000e+00 6.246831e+01 -1.000000e+00 2.000000e+00 -5.239678e-01 5.232711e-02 0.000000e+00 -2.379347e-01
345.000 315.000 6.608020e+01 1.935534e+01 5.469018e-01 7.738323e+00 7.163445e+01 1.917996e+01 5.776010e-01 7.779244e+00 -4.693427e-01 3.512793e-02 -2.797802e-03 1.313248e-01
345.000 345.000 1.421021e+01 0.000000e+00 1.000000e+00 2.000000e+00 1.597602e+01 0.000000e+00 1.000000e+00 2.000000e+00 -2.889576e-01 2.213604e-02 0.000000e+00 6.444393e-01
