  #t  #Q2   A1M1_AVG      A_1M1     dA_1M1   A0P1_AVG      A_0P1     dA_0P1   A2M1_AVG      A_2M1     dA_2M1   A3M1_AVG      A_3M1     dA_3M1   A1P1_AVG      A_1P1     dA_1P1       Asym      Astat          t         tp         xb         Q2          W     Dilute
  10    0 -1.035e-01 -4.663e-02 2.5118e-03  3.386e-01  3.586e-01 2.4528e-03 -3.665e-02  2.066e-03 2.4748e-03 -5.396e-03  7.193e-03 2.4287e-03  5.625e-02  2.366e-02 2.4226e-03 1.4969e-01 9.9182e-03 8.7160e-01 3.0616e-01 4.4261e-01 5.8101e+00 2.8025e+00 3.5167e-01
   Phi   PhiS      N_U_avg      N_D_avg     Asym_avg    dAsym_avg      N_U_fit      N_D_fit     Asym_fit    dAsym_fit     Asym_cal    dAsym_cal     GOOD_fit     GOOD_cal
15.000 15.000 0.000000e+00 0.000000e+00         -nan         -nan 0.000000e+00 0.000000e+00         -nan         -nan 1.087737e-01 1.937828e-03         -nan         -nan
15.000 45.000 6.996115e+00 0.000000e+00 1.000000e+00 2.000000e+00 7.352652e+00 0.000000e+00 1.000000e+00 2.000000e+00 2.968389e-01 3.065520e-03 0.000000e+00 3.515801e-01
15.000 75.000 0.000000e+00 3.896431e+01 -1.000000e+00 2.000000e+00 0.000000e+00 3.798974e+01 -1.000000e+00 2.000000e+00 4.053664e-01 4.555329e-03 0.000000e+00 -7.026814e-01
15.000 105.000 2.602721e+01 0.000000e+00 1.000000e+00 2.000000e+00 2.799097e+01 0.000000e+00 1.000000e+00 2.000000e+00 4.052762e-01 5.144162e-03 0.000000e+00 2.973609e-01
15.000 135.000 0.000000e+00 0.000000e+00         -nan         -nan 0.000000e+00 0.000000e+00         -nan         -nan 2.965927e-01 4.562912e-03         -nan         -nan
15.000 165.000 0.000000e+00 0.000000e+00         -nan         -nan 0.000000e+00 0.000000e+00         -nan         -nan 1.084373e-01 3.076776e-03         -nan         -nan
15.000 195.000 3.815624e+01 0.000000e+00 1.000000e+00 2.000000e+00 3.816198e+01 0.000000e+00 1.000000e+00 2.000000e+00 -1.087737e-01 1.937828e-03 0.000000e+00 5.543866e-01
15.000 225.000 5.027582e+01 0.000000e+00 1.000000e+00 2.000000e+00 5.069424e+01 0.000000e+00 1.000000e+00 2.000000e+00 -2.968389e-01 3.065520e-03 0.000000e+00 6.484187e-01
15.000 255.000 0.000000e+00 0.000000e+00         -nan         -nan 0.000000e+00 0.000000e+00         -nan         -nan -4.053664e-01 4.555329e-03         -nan         -nan
15.000 285.000 0.000000e+00 0.000000e+00         -nan         -nan 0.000000e+00 0.000000e+00         -nan         -nan -4.052762e-01 5.144162e-03         -nan         -nan
15.000 315.000 0.000000e+00 0.000000e+00         -nan         -nan 0.000000e+00 0.000000e+00         -nan         -nan -2.965927e-01 4.562912e-03         -nan         -nan
15.000 345.000 0.000000e+00 7.059356e+01 -1.000000e+00 2.000000e+00 0.000000e+00 7.399526e+01 -1.000000e+00 2.000000e+00 -1.084373e-01 3.076776e-03 0.000000e+00 -4.457808e-01
45.000 15.000 2.839689e+01 2.135287e+01 1.415891e-01 6.982292e+00 2.782424e+01 2.215899e+01 1.133430e-01 7.024323e+00 9.821259e-02 4.064522e-03 2.851921e-03 6.212352e-03
45.000 45.000 0.000000e+00 2.750737e+01 -1.000000e+00 2.000000e+00 0.000000e+00 2.804823e+01 -1.000000e+00 2.000000e+00 2.858824e-01 4.223506e-03 0.000000e+00 -6.429398e-01
45.000 75.000 4.598852e+01 0.000000e+00 1.000000e+00 2.000000e+00 4.549555e+01 0.000000e+00 1.000000e+00 2.000000e+00 3.969502e-01 4.052956e-03 0.000000e+00 3.015243e-01
45.000 105.000 4.940513e+00 0.000000e+00 1.000000e+00 2.000000e+00 4.990961e+00 0.000000e+00 1.000000e+00 2.000000e+00 4.016555e-01 3.700978e-03 0.000000e+00 2.991717e-01
45.000 135.000 3.164948e+01 7.698885e+00 6.086808e-01 4.976957e+00 3.297542e+01 7.541463e+00 6.277373e-01 4.954901e+00 2.987376e-01 3.518461e-03 -2.713475e-03 6.227563e-02
45.000 165.000 3.083083e+01 0.000000e+00 1.000000e+00 2.000000e+00 3.206886e+01 0.000000e+00 1.000000e+00 2.000000e+00 1.157732e-01 3.713640e-03 0.000000e+00 4.421126e-01
45.000 195.000 2.405067e+01 2.238244e+01 3.592773e-02 6.809785e+00 2.526436e+01 2.185811e+01 7.228516e-02 6.846623e+00 -9.821257e-02 4.064522e-03 -3.765044e-03 1.969817e-02
45.000 225.000 0.000000e+00 1.238815e+01 -1.000000e+00 2.000000e+00 0.000000e+00 1.219445e+01 -1.000000e+00 2.000000e+00 -2.858824e-01 4.223506e-03 0.000000e+00 -3.570580e-01
45.000 255.000 6.534128e+01 0.000000e+00 1.000000e+00 2.000000e+00 6.769127e+01 0.000000e+00 1.000000e+00 2.000000e+00 -3.969502e-01 4.052956e-03 0.000000e+00 6.984737e-01
45.000 285.000 4.923715e+01 8.638739e+00 7.014737e-01 5.421916e+00 4.830136e+01 8.695576e+00 6.948757e-01 5.429166e+00 -4.016556e-01 3.700978e-03 8.599071e-04 2.034574e-01
45.000 315.000 1.191044e+01 0.000000e+00 1.000000e+00 2.000000e+00 1.169904e+01 0.000000e+00 1.000000e+00 2.000000e+00 -2.987376e-01 3.518461e-03 0.000000e+00 6.493678e-01
45.000 345.000 5.425522e+01 2.476808e+01 3.731449e-01 8.247443e+00 5.264223e+01 2.549353e+01 3.474554e-01 8.288715e+00 -1.157732e-01 3.713640e-03 2.197024e-03 5.928117e-02
75.000 15.000 0.000000e+00 2.838320e+01 -1.000000e+00 2.000000e+00 0.000000e+00 2.945242e+01 -1.000000e+00 2.000000e+00 7.395413e-02 3.942185e-03 0.000000e+00 -5.369760e-01
75.000 45.000 0.000000e+00 3.283923e+01 -1.000000e+00 2.000000e+00 0.000000e+00 3.384991e+01 -1.000000e+00 2.000000e+00 2.527393e-01 3.834254e-03 0.000000e+00 -6.263685e-01
75.000 75.000 5.011954e+01 5.404058e+00 8.053419e-01 4.417278e+00 4.865904e+01 5.411493e+00 7.998358e-01 4.413570e+00 3.638031e-01 3.777496e-03 8.817809e-04 9.995718e-02
75.000 105.000 1.160233e+01 3.154962e+00 5.724198e-01 3.149897e+00 1.147959e+01 3.178248e+00 5.663416e-01 3.155383e+00 3.773862e-01 3.831026e-03 1.363284e-03 6.191741e-02
75.000 135.000 1.907256e+01 5.489964e+01 -4.843318e-01 7.524626e+00 1.858858e+01 5.513560e+01 -4.957263e-01 7.457001e+00 2.898490e-01 3.939045e-03 1.075595e-03 -1.028863e-01
75.000 165.000 5.489734e+01 0.000000e+00 1.000000e+00 2.000000e+00 5.659226e+01 0.000000e+00 1.000000e+00 2.000000e+00 1.246470e-01 3.993508e-03 0.000000e+00 4.376756e-01
75.000 195.000 1.470570e+01 6.960539e+01 -6.511562e-01 6.968703e+00 1.517540e+01 6.673447e+01 -6.294609e-01 7.032457e+00 -7.395411e-02 3.942185e-03 -2.191346e-03 -8.282775e-02
75.000 225.000 8.189702e+01 0.000000e+00 1.000000e+00 2.000000e+00 8.449451e+01 0.000000e+00 1.000000e+00 2.000000e+00 -2.527392e-01 3.834254e-03 0.000000e+00 6.263685e-01
75.000 255.000 5.921439e+01 1.079457e+02 -2.915246e-01 1.236744e+01 6.008327e+01 1.035907e+02 -2.658179e-01 1.233325e+01 -3.638031e-01 3.777496e-03 -1.471809e-03 5.844258e-03
75.000 285.000 2.860506e+01 5.092348e+01 -2.806341e-01 8.559512e+00 2.961118e+01 5.014684e+01 -2.574746e-01 8.629635e+00 -3.773862e-01 3.831026e-03 -1.905401e-03 1.130346e-02
75.000 315.000 0.000000e+00 6.125102e+01 -1.000000e+00 2.000000e+00 0.000000e+00 5.976348e+01 -1.000000e+00 2.000000e+00 -2.898490e-01 3.939045e-03 0.000000e+00 -3.550748e-01
75.000 345.000 2.725152e+01 2.999596e+01 -4.793980e-02 7.557507e+00 2.713421e+01 3.031101e+01 -5.530142e-02 7.567663e+00 -1.246470e-01 3.993508e-03 6.883161e-04 1.014980e-02
105.000 15.000 1.488588e+02 9.692784e+01 2.112848e-01 1.532366e+01 1.486787e+02 9.728093e+01 2.089684e-01 1.533686e+01 5.990863e-02 3.993508e-03 1.068429e-04 9.878593e-03
105.000 45.000 9.280913e+01 1.078763e+02 -7.507857e-02 1.412637e+01 9.080566e+01 1.086362e+02 -8.940217e-02 1.406584e+01 2.183574e-01 3.939045e-03 7.185173e-04 -2.077222e-02
105.000 75.000 9.404271e+01 1.305408e+02 -1.625146e-01 1.478689e+01 9.172722e+01 1.335407e+02 -1.856167e-01 1.474811e+01 3.182976e-01 3.831026e-03 1.106190e-03 -3.251611e-02
105.000 105.000 6.995240e+01 1.401819e+02 -3.342123e-01 1.366246e+01 6.777394e+01 1.438202e+02 -3.593967e-01 1.357436e+01 3.329501e-01 3.777496e-03 1.307639e-03 -4.883181e-02
105.000 135.000 1.216926e+02 1.270370e+02 -2.148650e-02 1.576752e+01 1.191285e+02 1.292709e+02 -4.083086e-02 1.574755e+01 2.583889e-01 3.834254e-03 8.680624e-04 -1.775012e-02
105.000 165.000 1.201897e+02 1.081949e+02 5.252013e-02 1.509154e+01 1.191084e+02 1.096491e+02 4.135073e-02 1.511180e+01 1.145927e-01 3.942185e-03 5.229854e-04 -4.113068e-03
105.000 195.000 8.259121e+01 8.572783e+01 -1.863495e-02 1.297153e+01 8.283107e+01 8.540366e+01 -1.529164e-02 1.296902e+01 -5.990861e-02 3.993508e-03 -1.822685e-04 3.181865e-03
105.000 225.000 1.165483e+02 5.175716e+01 3.849617e-01 1.197344e+01 1.181495e+02 5.140081e+01 3.936808e-01 1.196966e+01 -2.183574e-01 3.939045e-03 -5.150005e-04 5.038810e-02
105.000 255.000 1.515182e+02 7.595863e+01 3.321639e-01 1.422599e+01 1.540902e+02 7.468072e+01 3.471135e-01 1.418474e+01 -3.182976e-01 3.831026e-03 -7.441497e-04 4.572347e-02
105.000 285.000 1.444382e+02 7.392325e+01 3.229277e-01 1.398536e+01 1.471934e+02 7.170744e+01 3.448410e-01 1.388777e+01 -3.329501e-01 3.777496e-03 -1.111819e-03 4.689746e-02
105.000 315.000 9.584392e+01 1.039016e+02 -4.033986e-02 1.412163e+01 9.731723e+01 1.013250e+02 -2.017599e-02 1.409118e+01 -2.583890e-01 3.834254e-03 -1.010746e-03 1.544078e-02
105.000 345.000 1.294041e+02 1.292338e+02 6.583385e-04 1.608222e+01 1.307393e+02 1.279856e+02 1.064340e-02 1.608402e+01 -1.145927e-01 3.942185e-03 -4.390010e-04 7.166363e-03
135.000 15.000 1.587221e+02 2.021345e+02 -1.203039e-01 1.885826e+01 1.582202e+02 2.028712e+02 -1.236556e-01 1.885657e+01 6.586064e-02 3.713640e-03 1.256811e-04 -9.871779e-03
135.000 45.000 1.401250e+02 1.254746e+02 5.515994e-02 1.627241e+01 1.374053e+02 1.270330e+02 3.922418e-02 1.624904e+01 2.054776e-01 3.518461e-03 6.929750e-04 -9.237576e-03
135.000 75.000 8.973380e+01 9.157190e+01 -1.013812e-02 1.346429e+01 8.683653e+01 9.352395e+01 -3.707807e-02 1.342060e+01 2.900370e-01 3.700978e-03 1.417108e-03 -2.229417e-02
135.000 105.000 1.593455e+02 1.657909e+02 -1.982364e-02 1.802800e+01 1.533321e+02 1.702485e+02 -5.227866e-02 1.796375e+01 2.968812e-01 4.052956e-03 1.275244e-03 -1.756739e-02
135.000 135.000 1.293697e+02 1.769011e+02 -1.551940e-01 1.728856e+01 1.256645e+02 1.814602e+02 -1.816714e-01 1.723335e+01 2.241764e-01 4.223506e-03 1.084666e-03 -2.194344e-02
135.000 165.000 1.732499e+02 1.153643e+02 2.005640e-01 1.664345e+01 1.708564e+02 1.167966e+02 1.879339e-01 1.665813e+01 9.140365e-02 4.064522e-03 5.363622e-04 6.558760e-03
135.000 195.000 2.221658e+02 1.424797e+02 2.185303e-01 1.863415e+01 2.225496e+02 1.422334e+02 2.201752e-01 1.863060e+01 -6.586062e-02 3.713640e-03 -6.242278e-05 1.526181e-02
135.000 225.000 1.656205e+02 1.314117e+02 1.151684e-01 1.711994e+01 1.685834e+02 1.284659e+02 1.350535e-01 1.707722e+01 -2.054776e-01 3.518461e-03 -8.223415e-04 1.872939e-02
135.000 255.000 1.389889e+02 9.533879e+01 1.862782e-01 1.503984e+01 1.424327e+02 9.246778e+01 2.127069e-01 1.497573e+01 -2.900370e-01 3.700978e-03 -1.245213e-03 3.167024e-02
135.000 285.000 1.874571e+02 1.252687e+02 1.988590e-01 1.733087e+01 1.928802e+02 1.208527e+02 2.295821e-01 1.723939e+01 -2.968812e-01 4.052956e-03 -1.256827e-03 2.860446e-02
135.000 315.000 1.475982e+02 1.500667e+02 -8.292932e-03 1.725237e+01 1.508922e+02 1.451362e+02 1.944415e-02 1.720222e+01 -2.241764e-01 4.223506e-03 -1.138487e-03 1.251326e-02
135.000 345.000 1.430978e+02 1.097795e+02 1.317567e-01 1.576349e+01 1.448162e+02 1.082062e+02 1.446908e-01 1.573929e+01 -9.140366e-02 4.064522e-03 -5.806316e-04 1.415679e-02
165.000 15.000 8.108150e+01 8.163012e+01 -3.371752e-03 1.275577e+01 8.039925e+01 8.223870e+01 -1.131011e-02 1.275214e+01 7.426595e-02 3.076776e-03 4.401195e-04 -6.086475e-03
165.000 45.000 8.805056e+01 9.666262e+01 -4.662400e-02 1.357614e+01 8.547324e+01 9.898104e+01 -7.323117e-02 1.354493e+01 2.065531e-01 4.562912e-03 1.387415e-03 -1.864868e-02
165.000 75.000 9.916049e+01 9.026526e+01 4.695893e-02 1.374802e+01 9.511082e+01 9.342874e+01 8.921641e-03 1.373042e+01 2.834946e-01 5.144162e-03 1.957638e-03 -1.720507e-02
165.000 105.000 7.657533e+01 9.807120e+01 -1.230821e-01 1.311491e+01 7.320931e+01 1.015009e+02 -1.619344e-01 1.304334e+01 2.844739e-01 4.555329e-03 2.100493e-03 -3.107578e-02
165.000 135.000 9.131060e+01 9.454500e+01 -1.740275e-02 1.363082e+01 8.833312e+01 9.697249e+01 -4.662225e-02 1.359790e+01 2.092286e-01 3.065520e-03 1.517610e-03 -1.662639e-02
165.000 165.000 8.120134e+01 8.303864e+01 -1.118668e-02 1.281481e+01 7.997427e+01 8.413155e+01 -2.533293e-02 1.280627e+01 7.792074e-02 1.937828e-03 7.808342e-04 -6.953471e-03
165.000 195.000 7.058641e+01 8.740971e+01 -1.064792e-01 1.249819e+01 7.114354e+01 8.679752e+01 -9.911278e-02 1.250558e+01 -7.426593e-02 3.076776e-03 -4.166463e-04 -2.577436e-03
165.000 225.000 8.277386e+01 6.499342e+01 1.203273e-01 1.206763e+01 8.470900e+01 6.329437e+01 1.446902e-01 1.203764e+01 -2.065531e-01 4.562911e-03 -1.429324e-03 2.708736e-02
165.000 255.000 6.354561e+01 8.486637e+01 -1.436593e-01 1.205608e+01 6.565783e+01 8.130446e+01 -1.064670e-01 1.205390e+01 -2.834946e-01 5.144162e-03 -2.181580e-03 1.159873e-02
165.000 285.000 9.470712e+01 7.361798e+01 1.252882e-01 1.287179e+01 9.798666e+01 7.037107e+01 1.640292e-01 1.279953e+01 -2.844739e-01 4.555329e-03 -2.134207e-03 3.183412e-02
165.000 315.000 1.166152e+02 7.880190e+01 1.935005e-01 1.371496e+01 1.198268e+02 7.627336e+01 2.220980e-01 1.365383e+01 -2.092286e-01 3.065521e-03 -1.477702e-03 2.936421e-02
165.000 345.000 8.442175e+01 1.102651e+02 -1.327434e-01 1.382955e+01 8.531338e+01 1.090615e+02 -1.221767e-01 1.383739e+01 -7.792076e-02 1.937828e-03 -5.401210e-04 -3.964164e-03
195.000 15.000 9.933220e+01 1.321359e+02 -1.417203e-01 1.506052e+01 9.807530e+01 1.337460e+02 -1.538715e-01 1.504435e+01 7.792073e-02 1.937828e-03 5.708188e-04 -1.458390e-02
195.000 45.000 9.704102e+01 7.600755e+01 1.215467e-01 1.305726e+01 9.364729e+01 7.797175e+01 9.133916e-02 1.304558e+01 2.092286e-01 3.065520e-03 1.636598e-03 -6.715187e-03
195.000 75.000 6.482423e+01 1.478964e+02 -3.905225e-01 1.342681e+01 6.216840e+01 1.534156e+02 -4.232558e-01 1.330275e+01 2.844739e-01 4.555330e-03 1.731844e-03 -5.027229e-02
195.000 105.000 5.969742e+01 8.372186e+01 -1.675119e-01 1.180656e+01 5.745843e+01 8.659991e+01 -2.022894e-01 1.175429e+01 2.834946e-01 5.144162e-03 2.087473e-03 -3.819965e-02
195.000 135.000 9.785867e+01 6.598649e+01 1.945262e-01 1.255568e+01 9.503062e+01 6.762642e+01 1.684784e-01 1.257140e+01 2.065531e-01 4.562912e-03 1.466032e-03 -9.578861e-04
195.000 165.000 9.150227e+01 6.002318e+01 2.077479e-01 1.204100e+01 9.068835e+01 6.045376e+01 2.000408e-01 1.204549e+01 7.426596e-02 3.076776e-03 4.525129e-04 1.108562e-02
195.000 195.000 1.171172e+02 9.987070e+01 7.948150e-02 1.468391e+01 1.184901e+02 9.844030e+01 9.242501e-02 1.466551e+01 -7.792071e-02 1.937828e-03 -6.236877e-04 1.071937e-02
195.000 225.000 1.276206e+02 9.766685e+01 1.329581e-01 1.487632e+01 1.312617e+02 9.440877e+01 1.633043e-01 1.482067e+01 -2.092286e-01 3.065520e-03 -1.445127e-03 2.300211e-02
195.000 255.000 1.216682e+02 8.286757e+01 1.897010e-01 1.404191e+01 1.261622e+02 7.955815e+01 2.265409e-01 1.397006e+01 -2.844738e-01 4.555329e-03 -1.859894e-03 3.376854e-02
195.000 285.000 1.001041e+02 8.051470e+01 1.084571e-01 1.336017e+01 1.034884e+02 7.725752e+01 1.451257e-01 1.330185e+01 -2.834946e-01 5.144162e-03 -1.944983e-03 2.933732e-02
195.000 315.000 1.380539e+02 1.113187e+02 1.072098e-01 1.570052e+01 1.418779e+02 1.080221e+02 1.354775e-01 1.566248e+01 -2.065531e-01 4.562912e-03 -1.274642e-03 1.998424e-02
195.000 345.000 9.869574e+01 8.932789e+01 4.982274e-02 1.369514e+01 9.951769e+01 8.846467e+01 5.879817e-02 1.368695e+01 -7.426598e-02 3.076776e-03 -4.635577e-04 9.060783e-03
225.000 15.000 1.478459e+02 1.127677e+02 1.345984e-01 1.599663e+01 1.453943e+02 1.142337e+02 1.200205e-01 1.599650e+01 9.140363e-02 4.064522e-03 6.443977e-04 2.700241e-03
225.000 45.000 1.408210e+02 1.898335e+02 -1.482288e-01 1.798303e+01 1.363855e+02 1.944417e+02 -1.754881e-01 1.790640e+01 2.241764e-01 4.223506e-03 1.074142e-03 -2.070870e-02
225.000 75.000 1.396411e+02 1.975464e+02 -1.717301e-01 1.808987e+01 1.347303e+02 2.045073e+02 -2.056878e-01 1.802458e+01 2.968812e-01 4.052956e-03 1.329756e-03 -2.590462e-02
225.000 105.000 2.075799e+02 1.722196e+02 9.310246e-02 1.940380e+01 2.002325e+02 1.773780e+02 6.052390e-02 1.939658e+01 2.900370e-01 3.700978e-03 1.187438e-03 -1.014928e-02
225.000 135.000 1.483925e+02 1.487558e+02 -1.222598e-03 1.723798e+01 1.456890e+02 1.515307e+02 -1.965443e-02 1.723673e+01 2.054776e-01 3.518462e-03 7.561065e-04 -1.199098e-02
225.000 165.000 1.685405e+02 1.350455e+02 1.103312e-01 1.731735e+01 1.680207e+02 1.351810e+02 1.083096e-01 1.731025e+01 6.586066e-02 3.713640e-03 8.256345e-05 2.567979e-03
225.000 195.000 1.918989e+02 1.075214e+02 2.818030e-01 1.660248e+01 1.943725e+02 1.061258e+02 2.936678e-01 1.657055e+01 -9.140361e-02 4.064522e-03 -5.058163e-04 2.247896e-02
225.000 225.000 1.752080e+02 1.301325e+02 1.476239e-01 1.728254e+01 1.797525e+02 1.263618e+02 1.744141e-01 1.722795e+01 -2.241764e-01 4.223506e-03 -1.097840e-03 2.151306e-02
225.000 255.000 1.765041e+02 1.616070e+02 4.405972e-02 1.836994e+01 1.811022e+02 1.561023e+02 7.413884e-02 1.831259e+01 -2.968812e-01 4.052956e-03 -1.159632e-03 1.855972e-02
225.000 285.000 1.597388e+02 1.107190e+02 1.812477e-01 1.617322e+01 1.638509e+02 1.072347e+02 2.088498e-01 1.610159e+01 -2.900370e-01 3.700978e-03 -1.209462e-03 2.913982e-02
225.000 315.000 2.036678e+02 1.482811e+02 1.573714e-01 1.852654e+01 2.064903e+02 1.449741e+02 1.750281e-01 1.845799e+01 -2.054776e-01 3.518462e-03 -6.751529e-04 1.958537e-02
225.000 345.000 2.087323e+02 1.863456e+02 5.666392e-02 1.984463e+01 2.092345e+02 1.854527e+02 6.025494e-02 1.983064e+01 -6.586067e-02 3.713640e-03 -1.280009e-04 6.174194e-03
255.000 15.000 1.236878e+02 8.927881e+01 1.615697e-01 1.440164e+01 1.220838e+02 9.031054e+01 1.495955e-01 1.440976e+01 1.145927e-01 3.942185e-03 5.877564e-04 3.261923e-03
255.000 45.000 1.742529e+02 1.014881e+02 2.638881e-01 1.601684e+01 1.702282e+02 1.030437e+02 2.458520e-01 1.602356e+01 2.583889e-01 3.834254e-03 7.960867e-04 3.433390e-04
255.000 75.000 1.159165e+02 1.264836e+02 -4.359327e-02 1.555440e+01 1.127648e+02 1.290691e+02 -6.741964e-02 1.551563e+01 3.329501e-01 3.777496e-03 1.084503e-03 -2.420815e-02
255.000 105.000 1.278008e+02 1.076822e+02 8.543572e-02 1.528935e+01 1.252982e+02 1.093978e+02 6.774899e-02 1.528459e+01 3.182976e-01 3.831026e-03 8.181091e-04 -1.523033e-02
255.000 135.000 1.369303e+02 1.280411e+02 3.354781e-02 1.626878e+01 1.351359e+02 1.295489e+02 2.110821e-02 1.626551e+01 2.183575e-01 3.939045e-03 5.407294e-04 -1.135977e-02
255.000 165.000 1.165784e+02 1.694474e+02 -1.848401e-01 1.662087e+01 1.161952e+02 1.698451e+02 -1.875606e-01 1.661258e+01 5.990865e-02 3.993508e-03 1.157672e-04 -1.472539e-02
255.000 195.000 1.474798e+02 9.952375e+01 1.941513e-01 1.541729e+01 1.488043e+02 9.826301e+01 2.045648e-01 1.538598e+01 -1.145926e-01 3.942185e-03 -4.780975e-04 2.002582e-02
255.000 225.000 1.248179e+02 4.728739e+01 4.504830e-01 1.171235e+01 1.267694e+02 4.651715e+01 4.631189e-01 1.166706e+01 -2.583889e-01 3.834254e-03 -7.643411e-04 6.052346e-02
255.000 255.000 1.482873e+02 1.088954e+02 1.531669e-01 1.584769e+01 1.516628e+02 1.057274e+02 1.784658e-01 1.578583e+01 -3.329501e-01 3.777496e-03 -1.131015e-03 3.067431e-02
255.000 285.000 1.256693e+02 9.864508e+01 1.204746e-01 1.486804e+01 1.278891e+02 9.610734e+01 1.418852e-01 1.481510e+01 -3.182976e-01 3.831026e-03 -1.020079e-03 2.951109e-02
255.000 315.000 1.348334e+02 1.463669e+02 -4.101526e-02 1.675492e+01 1.374047e+02 1.430719e+02 -2.020566e-02 1.674402e+01 -2.183575e-01 3.939045e-03 -8.785119e-04 1.058449e-02
255.000 345.000 1.251890e+02 7.884222e+01 2.271552e-01 1.391055e+01 1.251621e+02 7.887786e+01 2.268391e-01 1.391190e+01 -5.990866e-02 3.993508e-03 1.606563e-05 2.063642e-02
285.000 15.000 8.660697e+01 2.766995e+01 5.157387e-01 9.158647e+00 8.674934e+01 2.674130e+01 5.287488e-01 9.042204e+00 1.246469e-01 3.993508e-03 -1.010875e-03 4.270190e-02
285.000 45.000 2.370743e+01 0.000000e+00 1.000000e+00 2.000000e+00 2.420819e+01 0.000000e+00 1.000000e+00 2.000000e+00 2.898490e-01 3.939045e-03 0.000000e+00 3.550748e-01
285.000 75.000 0.000000e+00 1.318936e+01 -1.000000e+00 2.000000e+00 0.000000e+00 1.346883e+01 -1.000000e+00 2.000000e+00 3.773862e-01 3.831026e-03 0.000000e+00 -6.886918e-01
285.000 105.000 2.629004e+01 0.000000e+00 1.000000e+00 2.000000e+00 2.517390e+01 0.000000e+00 1.000000e+00 2.000000e+00 3.638031e-01 3.777495e-03 0.000000e+00 3.180979e-01
285.000 135.000 8.369990e+01 2.925361e+01 4.820239e-01 9.311772e+00 8.002948e+01 3.093366e+01 4.424516e-01 9.446725e+00 2.527393e-01 3.834254e-03 2.983300e-03 2.462309e-02
285.000 165.000 7.140653e+01 3.697198e+01 3.177248e-01 9.871059e+00 6.946782e+01 3.823809e+01 2.899538e-01 9.932307e+00 7.395414e-02 3.942185e-03 1.983198e-03 2.469549e-02
285.000 195.000 0.000000e+00 3.631462e+01 -1.000000e+00 2.000000e+00 0.000000e+00 3.716110e+01 -1.000000e+00 2.000000e+00 -1.246469e-01 3.993508e-03 0.000000e+00 -4.376757e-01
285.000 225.000 4.893267e+01 2.900587e+00 8.880801e-01 3.309544e+00 4.907417e+01 2.915995e+00 8.878251e-01 3.318098e+00 -2.898490e-01 3.939045e-03 5.439569e-05 3.559186e-01
285.000 255.000 7.277539e+01 5.127813e+01 1.732902e-01 1.096942e+01 7.537456e+01 4.910296e+01 2.110550e-01 1.090563e+01 -3.773862e-01 3.831026e-03 -2.441468e-03 5.020103e-02
285.000 285.000 6.583292e+01 0.000000e+00 1.000000e+00 2.000000e+00 6.730027e+01 0.000000e+00 1.000000e+00 2.000000e+00 -3.638031e-01 3.777495e-03 0.000000e+00 6.819003e-01
285.000 315.000 5.225149e+01 7.672224e+01 -1.897344e-01 1.115037e+01 5.478149e+01 7.348025e+01 -1.457859e-01 1.120427e+01 -2.527393e-01 3.834254e-03 -2.780287e-03 5.650475e-03
285.000 345.000 2.620665e+01 3.435651e+01 -1.345681e-01 7.711449e+00 2.647319e+01 3.284611e+01 -1.074341e-01 7.657326e+00 -7.395416e-02 3.942185e-03 -2.496818e-03 -7.860251e-03
315.000 15.000 1.908523e+01 4.006082e+01 -3.546406e-01 7.190776e+00 1.998487e+01 3.914267e+01 -3.240080e-01 7.274631e+00 1.157732e-01 3.713640e-03 -2.994753e-03 -6.541905e-02
315.000 45.000 0.000000e+00 0.000000e+00         -nan         -nan 0.000000e+00 0.000000e+00         -nan         -nan 2.987376e-01 3.518461e-03         -nan         -nan
315.000 75.000 0.000000e+00 3.873511e+01 -1.000000e+00 2.000000e+00 0.000000e+00 3.788782e+01 -1.000000e+00 2.000000e+00 4.016555e-01 3.700978e-03 0.000000e+00 -7.008266e-01
315.000 105.000 2.252882e+01 0.000000e+00 1.000000e+00 2.000000e+00 2.221187e+01 0.000000e+00 1.000000e+00 2.000000e+00 3.969502e-01 4.052956e-03 0.000000e+00 3.015243e-01
315.000 135.000 0.000000e+00 8.568886e+00 -1.000000e+00 2.000000e+00 0.000000e+00 8.639023e+00 -1.000000e+00 2.000000e+00 2.858824e-01 4.223506e-03 0.000000e+00 -6.429398e-01
315.000 165.000 6.470304e+01 7.533593e+00 7.914190e-01 5.195348e+00 6.232734e+01 7.670371e+00 7.808394e-01 5.226796e+00 9.821261e-02 4.064522e-03 1.435580e-03 1.334282e-01
315.000 195.000 5.382356e+01 3.709571e+01 1.839858e-01 9.372384e+00 5.190222e+01 3.874219e+01 1.451830e-01 9.419861e+00 -1.157732e-01 3.713640e-03 2.920097e-03 3.198321e-02
315.000 225.000 3.833218e+01 0.000000e+00 1.000000e+00 2.000000e+00 3.790652e+01 0.000000e+00 1.000000e+00 2.000000e+00 -2.987376e-01 3.518461e-03 0.000000e+00 6.493678e-01
315.000 255.000 9.381856e+01 7.220390e+00 8.570771e-01 5.178575e+00 9.283110e+01 7.452915e+00 8.513638e-01 5.253201e+00 -4.016555e-01 3.700978e-03 7.745126e-04 2.430654e-01
315.000 285.000 0.000000e+00 0.000000e+00         -nan         -nan 0.000000e+00 0.000000e+00         -nan         -nan -3.969502e-01 4.052956e-03         -nan         -nan
315.000 315.000 3.559117e+01 3.580114e+01 -2.941134e-03 8.449361e+00 3.609041e+01 3.569866e+01 5.457005e-03 8.472717e+00 -2.858824e-01 4.223506e-03 -7.018495e-04 3.348670e-02
315.000 345.000 0.000000e+00 0.000000e+00         -nan         -nan 0.000000e+00 0.000000e+00         -nan         -nan -9.821263e-02 4.064522e-03         -nan         -nan
345.000 15.000 3.086406e+01 8.331888e+00 5.748597e-01 5.122803e+00 3.225925e+01 8.279401e+00 5.915305e-01 5.133599e+00 1.084373e-01 3.076777e-03 -2.298664e-03 9.104827e-02
345.000 45.000 0.000000e+00 0.000000e+00         -nan         -nan 0.000000e+00 0.000000e+00         -nan         -nan 2.965926e-01 4.562912e-03         -nan         -nan
345.000 75.000 0.000000e+00 8.313415e+01 -1.000000e+00 2.000000e+00 0.000000e+00 7.936132e+01 -1.000000e+00 2.000000e+00 4.052762e-01 5.144161e-03 0.000000e+00 -7.026358e-01
345.000 105.000 0.000000e+00 4.019076e+01 -1.000000e+00 2.000000e+00 0.000000e+00 3.896590e+01 -1.000000e+00 2.000000e+00 4.053664e-01 4.555329e-03 0.000000e+00 -7.026814e-01
345.000 135.000 0.000000e+00 2.364452e+01 -1.000000e+00 2.000000e+00 0.000000e+00 2.362846e+01 -1.000000e+00 2.000000e+00 2.968389e-01 3.065520e-03 0.000000e+00 -6.484187e-01
345.000 165.000 0.000000e+00 0.000000e+00         -nan         -nan 0.000000e+00 0.000000e+00         -nan         -nan 1.087737e-01 1.937829e-03         -nan         -nan
345.000 195.000 0.000000e+00 0.000000e+00         -nan         -nan 0.000000e+00 0.000000e+00         -nan         -nan -1.084373e-01 3.076776e-03         -nan         -nan
345.000 225.000 0.000000e+00 0.000000e+00         -nan         -nan 0.000000e+00 0.000000e+00         -nan         -nan -2.965926e-01 4.562912e-03         -nan         -nan
345.000 255.000 0.000000e+00 0.000000e+00         -nan         -nan 0.000000e+00 0.000000e+00         -nan         -nan -4.052762e-01 5.144161e-03         -nan         -nan
345.000 285.000 0.000000e+00 0.000000e+00         -nan         -nan 0.000000e+00 0.000000e+00         -nan         -nan -4.053664e-01 4.555329e-03         -nan         -nan
345.000 315.000 0.000000e+00 0.000000e+00         -nan         -nan 0.000000e+00 0.000000e+00         -nan         -nan -2.968390e-01 3.065520e-03         -nan         -nan
345.000 345.000 7.555349e+00 0.000000e+00 1.000000e+00 2.000000e+00 7.764800e+00 0.000000e+00 1.000000e+00 2.000000e+00 -1.087738e-01 1.937829e-03 0.000000e+00 5.543866e-01
