  #t  #Q2   A1M1_AVG      A_1M1     dA_1M1   A0P1_AVG      A_0P1     dA_0P1   A2M1_AVG      A_2M1     dA_2M1   A3M1_AVG      A_3M1     dA_3M1   A1P1_AVG      A_1P1     dA_1P1       Asym      Astat          t         tp         xb         Q2          W     Dilute
   1    0 -3.963e-02 -3.902e-02 6.0029e-03  3.451e-01  3.817e-01 5.9467e-03 -4.725e-03  1.025e-03 5.9502e-03  4.569e-04  3.684e-02 5.9707e-03  1.145e-02  1.453e-02 5.9091e-03 -3.6576e-02 1.9458e-03 1.6251e-01 1.4558e-02 3.3688e-01 4.3780e+00 3.1016e+00 7.9242e-01
   Phi   PhiS      N_U_avg      N_D_avg     Asym_avg    dAsym_avg      N_U_fit      N_D_fit     Asym_fit    dAsym_fit     Asym_cal    dAsym_cal     GOOD_fit     GOOD_cal
15.000 15.000 1.751103e+03 1.577235e+03 5.223868e-02 5.761298e+01 1.729530e+03 1.596928e+03 3.986260e-02 5.762961e+01 1.247415e-01 4.730988e-03 1.518745e-04 -1.258446e-03
15.000 45.000 6.011780e+02 1.359060e+03 -3.866276e-01 4.083161e+01 5.895999e+02 1.374154e+03 -3.995174e-01 4.062402e+01 3.017307e-01 7.433041e-03 2.237896e-04 -1.685847e-02
15.000 75.000 1.276858e+03 2.478038e+03 -3.198969e-01 5.805723e+01 1.251730e+03 2.511829e+03 -3.348158e-01 5.780707e+01 3.978714e-01 1.102509e-02 1.820966e-04 -1.236312e-02
15.000 105.000 1.005799e+03 1.010862e+03 -2.510380e-03 4.490710e+01 9.927779e+02 1.020639e+03 -1.383786e-02 4.486682e+01 3.874028e-01 1.244939e-02 1.784424e-04 -8.682661e-03
15.000 135.000 1.342684e+03 1.198421e+03 5.677164e-02 5.032808e+01 1.335955e+03 1.202118e+03 5.273161e-02 5.030920e+01 2.731299e-01 1.105077e-02 5.677290e-05 -4.298957e-03
15.000 165.000 1.059501e+03 1.107150e+03 -2.199192e-02 4.653605e+01 1.066805e+03 1.099246e+03 -1.497675e-02 4.653564e+01 8.567209e-02 7.471076e-03 -1.065947e-04 -2.313561e-03
15.000 195.000 1.173597e+03 9.491709e+02 1.057233e-01 4.581529e+01 1.184695e+03 9.384432e+02 1.159846e-01 4.576654e+01 -1.247415e-01 4.730988e-03 -1.584559e-04 5.030304e-03
15.000 225.000 1.412306e+03 8.028594e+02 2.751246e-01 4.524922e+01 1.431315e+03 7.915686e+02 2.878002e-01 4.515268e+01 -3.017307e-01 7.433040e-03 -1.982919e-04 1.274840e-02
15.000 255.000 2.002303e+03 5.717534e+02 5.557569e-01 4.217841e+01 2.027176e+03 5.571781e+02 5.688067e-01 4.181159e+01 -3.978714e-01 1.102509e-02 -2.197295e-04 2.260939e-02
15.000 285.000 1.085645e+03 9.823886e+02 4.992995e-02 4.541892e+01 1.094607e+03 9.734813e+02 5.856912e-02 4.539818e+01 -3.874028e-01 1.244939e-02 -1.345302e-04 9.628867e-03
15.000 315.000 2.038596e+03 1.069210e+03 3.119196e-01 5.296637e+01 2.038424e+03 1.067359e+03 3.126637e-01 5.293549e+01 -2.731299e-01 1.105077e-02 -9.935992e-06 1.104568e-02
15.000 345.000 1.964108e+03 1.716063e+03 6.740017e-02 6.052646e+01 1.957754e+03 1.723562e+03 6.361634e-02 6.055095e+01 -8.567211e-02 7.471077e-03 4.419615e-05 2.529014e-03
45.000 15.000 8.943843e+02 1.342509e+03 -2.003335e-01 4.633701e+01 8.785270e+02 1.366326e+03 -2.172966e-01 4.624777e+01 1.247590e-01 9.865892e-03 2.591081e-04 -7.015827e-03
45.000 45.000 9.854985e+02 1.365731e+03 -1.617164e-01 4.785122e+01 9.556909e+02 1.399845e+03 -1.885577e-01 4.766327e+01 3.219974e-01 1.029324e-02 3.974176e-04 -1.010870e-02
45.000 75.000 1.433562e+03 1.592877e+03 -5.264115e-02 5.493680e+01 1.381453e+03 1.640463e+03 -8.571058e-02 5.476967e+01 4.329569e-01 9.864065e-03 4.262937e-04 -8.839212e-03
45.000 105.000 1.322358e+03 1.406447e+03 -3.081558e-02 5.221316e+01 1.278160e+03 1.433449e+03 -5.726833e-02 5.198765e+01 4.279059e-01 8.946162e-03 3.590160e-04 -8.785553e-03
45.000 135.000 1.176733e+03 1.519105e+03 -1.270001e-01 5.150103e+01 1.151096e+03 1.536605e+03 -1.434346e-01 5.130697e+01 3.081979e-01 8.450969e-03 2.260698e-04 -8.450278e-03
45.000 165.000 1.597515e+03 1.920298e+03 -9.175677e-02 5.906095e+01 1.606599e+03 1.916597e+03 -8.798771e-02 5.912631e+01 1.059085e-01 8.948177e-03 -4.510016e-05 -3.346801e-03
45.000 195.000 8.347252e+02 1.326023e+03 -2.273740e-01 4.526632e+01 8.451669e+02 1.304544e+03 -2.136926e-01 4.529399e+01 -1.247590e-01 9.865892e-03 -2.136516e-04 -2.266916e-03
45.000 225.000 1.131142e+03 1.109455e+03 9.679302e-03 4.733272e+01 1.160302e+03 1.073298e+03 3.895244e-02 4.722510e+01 -3.219974e-01 1.029324e-02 -4.378108e-04 7.007345e-03
45.000 255.000 1.728718e+03 1.029590e+03 2.534626e-01 5.080458e+01 1.777793e+03 9.873634e+02 2.858535e-01 5.039057e+01 -4.329569e-01 9.864065e-03 -4.526620e-04 1.351098e-02
45.000 285.000 1.987883e+03 9.061657e+02 3.737729e-01 4.989721e+01 2.034092e+03 8.702328e+02 4.007332e-01 4.937538e+01 -4.279059e-01 8.946162e-03 -3.840641e-04 1.606660e-02
45.000 315.000 1.629270e+03 1.290982e+03 1.158421e-01 5.367554e+01 1.655564e+03 1.269139e+03 1.321244e-01 5.360641e+01 -3.081979e-01 8.450969e-03 -2.146359e-04 7.900061e-03
45.000 345.000 1.045137e+03 1.809619e+03 -2.677925e-01 5.147848e+01 1.049222e+03 1.805288e+03 -2.648670e-01 5.151945e+01 -1.059085e-01 8.948177e-03 -4.016773e-05 -3.144692e-03
75.000 15.000 2.165315e+03 1.228013e+03 2.762191e-01 5.598596e+01 2.173962e+03 1.221509e+03 2.805068e-01 5.593122e+01 6.183370e-02 9.535576e-03 -5.418021e-05 3.829271e-03
75.000 45.000 1.272237e+03 3.218043e+03 -4.333375e-01 6.039113e+01 1.259815e+03 3.263455e+03 -4.429627e-01 6.029703e+01 2.639661e-01 9.268852e-03 1.127879e-04 -1.154646e-02
75.000 75.000 1.963626e+03 4.139858e+03 -3.565556e-01 7.298998e+01 1.899389e+03 4.232675e+03 -3.805059e-01 7.241709e+01 3.953690e-01 9.147089e-03 2.329362e-04 -1.030175e-02
75.000 105.000 1.468666e+03 2.651954e+03 -2.871627e-01 6.148840e+01 1.416906e+03 2.716456e+03 -3.144051e-01 6.103095e+01 4.208331e-01 9.297443e-03 3.144508e-04 -1.151430e-02
75.000 135.000 1.380943e+03 9.743990e+02 1.726052e-01 4.780346e+01 1.331244e+03 9.971636e+02 1.434802e-01 4.775431e+01 3.335353e-01 9.563369e-03 4.310371e-04 -3.366495e-03
75.000 165.000 2.299374e+03 1.860762e+03 1.054321e-01 6.413963e+01 2.250864e+03 1.891348e+03 8.679323e-02 6.411715e+01 1.568670e-01 9.679897e-03 2.055204e-04 -8.019199e-04
75.000 195.000 2.183124e+03 2.135987e+03 1.091375e-02 6.571603e+01 2.187627e+03 2.140641e+03 1.085555e-02 6.578570e+01 -6.183368e-02 9.535576e-03 6.258281e-07 1.106997e-03
75.000 225.000 1.610484e+03 1.414418e+03 6.481748e-02 5.488345e+01 1.640332e+03 1.399122e+03 7.935964e-02 5.495736e+01 -2.639661e-01 9.268852e-03 -1.872321e-04 5.990577e-03
75.000 255.000 1.996153e+03 1.247702e+03 2.307290e-01 5.541810e+01 2.037387e+03 1.213539e+03 2.534195e-01 5.515566e+01 -3.953690e-01 9.147089e-03 -2.902063e-04 1.129772e-02
75.000 285.000 2.834419e+03 1.682129e+03 2.551263e-01 6.498129e+01 2.916102e+03 1.623743e+03 2.846703e-01 6.459062e+01 -4.208331e-01 9.297443e-03 -3.224568e-04 1.040237e-02
75.000 315.000 2.260413e+03 1.969304e+03 6.882479e-02 6.488206e+01 2.318338e+03 1.899877e+03 9.920317e-02 6.462741e+01 -3.335353e-01 9.563369e-03 -3.317242e-04 6.201407e-03
75.000 345.000 1.861672e+03 1.744358e+03 3.253287e-02 6.001844e+01 1.894552e+03 1.715563e+03 4.957984e-02 6.001034e+01 -1.568670e-01 9.679897e-03 -2.008522e-04 3.155695e-03
105.000 15.000 2.388378e+03 2.232525e+03 3.372784e-02 6.793855e+01 2.409753e+03 2.217934e+03 4.145039e-02 6.796864e+01 4.018491e-02 9.679898e-03 -8.035873e-05 -9.504279e-05
105.000 45.000 2.280063e+03 2.053654e+03 5.224371e-02 6.574108e+01 2.282759e+03 2.045339e+03 5.485546e-02 6.568922e+01 2.068006e-01 9.563369e-03 -2.810292e-05 -2.350995e-03
105.000 75.000 1.986914e+03 2.836787e+03 -1.761869e-01 6.836640e+01 1.975662e+03 2.845252e+03 -1.803785e-01 6.829392e+01 3.180043e-01 9.297443e-03 4.337604e-05 -7.228569e-03
105.000 105.000 2.128615e+03 2.677143e+03 -1.141396e-01 6.887053e+01 2.101167e+03 2.700437e+03 -1.248063e-01 6.875181e+01 3.439990e-01 9.147089e-03 1.096107e-04 -6.652172e-03
105.000 135.000 2.092777e+03 2.607983e+03 -1.096006e-01 6.814905e+01 2.066499e+03 2.634430e+03 -1.208125e-01 6.806112e+01 2.778194e-01 9.268852e-03 1.164093e-04 -5.684891e-03
105.000 165.000 2.072458e+03 2.409563e+03 -7.521279e-02 6.675826e+01 2.049448e+03 2.434364e+03 -8.584572e-02 6.671409e+01 1.371983e-01 9.535576e-03 1.126618e-04 -3.181795e-03
105.000 195.000 2.586032e+03 2.633635e+03 -9.119838e-03 7.224426e+01 2.558934e+03 2.652715e+03 -1.799444e-02 7.218007e+01 -4.018489e-02 9.679898e-03 8.690074e-05 4.300003e-04
105.000 225.000 2.010884e+03 2.442953e+03 -9.701058e-02 6.642230e+01 2.013542e+03 2.451097e+03 -9.800456e-02 6.649629e+01 -2.068006e-01 9.563369e-03 1.057567e-05 1.652909e-03
105.000 255.000 3.008645e+03 1.972775e+03 2.079468e-01 6.903632e+01 3.020072e+03 1.958691e+03 2.131817e-01 6.893835e+01 -3.180043e-01 9.297443e-03 -5.365718e-05 7.618469e-03
105.000 285.000 2.502370e+03 2.206646e+03 6.279954e-02 6.848682e+01 2.524864e+03 2.182335e+03 7.276700e-02 6.842715e+01 -3.439990e-01 9.147089e-03 -1.029560e-04 5.939807e-03
105.000 315.000 1.433474e+03 1.694255e+03 -8.337716e-02 5.573137e+01 1.449031e+03 1.677418e+03 -7.305006e-02 5.576527e+01 -2.778194e-01 9.268852e-03 -1.309880e-04 3.488919e-03
105.000 345.000 1.995836e+03 2.235299e+03 -5.659545e-02 6.494292e+01 2.014488e+03 2.214917e+03 -4.738927e-02 6.496081e+01 -1.371984e-01 9.535576e-03 -1.002242e-04 1.241135e-03
135.000 15.000 1.670138e+03 1.706755e+03 -1.084338e-02 5.810762e+01 1.654608e+03 1.722514e+03 -2.010757e-02 5.810126e+01 8.969384e-02 8.948177e-03 1.127413e-04 -1.730190e-03
135.000 45.000 2.445223e+03 1.670596e+03 1.882074e-01 6.300816e+01 2.404236e+03 1.691277e+03 1.740830e-01 6.301903e+01 2.301579e-01 8.450968e-03 1.584973e-04 -6.657944e-04
135.000 75.000 1.821669e+03 3.720305e+03 -3.425919e-01 6.993938e+01 1.797322e+03 3.773454e+03 -3.547319e-01 6.978380e+01 3.089513e-01 8.946162e-03 1.228751e-04 -9.315827e-03
135.000 105.000 1.745059e+03 2.810199e+03 -2.338266e-01 6.562164e+01 1.725113e+03 2.836332e+03 -2.436112e-01 6.550373e+01 3.049615e-01 9.864065e-03 1.055290e-04 -8.210523e-03
135.000 135.000 2.074076e+03 3.128966e+03 -2.027449e-01 7.063405e+01 2.071336e+03 3.134253e+03 -2.041876e-01 7.062970e+01 2.192575e-01 1.029324e-02 1.444400e-05 -5.974489e-03
135.000 165.000 2.220069e+03 2.275778e+03 -1.239121e-02 6.704593e+01 2.237837e+03 2.261559e+03 -5.272302e-03 6.707660e+01 7.480360e-02 9.865893e-03 -7.506314e-05 -1.300523e-03
135.000 195.000 2.113929e+03 2.244172e+03 -2.988533e-02 6.598643e+01 2.136785e+03 2.211333e+03 -1.714487e-02 6.593056e+01 -8.969382e-02 8.948177e-03 -1.365839e-04 9.063756e-04
135.000 225.000 2.770132e+03 1.287488e+03 3.653976e-01 5.929473e+01 2.814763e+03 1.271712e+03 3.775994e-01 5.919307e+01 -2.301579e-01 8.450968e-03 -1.456349e-04 1.004399e-02
135.000 255.000 1.802655e+03 2.337127e+03 -1.291063e-01 6.380266e+01 1.831904e+03 2.301846e+03 -1.136842e-01 6.387742e+01 -3.089513e-01 8.946162e-03 -1.708182e-04 2.818770e-03
135.000 285.000 1.421265e+03 1.954019e+03 -1.578398e-01 5.736893e+01 1.430655e+03 1.938106e+03 -1.506342e-01 5.737876e+01 -3.049615e-01 9.864065e-03 -8.880552e-05 2.564484e-03
135.000 315.000 3.235488e+03 1.825749e+03 2.785364e-01 6.832697e+01 3.230925e+03 1.821696e+03 2.789105e-01 6.826106e+01 -2.192575e-01 1.029324e-02 -3.873304e-06 7.285467e-03
135.000 345.000 2.518388e+03 2.122760e+03 8.524361e-02 6.787800e+01 2.502098e+03 2.137523e+03 7.857857e-02 6.790415e+01 -7.480361e-02 9.865893e-03 6.941841e-05 2.357866e-03
165.000 15.000 1.638452e+03 1.753836e+03 -3.401338e-02 5.820965e+01 1.604812e+03 1.786635e+03 -5.361212e-02 5.815238e+01 1.104608e-01 7.471076e-03 2.381945e-04 -2.481963e-03
165.000 45.000 1.720007e+03 2.366216e+03 -1.581433e-01 6.311917e+01 1.661319e+03 2.446095e+03 -1.910633e-01 6.290844e+01 2.646953e-01 1.105077e-02 3.694096e-04 -6.699052e-03
165.000 75.000 1.278546e+03 1.639958e+03 -1.238346e-01 5.360735e+01 1.224556e+03 1.699481e+03 -1.624210e-01 5.335634e+01 3.480048e-01 1.244939e-02 5.101660e-04 -8.801768e-03
165.000 105.000 1.825192e+03 2.610454e+03 -1.770345e-01 6.554867e+01 1.773883e+03 2.677681e+03 -2.030292e-01 6.533045e+01 3.380668e-01 1.102509e-02 2.808847e-04 -7.858303e-03
165.000 135.000 1.479906e+03 1.656339e+03 -5.625599e-02 5.591350e+01 1.452262e+03 1.685081e+03 -7.420913e-02 5.585754e+01 2.375440e-01 7.433041e-03 2.271570e-04 -5.254545e-03
165.000 165.000 2.335732e+03 1.881019e+03 1.078349e-01 6.455786e+01 2.341801e+03 1.875747e+03 1.105036e-01 6.454493e+01 7.337153e-02 4.730989e-03 -2.923438e-05 5.338361e-04
165.000 195.000 1.506386e+03 1.156571e+03 1.313635e-01 5.115666e+01 1.536307e+03 1.135630e+03 1.499576e-01 5.110628e+01 -1.104608e-01 7.471076e-03 -2.571410e-04 4.727132e-03
165.000 225.000 1.847912e+03 1.164645e+03 2.268063e-01 5.345640e+01 1.897556e+03 1.123820e+03 2.560871e-01 5.313410e+01 -2.646953e-01 1.105077e-02 -3.884880e-04 9.194438e-03
165.000 255.000 2.108123e+03 1.417658e+03 1.958333e-01 5.822855e+01 2.163391e+03 1.361463e+03 2.275066e-01 5.781358e+01 -3.480048e-01 1.244939e-02 -3.860031e-04 9.339715e-03
165.000 285.000 2.940935e+03 1.837528e+03 2.309125e-01 6.725826e+01 3.007291e+03 1.781248e+03 2.560369e-01 6.689265e+01 -3.380668e-01 1.102509e-02 -2.648597e-04 8.459620e-03
165.000 315.000 2.592321e+03 1.648644e+03 2.225145e-01 6.349003e+01 2.626846e+03 1.618297e+03 2.375770e-01 6.328930e+01 -2.375440e-01 7.433041e-03 -1.680210e-04 7.246155e-03
165.000 345.000 2.415220e+03 1.220246e+03 3.286988e-01 5.694453e+01 2.413317e+03 1.223371e+03 3.272060e-01 5.698535e+01 -7.337155e-02 4.730989e-03 1.853088e-05 7.060737e-03
195.000 15.000 1.836544e+03 1.771347e+03 1.807049e-02 6.005591e+01 1.834638e+03 1.778630e+03 1.550070e-02 6.010325e+01 7.337152e-02 4.730987e-03 3.024523e-05 -9.208257e-04
195.000 45.000 1.597893e+03 2.315111e+03 -1.832910e-01 6.149426e+01 1.563388e+03 2.357943e+03 -2.026236e-01 6.132158e+01 2.375440e-01 7.433041e-03 2.226134e-04 -6.843484e-03
195.000 75.000 1.322875e+03 2.377567e+03 -2.850181e-01 5.830811e+01 1.292189e+03 2.439912e+03 -3.075273e-01 5.813041e+01 3.380668e-01 1.102509e-02 2.733873e-04 -1.068608e-02
195.000 105.000 1.844258e+03 2.038953e+03 -5.013759e-02 6.223704e+01 1.766696e+03 2.095718e+03 -8.518543e-02 6.192242e+01 3.480048e-01 1.244939e-02 3.992042e-04 -6.397195e-03
195.000 135.000 1.869442e+03 1.773423e+03 2.635813e-02 6.033518e+01 1.803887e+03 1.822267e+03 -5.068551e-03 6.021678e+01 2.646953e-01 1.105077e-02 3.686711e-04 -3.950218e-03
195.000 165.000 2.334727e+03 2.033723e+03 6.890413e-02 6.593716e+01 2.281662e+03 2.070570e+03 4.850197e-02 6.589381e+01 1.104608e-01 7.471075e-03 2.188637e-04 -6.302471e-04
195.000 195.000 1.603721e+03 1.974367e+03 -1.035878e-01 5.949532e+01 1.602755e+03 1.980548e+03 -1.054316e-01 5.952707e+01 -7.337150e-02 4.730987e-03 2.190769e-05 -5.078773e-04
195.000 225.000 2.558887e+03 1.051602e+03 4.174738e-01 5.460071e+01 2.594078e+03 1.036254e+03 4.291132e-01 5.442288e+01 -2.375440e-01 7.433041e-03 -1.509822e-04 1.199651e-02
195.000 255.000 2.087974e+03 2.719410e+03 -1.313470e-01 6.873461e+01 2.139079e+03 2.631563e+03 -1.032324e-01 6.870081e+01 -3.380668e-01 1.102509e-02 -2.892999e-04 3.007507e-03
195.000 285.000 3.216623e+03 1.773234e+03 2.892645e-01 6.761905e+01 3.312228e+03 1.702614e+03 3.209699e-01 6.706865e+01 -3.480048e-01 1.244939e-02 -3.329023e-04 9.424406e-03
195.000 315.000 1.944345e+03 1.635350e+03 8.631886e-02 5.960724e+01 2.003879e+03 1.574315e+03 1.200504e-01 5.938539e+01 -2.646953e-01 1.105077e-02 -4.008949e-04 5.888784e-03
195.000 345.000 2.413790e+03 1.887864e+03 1.222613e-01 6.509496e+01 2.456746e+03 1.855304e+03 1.394792e-01 6.502431e+01 -1.104609e-01 7.471076e-03 -1.871342e-04 3.575118e-03
225.000 15.000 2.727656e+03 2.398820e+03 6.414456e-02 7.145196e+01 2.750497e+03 2.379715e+03 7.227426e-02 7.143818e+01 7.480357e-02 9.865892e-03 -8.046134e-05 -1.491773e-04
225.000 45.000 2.192674e+03 2.183038e+03 2.202253e-03 6.614900e+01 2.187769e+03 2.178152e+03 2.202936e-03 6.607496e+01 2.192574e-01 1.029324e-02 -7.302969e-09 -3.281307e-03
225.000 75.000 1.823981e+03 2.524503e+03 -1.610956e-01 6.508174e+01 1.812178e+03 2.549873e+03 -1.691165e-01 6.509450e+01 3.049615e-01 9.864065e-03 8.713812e-05 -7.161102e-03
225.000 105.000 1.623575e+03 2.327827e+03 -1.782285e-01 6.185373e+01 1.602077e+03 2.352014e+03 -1.896610e-01 6.174025e+01 3.089513e-01 8.946162e-03 1.308150e-04 -7.876320e-03
225.000 135.000 1.890398e+03 2.502411e+03 -1.393215e-01 6.563187e+01 1.840481e+03 2.532863e+03 -1.583187e-01 6.529722e+01 2.301579e-01 8.450969e-03 2.051949e-04 -5.629572e-03
225.000 165.000 1.855644e+03 2.194501e+03 -8.366535e-02 6.341762e+01 1.831665e+03 2.225192e+03 -9.700306e-02 6.339309e+01 8.969387e-02 8.948177e-03 1.487443e-04 -2.733612e-03
225.000 195.000 2.977316e+03 3.116596e+03 -2.285559e-02 7.804313e+01 2.959507e+03 3.135014e+03 -2.879752e-02 7.803503e+01 -7.480356e-02 9.865892e-03 5.383939e-05 6.656315e-04
225.000 225.000 1.746931e+03 2.243072e+03 -1.243461e-01 6.267623e+01 1.746779e+03 2.243138e+03 -1.244034e-01 6.267511e+01 -2.192574e-01 1.029324e-02 6.464838e-07 1.514312e-03
225.000 255.000 1.886261e+03 2.375203e+03 -1.147356e-01 6.484879e+01 1.899651e+03 2.353981e+03 -1.068100e-01 6.484678e+01 -3.049614e-01 9.864065e-03 -8.642170e-05 2.933376e-03
225.000 285.000 1.744667e+03 2.083278e+03 -8.845752e-02 6.162785e+01 1.762948e+03 2.055516e+03 -7.661918e-02 6.161207e+01 -3.089513e-01 8.946162e-03 -1.358484e-04 3.577827e-03
225.000 315.000 2.645919e+03 2.087892e+03 1.178811e-01 6.832298e+01 2.677801e+03 2.054049e+03 1.318199e-01 6.818817e+01 -2.301579e-01 8.450969e-03 -1.444017e-04 5.094025e-03
225.000 345.000 3.525696e+03 2.782928e+03 1.177385e-01 7.887441e+01 3.570290e+03 2.749828e+03 1.298175e-01 7.882644e+01 -8.969388e-02 8.948177e-03 -1.083203e-04 2.629908e-03
255.000 15.000 2.787763e+03 2.209934e+03 1.156190e-01 7.022029e+01 2.751447e+03 2.229249e+03 1.048443e-01 7.018509e+01 1.371983e-01 9.535576e-03 1.085264e-04 -3.073091e-04
255.000 45.000 1.567665e+03 3.019324e+03 -3.164732e-01 6.424623e+01 1.547545e+03 3.055735e+03 -3.276339e-01 6.410262e+01 2.778194e-01 9.268852e-03 1.229747e-04 -9.250233e-03
255.000 75.000 1.659055e+03 2.532779e+03 -2.084348e-01 6.332234e+01 1.633077e+03 2.556070e+03 -2.203295e-01 6.313307e+01 3.439989e-01 9.147089e-03 1.330239e-04 -8.724152e-03
255.000 105.000 1.315951e+03 3.254777e+03 -4.241833e-01 6.122344e+01 1.303860e+03 3.273702e+03 -4.303257e-01 6.107281e+01 3.180043e-01 9.297443e-03 7.103008e-05 -1.212260e-02
255.000 135.000 1.923261e+03 2.495030e+03 -1.294096e-01 6.591129e+01 1.932512e+03 2.492126e+03 -1.264767e-01 6.598378e+01 2.068006e-01 9.563369e-03 -3.144715e-05 -5.100951e-03
255.000 165.000 2.362254e+03 1.881668e+03 1.132409e-01 6.472635e+01 2.380887e+03 1.867361e+03 1.208795e-01 6.470064e+01 4.018493e-02 9.679897e-03 -8.346427e-05 1.128690e-03
255.000 195.000 1.754502e+03 2.564047e+03 -1.874577e-01 6.455070e+01 1.769863e+03 2.540485e+03 -1.787841e-01 6.459546e+01 -1.371983e-01 9.535576e-03 -9.498037e-05 -7.786031e-04
255.000 225.000 2.732939e+03 2.259844e+03 9.475579e-02 7.034169e+01 2.767079e+03 2.224424e+03 1.087158e-01 7.023181e+01 -2.778194e-01 9.268852e-03 -1.404417e-04 5.296647e-03
255.000 255.000 3.067390e+03 1.468496e+03 3.524988e-01 6.302601e+01 3.097863e+03 1.454882e+03 3.608771e-01 6.292718e+01 -3.439989e-01 9.147089e-03 -9.407285e-05 1.105096e-02
255.000 285.000 2.067840e+03 1.679197e+03 1.037201e-01 6.088289e+01 2.083070e+03 1.675493e+03 1.084396e-01 6.094560e+01 -3.180043e-01 9.297443e-03 -5.478505e-05 6.926812e-03
255.000 315.000 1.815772e+03 1.910776e+03 -2.549379e-02 6.102562e+01 1.815868e+03 1.916118e+03 -2.686237e-02 6.106794e+01 -2.068007e-01 9.563369e-03 1.585226e-05 2.970996e-03
255.000 345.000 1.885806e+03 2.886152e+03 -2.096300e-01 6.754447e+01 1.870855e+03 2.912985e+03 -2.178438e-01 6.750421e+01 -4.018495e-02 9.679897e-03 8.601313e-05 -2.508645e-03
285.000 15.000 1.507785e+03 2.201323e+03 -1.869823e-01 5.982833e+01 1.480206e+03 2.241855e+03 -2.046309e-01 5.971770e+01 1.568670e-01 9.679898e-03 2.087808e-04 -5.747265e-03
285.000 45.000 1.034366e+03 2.146147e+03 -3.495603e-01 5.283823e+01 1.001061e+03 2.203346e+03 -3.751974e-01 5.247202e+01 3.335353e-01 9.563369e-03 3.442788e-04 -1.292806e-02
285.000 75.000 8.723650e+02 2.847774e+03 -5.310041e-01 5.168354e+01 8.406763e+02 2.911991e+03 -5.519580e-01 5.108218e+01 4.208330e-01 9.297442e-03 2.883526e-04 -1.841664e-02
285.000 105.000 1.512607e+03 1.783778e+03 -8.226323e-02 5.721956e+01 1.476069e+03 1.815029e+03 -1.029930e-01 5.706302e+01 3.953690e-01 9.147089e-03 2.565241e-04 -8.347359e-03
285.000 135.000 1.640184e+03 1.604523e+03 1.099037e-02 5.695889e+01 1.619093e+03 1.624696e+03 -1.727263e-03 5.695418e+01 2.639661e-01 9.268852e-03 1.578875e-04 -4.441373e-03
285.000 165.000 1.731300e+03 2.605913e+03 -2.016533e-01 6.450461e+01 1.737067e+03 2.606914e+03 -2.002418e-01 6.457400e+01 6.183371e-02 9.535576e-03 -1.546524e-05 -4.084778e-03
285.000 195.000 1.897463e+03 2.138647e+03 -5.975646e-02 6.341686e+01 1.931750e+03 2.105081e+03 -4.293733e-02 6.347746e+01 -1.568669e-01 9.679898e-03 -1.874461e-04 1.531304e-03
285.000 225.000 2.356610e+03 1.914322e+03 1.035578e-01 6.500100e+01 2.414742e+03 1.852610e+03 1.317285e-01 6.475572e+01 -3.335352e-01 9.563369e-03 -3.070305e-04 6.724405e-03
285.000 255.000 2.315773e+03 1.574896e+03 1.904239e-01 6.123388e+01 2.375192e+03 1.523185e+03 2.185545e-01 6.092755e+01 -4.208330e-01 9.297442e-03 -3.256548e-04 9.982333e-03
285.000 285.000 2.584020e+03 1.912456e+03 1.493535e-01 6.630366e+01 2.630193e+03 1.848433e+03 1.745535e-01 6.589512e+01 -3.953690e-01 9.147089e-03 -2.695791e-04 8.215572e-03
285.000 315.000 2.330256e+03 1.763175e+03 1.385343e-01 6.336301e+01 2.357444e+03 1.737421e+03 1.514147e-01 6.325334e+01 -2.639661e-01 9.268852e-03 -1.438642e-04 6.352294e-03
285.000 345.000 1.437184e+03 2.534064e+03 -2.762053e-01 6.056636e+01 1.432522e+03 2.516391e+03 -2.744728e-01 6.042698e+01 -6.183374e-02 9.535576e-03 -2.025011e-05 -3.539449e-03
315.000 15.000 9.740203e+02 1.648989e+03 -2.573259e-01 4.949063e+01 9.791867e+02 1.642745e+03 -2.530799e-01 4.953785e+01 1.059085e-01 8.948177e-03 -6.063646e-05 -7.339458e-03
315.000 45.000 8.795294e+02 1.309057e+03 -1.962578e-01 4.587252e+01 8.682714e+02 1.330570e+03 -2.102464e-01 4.584370e+01 3.081979e-01 8.450968e-03 2.156958e-04 -1.099690e-02
315.000 75.000 8.035344e+02 1.614038e+03 -3.352551e-01 4.632328e+01 7.838723e+02 1.654293e+03 -3.569983e-01 4.612404e+01 4.279059e-01 8.946162e-03 3.326169e-04 -1.647467e-02
315.000 105.000 1.196118e+03 1.914259e+03 -2.308856e-01 5.426388e+01 1.144571e+03 1.961722e+03 -2.630631e-01 5.377110e+01 4.329569e-01 9.864065e-03 4.212100e-04 -1.223360e-02
315.000 135.000 1.578515e+03 1.470258e+03 3.550843e-02 5.518087e+01 1.527630e+03 1.508337e+03 6.354862e-03 5.509849e+01 3.219975e-01 1.029324e-02 3.738629e-04 -5.191817e-03
315.000 165.000 1.280250e+03 1.070697e+03 8.913536e-02 4.829357e+01 1.254874e+03 1.089953e+03 7.033401e-02 4.830348e+01 1.247590e-01 9.865893e-03 2.752581e-04 -7.376485e-04
315.000 195.000 1.620334e+03 1.591705e+03 8.913214e-03 5.667260e+01 1.620312e+03 1.591766e+03 8.887097e-03 5.667295e+01 -1.059085e-01 8.948177e-03 3.258672e-07 2.026053e-03
315.000 225.000 1.924034e+03 1.212833e+03 2.267233e-01 5.454926e+01 1.949095e+03 1.191455e+03 2.412443e-01 5.438542e+01 -3.081979e-01 8.450968e-03 -1.885152e-04 9.806204e-03
315.000 255.000 1.927539e+03 1.669658e+03 7.168955e-02 5.982232e+01 1.976951e+03 1.614507e+03 1.009181e-01 5.962282e+01 -4.279059e-01 8.946162e-03 -3.460615e-04 8.351322e-03
315.000 285.000 1.373781e+03 1.419604e+03 -1.640403e-02 5.284537e+01 1.412407e+03 1.374396e+03 1.363993e-02 5.278527e+01 -4.329569e-01 9.864065e-03 -4.022371e-04 7.882485e-03
315.000 315.000 1.520306e+03 1.071249e+03 1.732772e-01 5.013724e+01 1.559397e+03 1.038056e+03 2.007126e-01 4.992808e+01 -3.219975e-01 1.029324e-02 -3.877401e-04 9.878379e-03
315.000 345.000 1.346216e+03 9.625420e+02 1.661820e-01 4.738141e+01 1.372935e+03 9.446211e+02 1.848126e-01 4.731171e+01 -1.247591e-01 9.865893e-03 -2.782417e-04 6.140405e-03
345.000 15.000 1.072475e+03 1.023538e+03 2.334748e-02 4.576976e+01 1.081170e+03 1.015889e+03 3.113013e-02 4.577146e+01 8.567206e-02 7.471077e-03 -1.202336e-04 -1.361698e-03
345.000 45.000 1.121856e+03 1.353615e+03 -9.362226e-02 4.953557e+01 1.120059e+03 1.361637e+03 -9.734404e-02 4.958003e+01 2.731299e-01 1.105077e-02 5.310356e-05 -7.403814e-03
345.000 75.000 1.006954e+03 1.635122e+03 -2.377558e-01 4.992720e+01 9.980616e+02 1.658721e+03 -2.486689e-01 4.992491e+01 3.874028e-01 1.244939e-02 1.545622e-04 -1.252140e-02
345.000 105.000 5.815725e+02 1.843322e+03 -5.203316e-01 4.205195e+01 5.768802e+02 1.873632e+03 -5.291759e-01 4.200360e+01 3.978714e-01 1.102509e-02 1.488019e-04 -2.183497e-02
345.000 135.000 1.317302e+03 9.257582e+02 1.745577e-01 4.663382e+01 1.296191e+03 9.400428e+02 1.592625e-01 4.668525e+01 3.017307e-01 7.433041e-03 2.317927e-04 -2.727056e-03
345.000 165.000 2.080630e+03 1.418608e+03 1.891901e-01 5.808606e+01 2.058207e+03 1.434133e+03 1.786979e-01 5.814481e+01 1.247415e-01 4.730990e-03 1.276620e-04 1.109536e-03
345.000 195.000 1.053310e+03 9.497148e+02 5.171954e-02 4.469527e+01 1.047356e+03 9.588610e+02 4.411015e-02 4.474721e+01 -8.567204e-02 7.471077e-03 1.203153e-04 3.073962e-03
345.000 225.000 1.162716e+03 1.264064e+03 -4.176263e-02 4.921938e+01 1.164644e+03 1.261680e+03 -3.999282e-02 4.921833e+01 -2.731299e-01 1.105077e-02 -2.542622e-05 4.700734e-03
345.000 255.000 1.104473e+03 1.400645e+03 -1.182267e-01 4.970012e+01 1.116692e+03 1.374289e+03 -1.034118e-01 4.964215e+01 -3.874028e-01 1.244939e-02 -2.109003e-04 5.416005e-03
345.000 285.000 1.360232e+03 8.482699e+02 2.318143e-01 4.571457e+01 1.387102e+03 8.297252e+02 2.514301e-01 4.557067e+01 -3.978714e-01 1.102509e-02 -3.038929e-04 1.377429e-02
345.000 315.000 7.369530e+02 6.854919e+02 3.617792e-02 3.769062e+01 7.447913e+02 6.740229e+02 4.987860e-02 3.762027e+01 -3.017308e-01 7.433041e-03 -2.572759e-04 8.965324e-03
345.000 345.000 1.375464e+03 1.833272e+03 -1.426754e-01 5.606619e+01 1.394808e+03 1.806493e+03 -1.285990e-01 5.611024e+01 -1.247416e-01 4.730990e-03 -1.774615e-04 -3.198692e-04
