  #t  #Q2   A1M1_AVG      A_1M1     dA_1M1   A0P1_AVG      A_0P1     dA_0P1   A2M1_AVG      A_2M1     dA_2M1   A3M1_AVG      A_3M1     dA_3M1   A1P1_AVG      A_1P1     dA_1P1       Asym      Astat          t         tp         xb         Q2          W     Dilute
   6    0 -1.037e-01 -4.625e-02 2.5256e-03  3.646e-01  3.590e-01 2.4661e-03 -2.826e-02  1.778e-03 2.4889e-03 -3.937e-03  7.503e-03 2.4448e-03  5.170e-02  2.221e-02 2.4388e-03 -1.4684e-02 5.0276e-03 6.5046e-01 1.7140e-01 4.5324e-01 5.8093e+00 2.7740e+00 5.3228e-01
   Phi   PhiS      N_U_avg      N_D_avg     Asym_avg    dAsym_avg      N_U_fit      N_D_fit     Asym_fit    dAsym_fit     Asym_cal    dAsym_cal     GOOD_fit     GOOD_cal
15.000 15.000 0.000000e+00 0.000000e+00         -nan         -nan 0.000000e+00 0.000000e+00         -nan         -nan 1.082327e-01 1.950270e-03         -nan         -nan
15.000 45.000 5.457875e+01 0.000000e+00 1.000000e+00 2.000000e+00 5.723758e+01 0.000000e+00 1.000000e+00 2.000000e+00 2.957506e-01 3.084033e-03 0.000000e+00 3.521243e-01
15.000 75.000 5.109906e+01 9.450378e+01 -2.981035e-01 1.151797e+01 5.281095e+01 9.378915e+01 -2.795237e-01 1.162522e+01 4.040223e-01 4.582310e-03 -1.135350e-03 -6.095914e-02
15.000 105.000 0.000000e+00 0.000000e+00         -nan         -nan 0.000000e+00 0.000000e+00         -nan         -nan 4.040366e-01 5.174569e-03         -nan         -nan
15.000 135.000 7.932649e+00 1.022292e+02 -8.559819e-01 5.426390e+00 8.315458e+00 9.783686e+01 -8.433297e-01 5.536810e+00 2.957896e-01 4.590039e-03 -1.632008e-03 -2.122537e-01
15.000 165.000 1.238370e+01 5.269620e+01 -6.194309e-01 6.333174e+00 1.282847e+01 5.150265e+01 -6.011737e-01 6.409463e+00 1.082860e-01 3.095506e-03 -2.026190e-03 -1.149055e-01
15.000 195.000 0.000000e+00 0.000000e+00         -nan         -nan 0.000000e+00 0.000000e+00         -nan         -nan -1.082327e-01 1.950270e-03         -nan         -nan
15.000 225.000 4.059178e+01 0.000000e+00 1.000000e+00 2.000000e+00 3.907412e+01 0.000000e+00 1.000000e+00 2.000000e+00 -2.957506e-01 3.084033e-03 0.000000e+00 6.478745e-01
15.000 255.000 2.705108e+01 0.000000e+00 1.000000e+00 2.000000e+00 2.577754e+01 0.000000e+00 1.000000e+00 2.000000e+00 -4.040223e-01 4.582310e-03 0.000000e+00 7.020093e-01
15.000 285.000 0.000000e+00 0.000000e+00         -nan         -nan 0.000000e+00 0.000000e+00         -nan         -nan -4.040366e-01 5.174569e-03         -nan         -nan
15.000 315.000 8.388395e+01 0.000000e+00 1.000000e+00 2.000000e+00 8.043896e+01 0.000000e+00 1.000000e+00 2.000000e+00 -2.957896e-01 4.590040e-03 0.000000e+00 6.478931e-01
15.000 345.000 1.264264e+02 1.355873e+01 8.062833e-01 6.998700e+00 1.245027e+02 1.430232e+01 7.939223e-01 7.163413e+00 -1.082861e-01 3.095506e-03 1.234274e-03 1.306770e-01
45.000 15.000 6.863952e+00 0.000000e+00 1.000000e+00 2.000000e+00 6.773074e+00 0.000000e+00 1.000000e+00 2.000000e+00 9.724066e-02 4.089659e-03 0.000000e+00 4.513787e-01
45.000 45.000 0.000000e+00 7.728317e+01 -1.000000e+00 2.000000e+00 0.000000e+00 7.704688e+01 -1.000000e+00 2.000000e+00 2.848216e-01 4.250050e-03 0.000000e+00 -6.424093e-01
45.000 75.000 0.000000e+00 1.359874e+02 -1.000000e+00 2.000000e+00 0.000000e+00 1.352121e+02 -1.000000e+00 2.000000e+00 3.960848e-01 4.077680e-03 0.000000e+00 -6.980409e-01
45.000 105.000 0.000000e+00 1.504928e+01 -1.000000e+00 2.000000e+00 0.000000e+00 1.455182e+01 -1.000000e+00 2.000000e+00 4.012174e-01 3.722151e-03 0.000000e+00 -7.006075e-01
45.000 135.000 3.246363e+01 1.400316e+02 -6.235996e-01 1.026722e+01 3.405445e+01 1.351888e+02 -5.975681e-01 1.043114e+01 2.988441e-01 3.537908e-03 -1.778544e-03 -8.984353e-02
45.000 165.000 8.850352e+00 0.000000e+00 1.000000e+00 2.000000e+00 9.327363e+00 0.000000e+00 1.000000e+00 2.000000e+00 1.163958e-01 3.735270e-03 0.000000e+00 4.418013e-01
45.000 195.000 0.000000e+00 8.873779e+01 -1.000000e+00 2.000000e+00 0.000000e+00 8.563753e+01 -1.000000e+00 2.000000e+00 -9.724064e-02 4.089659e-03 0.000000e+00 -4.513787e-01
45.000 225.000 0.000000e+00 5.640343e+01 -1.000000e+00 2.000000e+00 0.000000e+00 5.405488e+01 -1.000000e+00 2.000000e+00 -2.848216e-01 4.250050e-03 0.000000e+00 -3.575884e-01
45.000 255.000 1.772895e+02 0.000000e+00 1.000000e+00 2.000000e+00 1.752540e+02 0.000000e+00 1.000000e+00 2.000000e+00 -3.960848e-01 4.077680e-03 0.000000e+00 6.980409e-01
45.000 285.000 3.844163e+01 0.000000e+00 1.000000e+00 2.000000e+00 3.747808e+01 0.000000e+00 1.000000e+00 2.000000e+00 -4.012174e-01 3.722151e-03 0.000000e+00 7.006075e-01
45.000 315.000 1.477306e+01 0.000000e+00 1.000000e+00 2.000000e+00 1.424426e+01 0.000000e+00 1.000000e+00 2.000000e+00 -2.988441e-01 3.537908e-03 0.000000e+00 6.494210e-01
45.000 345.000 7.002256e+01 2.402542e+01 4.890816e-01 8.458819e+00 6.793442e+01 2.475975e+01 4.657754e-01 8.519652e+00 -1.163958e-01 3.735270e-03 1.941265e-03 7.157942e-02
75.000 15.000 1.086062e+02 6.791800e+01 2.304962e-01 1.292848e+01 1.071555e+02 6.950434e+01 2.131281e-01 1.298597e+01 7.257810e-02 3.966195e-03 9.478196e-04 1.221475e-02
75.000 45.000 7.500687e+01 6.777962e+01 5.061582e-02 1.193401e+01 7.551408e+01 6.766723e+01 5.480358e-02 1.194786e+01 2.516782e-01 3.856937e-03 -2.479867e-04 -1.684784e-02
75.000 75.000 9.709320e+01 1.039020e+02 -3.387532e-02 1.416914e+01 9.707144e+01 1.036766e+02 -3.290257e-02 1.416089e+01 3.633413e-01 3.799357e-03 -4.855909e-05 -2.803392e-02
75.000 105.000 1.053197e+02 2.535842e+02 -4.131038e-01 1.725269e+01 1.052906e+02 2.536413e+02 -4.133116e-01 1.725157e+01 3.776474e-01 3.853442e-03 8.515150e-06 -4.583351e-02
75.000 135.000 6.946399e+01 8.252835e+01 -8.595407e-02 1.228289e+01 7.016882e+01 8.206372e+01 -7.813638e-02 1.230053e+01 2.907632e-01 3.962797e-03 -4.497292e-04 -3.067008e-02
75.000 165.000 1.015276e+02 7.732659e+01 1.353113e-01 1.325064e+01 1.024791e+02 7.700408e+01 1.419355e-01 1.326150e+01 1.259692e-01 4.018035e-03 -3.533486e-04 7.050296e-04
75.000 195.000 7.909516e+01 7.738291e+01 1.094245e-02 1.250837e+01 7.997381e+01 7.735810e+01 1.662547e-02 1.254147e+01 -7.257808e-02 3.966195e-03 -3.208404e-04 6.677170e-03
75.000 225.000 4.604952e+01 9.610145e+01 -3.521040e-01 1.115919e+01 4.578343e+01 9.654107e+01 -3.566332e-01 1.114552e+01 -2.516782e-01 3.856937e-03 2.871700e-04 -8.999387e-03
75.000 255.000 7.646388e+01 9.040910e+01 -8.356787e-02 1.287275e+01 7.559715e+01 9.063035e+01 -9.043751e-02 1.284009e+01 -3.633413e-01 3.799357e-03 3.778321e-04 2.173378e-02
75.000 285.000 1.377083e+02 6.639069e+01 3.494265e-01 1.338577e+01 1.365628e+02 6.648011e+01 3.451621e-01 1.337360e+01 -3.776474e-01 3.853442e-03 2.253705e-04 5.431694e-02
75.000 315.000 1.428009e+02 4.815210e+01 4.956654e-01 1.200162e+01 1.419153e+02 4.855188e+01 4.901812e-01 1.202922e+01 -2.907632e-01 3.962797e-03 3.227454e-04 6.552687e-02
75.000 345.000 1.195513e+02 1.148934e+02 1.986770e-02 1.530857e+01 1.192717e+02 1.166154e+02 1.126109e-02 1.535764e+01 -1.259693e-01 4.018035e-03 3.969050e-04 9.526494e-03
105.000 15.000 5.706103e+02 5.681764e+02 2.137264e-03 3.374584e+01 5.676756e+02 5.687131e+02 -9.129106e-04 3.371035e+01 5.894249e-02 4.018035e-03 6.394665e-05 -1.683326e-03
105.000 45.000 4.297880e+02 6.544792e+02 -2.072286e-01 3.221342e+01 4.271240e+02 6.590661e+02 -2.135373e-01 3.219723e+01 2.178598e-01 3.962797e-03 1.385162e-04 -1.319600e-02
105.000 75.000 5.091327e+02 6.017731e+02 -8.339173e-02 3.321416e+01 5.029827e+02 6.061375e+02 -9.300592e-02 3.315910e+01 3.184018e-01 3.853442e-03 2.048493e-04 -1.209706e-02
105.000 105.000 5.100161e+02 4.844842e+02 2.567309e-02 3.152530e+01 5.050128e+02 4.866980e+02 1.846786e-02 3.148607e+01 3.336283e-01 3.799357e-03 1.617126e-04 -9.768509e-03
105.000 135.000 3.560654e+02 4.246229e+02 -8.781672e-02 2.783285e+01 3.536529e+02 4.270529e+02 -9.401747e-02 2.781735e+01 2.594593e-01 3.856937e-03 1.575767e-04 -1.247720e-02
105.000 165.000 3.622595e+02 4.818633e+02 -1.416900e-01 2.876067e+01 3.608043e+02 4.832319e+02 -1.450502e-01 2.874505e+01 1.157685e-01 3.966195e-03 8.263633e-05 -8.951754e-03
105.000 195.000 4.155783e+02 5.307665e+02 -1.217191e-01 3.053398e+01 4.145140e+02 5.291307e+02 -1.214617e-01 3.049136e+01 -5.894247e-02 4.018035e-03 -5.965155e-06 -2.055958e-03
105.000 225.000 4.990771e+02 5.011581e+02 -2.080523e-03 3.162643e+01 5.008096e+02 5.001050e+02 7.039495e-04 3.163723e+01 -2.178598e-01 3.962797e-03 -6.224489e-05 6.822753e-03
105.000 255.000 5.913152e+02 3.555739e+02 2.489640e-01 2.980265e+01 5.948832e+02 3.541408e+02 2.536736e-01 2.979856e+01 -3.184018e-01 3.853442e-03 -1.117503e-04 1.903743e-02
105.000 285.000 4.666430e+02 4.528777e+02 1.497010e-02 3.032020e+01 4.682432e+02 4.484377e+02 2.160569e-02 3.026967e+01 -3.336283e-01 3.799357e-03 -1.548796e-04 1.149723e-02
105.000 315.000 4.734256e+02 4.341480e+02 4.327758e-02 3.009774e+01 4.755889e+02 4.308037e+02 4.941037e-02 3.006958e+01 -2.594593e-01 3.856937e-03 -1.441493e-04 1.005846e-02
105.000 345.000 4.307980e+02 4.475474e+02 -1.906931e-02 2.963150e+01 4.319801e+02 4.464306e+02 -1.645082e-02 2.963398e+01 -1.157685e-01 3.966195e-03 -6.248335e-05 3.263391e-03
135.000 15.000 5.531569e+02 4.343233e+02 1.203403e-01 3.119583e+01 5.501746e+02 4.362285e+02 1.155168e-01 3.119680e+01 6.600144e-02 3.735270e-03 1.093295e-04 1.741862e-03
135.000 45.000 5.504380e+02 6.253217e+02 -6.368961e-02 3.421974e+01 5.409058e+02 6.329653e+02 -7.842389e-02 3.415628e+01 2.063441e-01 3.537908e-03 3.047475e-04 -7.891168e-03
135.000 75.000 4.964262e+02 6.500646e+02 -1.340076e-01 3.355447e+01 4.846694e+02 6.631915e+02 -1.555259e-01 3.346784e+01 2.913970e-01 3.722151e-03 4.540503e-04 -1.267803e-02
135.000 105.000 4.010817e+02 8.316764e+02 -3.492938e-01 3.289915e+01 3.919758e+02 8.486263e+02 -3.680878e-01 3.274927e+01 2.983703e-01 4.077680e-03 4.048633e-04 -1.968635e-02
135.000 135.000 5.286081e+02 6.378524e+02 -9.365449e-02 3.400337e+01 5.179148e+02 6.489232e+02 -1.122764e-01 3.394302e+01 2.253956e-01 4.250050e-03 3.875908e-04 -9.382895e-03
135.000 165.000 5.523673e+02 6.180839e+02 -5.614638e-02 3.415789e+01 5.484507e+02 6.223687e+02 -6.313351e-02 3.414898e+01 9.202626e-02 4.089659e-03 1.446603e-04 -4.337874e-03
135.000 195.000 6.875171e+02 4.899423e+02 1.677975e-01 3.382761e+01 6.907012e+02 4.871970e+02 1.727689e-01 3.380442e+01 -6.600143e-02 3.735270e-03 -1.039537e-04 6.911485e-03
135.000 225.000 5.297879e+02 5.216222e+02 7.766445e-03 3.242448e+01 5.368013e+02 5.134283e+02 2.225511e-02 3.239922e+01 -2.063441e-01 3.537908e-03 -3.160891e-04 6.603361e-03
135.000 255.000 5.629708e+02 5.497945e+02 1.184102e-02 3.335580e+01 5.723576e+02 5.356106e+02 3.316608e-02 3.326784e+01 -2.913970e-01 3.722151e-03 -4.526644e-04 9.091014e-03
135.000 285.000 5.529115e+02 5.810863e+02 -2.484558e-02 3.366449e+01 5.647384e+02 5.649539e+02 -1.908055e-04 3.361090e+01 -2.983703e-01 4.077680e-03 -5.182744e-04 8.125023e-03
135.000 315.000 6.718460e+02 5.470886e+02 1.023496e-01 3.472990e+01 6.832583e+02 5.361959e+02 1.205969e-01 3.466582e+01 -2.253956e-01 4.250050e-03 -3.718606e-04 9.436975e-03
135.000 345.000 6.225827e+02 5.516009e+02 6.045204e-02 3.420369e+01 6.270581e+02 5.471033e+02 6.809524e-02 3.418650e+01 -9.202627e-02 4.089659e-03 -1.580507e-04 4.457949e-03
165.000 15.000 4.204587e+02 5.357001e+02 -1.205255e-01 3.069641e+01 4.160007e+02 5.408009e+02 -1.304348e-01 3.066795e+01 7.503159e-02 3.095506e-03 2.283730e-04 -6.370682e-03
165.000 45.000 4.034649e+02 4.970774e+02 -1.039512e-01 2.984646e+01 3.919649e+02 5.099510e+02 -1.308173e-01 2.977383e+01 2.084782e-01 4.590039e-03 6.372713e-04 -1.046789e-02
165.000 75.000 4.724014e+02 4.420868e+02 3.314932e-02 3.022389e+01 4.537532e+02 4.552636e+02 -1.661623e-03 3.014986e+01 2.860633e-01 5.174569e-03 8.154217e-04 -8.368017e-03
165.000 105.000 5.095820e+02 4.429513e+02 6.995108e-02 3.078754e+01 4.878475e+02 4.575597e+02 3.203672e-02 3.073169e+01 2.869980e-01 4.582310e-03 8.715807e-04 -7.049830e-03
165.000 135.000 4.457435e+02 5.645585e+02 -1.176034e-01 3.156468e+01 4.326088e+02 5.774616e+02 -1.434087e-01 3.145310e+01 2.110317e-01 3.084033e-03 5.791073e-04 -1.041148e-02
165.000 165.000 4.109558e+02 4.806328e+02 -7.814933e-02 2.976816e+01 4.073863e+02 4.848111e+02 -8.677989e-02 2.975699e+01 7.851973e-02 1.950270e-03 2.050472e-04 -5.262974e-03
165.000 195.000 4.163716e+02 4.422639e+02 -3.015521e-02 2.928916e+01 4.201796e+02 4.380534e+02 -2.082630e-02 2.928926e+01 -7.503157e-02 3.095506e-03 -2.252209e-04 1.532183e-03
165.000 225.000 4.823747e+02 4.234025e+02 6.510674e-02 3.003228e+01 4.941598e+02 4.108502e+02 9.205378e-02 2.995565e+01 -2.084782e-01 4.590039e-03 -6.352753e-04 9.109698e-03
165.000 255.000 5.103531e+02 4.181434e+02 9.931071e-02 3.032061e+01 5.258129e+02 4.013172e+02 1.342806e-01 3.017305e+01 -2.860633e-01 5.174569e-03 -8.175207e-04 1.270997e-02
165.000 285.000 5.677350e+02 4.508155e+02 1.147900e-01 3.170378e+01 5.863934e+02 4.334066e+02 1.500164e-01 3.157292e+01 -2.869980e-01 4.582310e-03 -7.872963e-04 1.267319e-02
165.000 315.000 4.894206e+02 3.529219e+02 1.620466e-01 2.863954e+01 5.009411e+02 3.444891e+02 1.850560e-01 2.857408e+01 -2.110318e-01 3.084033e-03 -5.687504e-04 1.302669e-02
165.000 345.000 5.176090e+02 4.759476e+02 4.193158e-02 3.149301e+01 5.225470e+02 4.719226e+02 5.090596e-02 3.149432e+01 -7.851975e-02 1.950270e-03 -2.014959e-04 3.824700e-03
195.000 15.000 3.579936e+02 4.756169e+02 -1.411011e-01 2.858345e+01 3.546097e+02 4.797432e+02 -1.499767e-01 2.855846e+01 7.851972e-02 1.950269e-03 2.196632e-04 -7.683495e-03
195.000 45.000 4.237653e+02 4.164062e+02 8.759096e-03 2.898460e+01 4.121617e+02 4.266127e+02 -1.722865e-02 2.895730e+01 2.110317e-01 3.084033e-03 6.342943e-04 -6.978624e-03
195.000 75.000 3.906012e+02 5.671769e+02 -1.843598e-01 3.041751e+01 3.760950e+02 5.862787e+02 -2.184013e-01 3.027324e+01 2.869980e-01 4.582310e-03 7.932332e-04 -1.549626e-02
195.000 105.000 3.724309e+02 4.587548e+02 -1.038563e-01 2.867439e+01 3.573051e+02 4.741450e+02 -1.405255e-01 2.854875e+01 2.860633e-01 5.174569e-03 9.062415e-04 -1.359818e-02
195.000 135.000 3.791979e+02 3.799424e+02 -9.806721e-04 2.755249e+01 3.696424e+02 3.880612e+02 -2.430880e-02 2.751828e+01 2.084783e-01 4.590039e-03 5.990645e-04 -7.602178e-03
195.000 165.000 4.448928e+02 3.722844e+02 8.885278e-02 2.847325e+01 4.408306e+02 3.758119e+02 7.961713e-02 2.848624e+01 7.503160e-02 3.095505e-03 2.293065e-04 4.854091e-04
195.000 195.000 4.674344e+02 4.988214e+02 -3.248312e-02 3.106825e+01 4.712128e+02 4.941453e+02 -2.375545e-02 3.106144e+01 -7.851970e-02 1.950269e-03 -1.986617e-04 1.481788e-03
195.000 225.000 4.470752e+02 4.854813e+02 -4.118367e-02 3.051188e+01 4.578484e+02 4.716507e+02 -1.484913e-02 3.048433e+01 -2.110317e-01 3.084033e-03 -6.105735e-04 5.566620e-03
195.000 255.000 4.442839e+02 4.375371e+02 7.651025e-03 2.969460e+01 4.574105e+02 4.211290e+02 4.129757e-02 2.961488e+01 -2.869980e-01 4.582310e-03 -8.022891e-04 9.922644e-03
195.000 285.000 4.719085e+02 3.637280e+02 1.294588e-01 2.866412e+01 4.864176e+02 3.493317e+02 1.640275e-01 2.851777e+01 -2.860633e-01 5.174569e-03 -8.549443e-04 1.449625e-02
195.000 315.000 4.611555e+02 4.251235e+02 4.065536e-02 2.974583e+01 4.716081e+02 4.132982e+02 6.589387e-02 2.968272e+01 -2.084783e-01 4.590040e-03 -6.005972e-04 8.375415e-03
195.000 345.000 4.227599e+02 4.124344e+02 1.236302e-02 2.889752e+01 4.265738e+02 4.081469e+02 2.207550e-02 2.888449e+01 -7.503162e-02 3.095505e-03 -2.377127e-04 3.024296e-03
225.000 15.000 4.904304e+02 6.112562e+02 -1.096735e-01 3.299144e+01 4.871181e+02 6.153206e+02 -1.162899e-01 3.297772e+01 9.202624e-02 4.089659e-03 1.418394e-04 -6.113698e-03
225.000 45.000 5.361549e+02 4.744685e+02 6.103796e-02 3.173103e+01 5.245630e+02 4.814269e+02 4.287919e-02 3.168817e+01 2.253956e-01 4.250050e-03 4.049306e-04 -5.179712e-03
225.000 75.000 5.669086e+02 6.031825e+02 -3.100096e-02 3.419015e+01 5.547145e+02 6.170926e+02 -5.323243e-02 3.418313e+01 2.983703e-01 4.077680e-03 4.598294e-04 -9.633513e-03
225.000 105.000 5.954868e+02 6.094576e+02 -1.159454e-02 3.470998e+01 5.803076e+02 6.212633e+02 -3.408519e-02 3.464354e+01 2.913970e-01 3.722151e-03 4.586151e-04 -8.729236e-03
225.000 135.000 5.851196e+02 5.488725e+02 3.196414e-02 3.365759e+01 5.737807e+02 5.567037e+02 1.510595e-02 3.361884e+01 2.063441e-01 3.537908e-03 3.543749e-04 -5.180999e-03
225.000 165.000 5.679213e+02 5.098865e+02 5.384518e-02 3.278236e+01 5.650280e+02 5.129863e+02 4.827556e-02 3.279485e+01 6.600146e-02 3.735270e-03 1.201122e-04 -3.708179e-04
225.000 195.000 4.724739e+02 4.300902e+02 4.695920e-02 3.000956e+01 4.753203e+02 4.274533e+02 5.302217e-02 3.000393e+01 -9.202622e-02 4.089659e-03 -1.428734e-04 4.631371e-03
225.000 225.000 6.459001e+02 5.975390e+02 3.889305e-02 3.523575e+01 6.572634e+02 5.864286e+02 5.695525e-02 3.520877e+01 -2.253956e-01 4.250050e-03 -3.626088e-04 7.500581e-03
225.000 255.000 4.834256e+02 4.910252e+02 -7.798873e-03 3.121524e+01 4.925764e+02 4.789695e+02 1.400540e-02 3.116657e+01 -2.983703e-01 4.077680e-03 -4.943089e-04 9.308639e-03
225.000 285.000 4.790726e+02 5.066392e+02 -2.796627e-02 3.138377e+01 4.863317e+02 4.931474e+02 -6.958486e-03 3.129587e+01 -2.913970e-01 3.722151e-03 -4.739892e-04 8.393853e-03
225.000 315.000 5.211146e+02 5.559274e+02 -3.232266e-02 3.280117e+01 5.281588e+02 5.468690e+02 -1.740443e-02 3.278265e+01 -2.063441e-01 3.537908e-03 -3.216885e-04 5.305343e-03
225.000 345.000 5.078558e+02 4.532015e+02 5.686895e-02 3.095075e+01 5.111195e+02 4.510658e+02 6.241389e-02 3.095863e+01 -6.600148e-02 3.735270e-03 -1.266645e-04 3.969869e-03
255.000 15.000 3.677384e+02 4.868063e+02 -1.393349e-01 2.894744e+01 3.662744e+02 4.886351e+02 -1.431270e-01 2.893780e+01 1.157684e-01 3.966195e-03 9.264656e-05 -8.812638e-03
255.000 45.000 3.971780e+02 5.349715e+02 -1.478234e-01 3.019570e+01 3.945776e+02 5.376346e+02 -1.534597e-01 3.017049e+01 2.594593e-01 3.856937e-03 1.320431e-04 -1.348810e-02
255.000 75.000 5.272283e+02 7.412729e+02 -1.687382e-01 3.510532e+01 5.230776e+02 7.480243e+02 -1.769699e-01 3.508979e+01 3.336283e-01 3.799357e-03 1.658419e-04 -1.431027e-02
255.000 105.000 3.626208e+02 5.102055e+02 -1.690883e-01 2.911823e+01 3.608060e+02 5.130472e+02 -1.742183e-01 2.910893e+01 3.184018e-01 3.853442e-03 1.245974e-04 -1.674175e-02
255.000 135.000 4.407535e+02 5.812678e+02 -1.374867e-01 3.166548e+01 4.399682e+02 5.833382e+02 -1.401047e-01 3.167364e+01 2.178598e-01 3.962797e-03 5.845404e-05 -1.122189e-02
255.000 165.000 5.543963e+02 3.875341e+02 1.771492e-01 3.020548e+01 5.541666e+02 3.869843e+02 1.776360e-01 3.019029e+01 5.894251e-02 4.018035e-03 -1.139807e-05 3.913419e-03
255.000 195.000 5.190901e+02 5.155273e+02 3.443545e-03 3.216528e+01 5.201235e+02 5.141154e+02 5.809180e-03 3.215904e+01 -1.157684e-01 3.966195e-03 -5.201008e-05 3.706232e-03
255.000 225.000 4.585940e+02 4.710822e+02 -1.343276e-02 3.048784e+01 4.605340e+02 4.658519e+02 -5.740511e-03 3.043609e+01 -2.594593e-01 3.856937e-03 -1.785583e-04 8.069661e-03
255.000 255.000 6.625134e+02 4.102284e+02 2.351777e-01 3.183410e+01 6.677093e+02 4.061218e+02 2.436021e-01 3.178219e+01 -3.336283e-01 3.799357e-03 -1.872759e-04 1.786782e-02
255.000 285.000 5.378040e+02 3.188200e+02 2.556361e-01 2.829565e+01 5.405621e+02 3.172249e+02 2.603644e-01 2.827787e+01 -3.184018e-01 3.853442e-03 -1.181967e-04 2.028715e-02
255.000 315.000 4.805787e+02 3.184016e+02 2.029801e-01 2.767782e+01 4.816571e+02 3.185846e+02 2.037790e-01 2.769496e+01 -2.178599e-01 3.962797e-03 -2.040426e-05 1.520495e-02
255.000 345.000 4.455735e+02 4.423142e+02 3.670826e-03 2.979724e+01 4.451713e+02 4.421457e+02 3.409844e-03 2.978769e+01 -5.894253e-02 4.018035e-03 6.194255e-06 2.101314e-03
285.000 15.000 5.463874e+01 1.151542e+02 -3.564075e-01 1.217476e+01 5.472535e+01 1.144332e+02 -3.529697e-01 1.216896e+01 1.259692e-01 4.018035e-03 -1.997121e-04 -3.962104e-02
285.000 45.000 8.862837e+01 6.430489e+01 1.590464e-01 1.220921e+01 8.984686e+01 6.389884e+01 1.687723e-01 1.222155e+01 2.907632e-01 3.962797e-03 -5.629988e-04 -1.078831e-02
285.000 75.000 1.402331e+02 1.038193e+02 1.492052e-01 1.544731e+01 1.412105e+02 1.031161e+02 1.559162e-01 1.543979e+01 3.776474e-01 3.853442e-03 -3.072745e-04 -1.478848e-02
285.000 105.000 1.375902e+02 1.642114e+02 -8.820780e-02 1.730472e+01 1.372999e+02 1.635453e+02 -8.723881e-02 1.727876e+01 3.633413e-01 3.799357e-03 -3.962437e-05 -2.609398e-02
285.000 135.000 1.183879e+02 1.037167e+02 6.605503e-02 1.487063e+01 1.153558e+02 1.028886e+02 5.712495e-02 1.474898e+01 2.516782e-01 3.856936e-03 4.263710e-04 -1.248254e-02
285.000 165.000 1.236420e+02 1.437396e+02 -7.516442e-02 1.630555e+01 1.192401e+02 1.446660e+02 -9.634429e-02 1.616962e+01 7.257811e-02 3.966195e-03 9.223232e-04 -9.060875e-03
285.000 195.000 1.517710e+02 2.200463e+02 -1.836259e-01 1.895469e+01 1.505605e+02 2.237510e+02 -1.955335e-01 1.897367e+01 -1.259692e-01 4.018035e-03 4.439927e-04 -3.041816e-03
285.000 225.000 9.270547e+01 1.168957e+02 -1.154108e-01 1.438087e+01 9.237849e+01 1.173198e+02 -1.189389e-01 1.437817e+01 -2.907632e-01 3.962797e-03 1.734906e-04 1.219345e-02
285.000 255.000 1.203422e+02 5.493974e+01 3.731273e-01 1.228326e+01 1.201436e+02 5.570897e+01 3.664129e-01 1.233867e+01 -3.776474e-01 3.853442e-03 3.856559e-04 6.112176e-02
285.000 285.000 1.570530e+02 5.542915e+01 4.782702e-01 1.280150e+01 1.557340e+02 5.611229e+01 4.702547e-01 1.284518e+01 -3.633413e-01 3.799357e-03 4.419870e-04 6.574316e-02
285.000 315.000 1.145957e+02 4.064814e+01 4.763315e-01 1.095538e+01 1.144917e+02 4.024604e+01 4.798160e-01 1.091391e+01 -2.516782e-01 3.856936e-03 -2.253327e-04 6.645227e-02
285.000 345.000 1.683219e+02 1.118801e+02 2.014325e-01 1.639612e+01 1.700910e+02 1.111725e+02 2.094780e-01 1.639882e+01 -7.257813e-02 3.966195e-03 -3.469424e-04 1.671192e-02
315.000 15.000 8.270717e+01 0.000000e+00 1.000000e+00 2.000000e+00 8.519908e+01 0.000000e+00 1.000000e+00 2.000000e+00 1.163958e-01 3.735270e-03 0.000000e+00 4.418013e-01
315.000 45.000 1.217697e+01 5.686477e+00 3.633394e-01 3.937664e+00 1.261314e+01 5.553235e+00 3.886248e-01 3.927177e+00 2.988441e-01 3.537908e-03 -4.546684e-03 1.637907e-02
315.000 75.000 0.000000e+00 0.000000e+00         -nan         -nan 0.000000e+00 0.000000e+00         -nan         -nan 4.012174e-01 3.722151e-03         -nan         -nan
315.000 105.000 0.000000e+00 6.602539e+01 -1.000000e+00 2.000000e+00 0.000000e+00 6.593575e+01 -1.000000e+00 2.000000e+00 3.960848e-01 4.077680e-03 0.000000e+00 -6.980409e-01
315.000 135.000 6.759694e+01 7.067942e+01 -2.229217e-02 1.175618e+01 6.650770e+01 7.200982e+01 -3.972149e-02 1.176006e+01 2.848216e-01 4.250051e-03 1.048160e-03 -2.612361e-02
315.000 165.000 0.000000e+00 2.605022e+01 -1.000000e+00 2.000000e+00 0.000000e+00 2.701983e+01 -1.000000e+00 2.000000e+00 9.724068e-02 4.089659e-03 0.000000e+00 -5.486192e-01
315.000 195.000 0.000000e+00 0.000000e+00         -nan         -nan 0.000000e+00 0.000000e+00         -nan         -nan -1.163958e-01 3.735270e-03         -nan         -nan
315.000 225.000 0.000000e+00 6.382703e+01 -1.000000e+00 2.000000e+00 0.000000e+00 6.736978e+01 -1.000000e+00 2.000000e+00 -2.988441e-01 3.537908e-03 0.000000e+00 -3.505774e-01
315.000 255.000 3.504291e+01 1.268441e+02 -5.670696e-01 1.047995e+01 3.379211e+01 1.294210e+02 -5.859144e-01 1.035291e+01 -4.012174e-01 3.722151e-03 1.279231e-03 -1.582567e-02
315.000 285.000 0.000000e+00 7.998533e+00 -1.000000e+00 2.000000e+00 0.000000e+00 8.207639e+00 -1.000000e+00 2.000000e+00 -3.960848e-01 4.077680e-03 0.000000e+00 -3.019570e-01
315.000 315.000 2.684927e+01 4.635212e+01 -2.664274e-01 8.246532e+00 2.660523e+01 4.683784e+01 -2.754870e-01 8.238279e+00 -2.848216e-01 4.250051e-03 7.772116e-04 2.230533e-03
315.000 345.000 2.095798e+01 7.993433e+00 4.478036e-01 4.811013e+00 2.112416e+01 7.887704e+00 4.562430e-01 4.792998e+00 -9.724070e-02 4.089659e-03 -1.242711e-03 1.132909e-01
345.000 15.000 9.663314e+01 4.435156e+01 3.708315e-01 1.102711e+01 9.952794e+01 4.341311e+01 3.925732e-01 1.099599e+01 1.082860e-01 3.095506e-03 -1.396139e-03 2.380911e-02
345.000 45.000 2.635538e+01 0.000000e+00 1.000000e+00 2.000000e+00 2.758733e+01 0.000000e+00 1.000000e+00 2.000000e+00 2.957896e-01 4.590039e-03 0.000000e+00 3.521043e-01
345.000 75.000 2.930205e+01 5.570708e+01 -3.106140e-01 8.763981e+00 3.136898e+01 5.313770e+01 -2.575976e-01 8.882517e+00 4.040366e-01 5.174569e-03 -4.248705e-03 -8.154405e-02
345.000 105.000 3.082332e+01 0.000000e+00 1.000000e+00 2.000000e+00 3.201640e+01 0.000000e+00 1.000000e+00 2.000000e+00 4.040223e-01 4.582310e-03 0.000000e+00 2.979881e-01
345.000 135.000 9.792633e+01 6.250022e+01 2.208245e-01 1.235328e+01 1.025838e+02 6.105829e+01 2.537581e-01 1.237355e+01 2.957506e-01 3.084033e-03 -1.883587e-03 -6.065279e-03
345.000 165.000 0.000000e+00 3.104090e+01 -1.000000e+00 2.000000e+00 0.000000e+00 3.122040e+01 -1.000000e+00 2.000000e+00 1.082327e-01 1.950271e-03 0.000000e+00 -5.541161e-01
345.000 195.000 1.937825e+01 0.000000e+00 1.000000e+00 2.000000e+00 1.901509e+01 0.000000e+00 1.000000e+00 2.000000e+00 -1.082860e-01 3.095506e-03 0.000000e+00 5.541423e-01
345.000 225.000 1.297963e+01 0.000000e+00 1.000000e+00 2.000000e+00 1.249922e+01 0.000000e+00 1.000000e+00 2.000000e+00 -2.957896e-01 4.590039e-03 0.000000e+00 6.478931e-01
345.000 255.000 1.358423e+01 0.000000e+00 1.000000e+00 2.000000e+00 1.295867e+01 0.000000e+00 1.000000e+00 2.000000e+00 -4.040366e-01 5.174569e-03 0.000000e+00 7.020159e-01
345.000 285.000 0.000000e+00 0.000000e+00         -nan         -nan 0.000000e+00 0.000000e+00         -nan         -nan -4.040223e-01 4.582310e-03         -nan         -nan
345.000 315.000 7.830747e+01 7.045824e+01 5.276235e-02 1.217997e+01 7.647524e+01 7.395787e+01 1.673414e-02 1.226340e+01 -2.957506e-01 3.084033e-03 2.084463e-03 2.861362e-02
345.000 345.000 0.000000e+00 0.000000e+00         -nan         -nan 0.000000e+00 0.000000e+00         -nan         -nan -1.082328e-01 1.950271e-03         -nan         -nan
