  #t  #Q2   A1M1_AVG      A_1M1     dA_1M1   A0P1_AVG      A_0P1     dA_0P1   A2M1_AVG      A_2M1     dA_2M1   A3M1_AVG      A_3M1     dA_3M1   A1P1_AVG      A_1P1     dA_1P1       Asym      Astat          t         tp         xb         Q2          W     Dilute
   5    0 -5.628e-02 -5.736e-02 2.5193e-03  4.177e-01  3.716e-01 2.4559e-03 -9.810e-03  5.681e-03 2.4812e-03 -1.118e-03 -9.956e-03 2.4246e-03  2.931e-02  4.869e-02 2.4102e-03 -1.1415e-02 1.9844e-03 5.8506e-01 6.4277e-02 5.2139e-01 6.4122e+00 2.6061e+00 6.7229e-01
   Phi   PhiS      N_U_avg      N_D_avg     Asym_avg    dAsym_avg      N_U_fit      N_D_fit     Asym_fit    dAsym_fit     Asym_cal    dAsym_cal     GOOD_fit     GOOD_cal
15.000 15.000 1.109507e+03 1.042761e+03 3.101166e-02 4.637023e+01 1.111282e+03 1.042058e+03 3.214724e-02 4.638011e+01 1.170145e-01 1.933485e-03 -1.731475e-05 -1.854700e-03
15.000 45.000 8.202178e+02 1.284995e+03 -2.207744e-01 4.475044e+01 8.227456e+02 1.283084e+03 -2.186018e-01 4.477944e+01 3.321373e-01 3.061313e-03 -3.431862e-05 -1.235545e-02
15.000 75.000 9.248141e+02 1.267195e+03 -1.561950e-01 4.624425e+01 9.274374e+02 1.265249e+03 -1.540629e-01 4.626707e+01 4.582642e-01 4.554611e-03 -3.259402e-05 -1.328725e-02
15.000 105.000 9.167883e+02 1.030703e+03 -5.849312e-02 4.405483e+01 9.173698e+02 1.028910e+03 -5.730935e-02 4.404415e+01 4.615995e-01 5.146266e-03 -1.900239e-05 -1.180558e-02
15.000 135.000 8.606890e+02 1.017813e+03 -8.364322e-02 4.318981e+01 8.608283e+02 1.018433e+03 -8.386542e-02 4.319773e+01 3.412497e-01 4.566266e-03 3.637627e-06 -9.837804e-03
15.000 165.000 9.094195e+02 9.815177e+02 -3.812824e-02 4.345329e+01 9.079743e+02 9.824760e+02 -3.940947e-02 4.344553e+01 1.294623e-01 3.078626e-03 2.085102e-05 -3.856797e-03
15.000 195.000 9.628752e+02 9.167354e+02 2.454751e-02 4.334141e+01 9.610529e+02 9.174010e+02 2.323822e-02 4.332943e+01 -1.170145e-01 1.933485e-03 2.136373e-05 3.266206e-03
15.000 225.000 1.001934e+03 8.977472e+02 5.484434e-02 4.351973e+01 9.998862e+02 8.992086e+02 5.301349e-02 4.351733e+01 -3.321373e-01 3.061313e-03 2.974843e-05 8.892096e-03
15.000 255.000 1.334115e+03 6.689912e+02 3.320461e-01 4.221675e+01 1.332993e+03 6.698969e+02 3.310698e-01 4.222984e+01 -4.582642e-01 4.554611e-03 1.634930e-05 1.872030e-02
15.000 285.000 1.231719e+03 1.096916e+03 5.788916e-02 4.817500e+01 1.232144e+03 1.096783e+03 5.812151e-02 4.817738e+01 -4.615995e-01 5.146266e-03 -3.410387e-06 1.078337e-02
15.000 315.000 1.025588e+03 8.223824e+02 1.099616e-01 4.272734e+01 1.026238e+03 8.231389e+02 1.098205e-01 4.274427e+01 -3.412497e-01 4.566266e-03 2.335975e-06 1.056025e-02
15.000 345.000 1.048355e+03 1.114954e+03 -3.078586e-02 4.648934e+01 1.049792e+03 1.114212e+03 -2.976893e-02 4.649824e+01 -1.294623e-01 3.078626e-03 -1.546612e-05 2.122560e-03
45.000 15.000 1.254856e+03 1.428298e+03 -6.464101e-02 5.169084e+01 1.256893e+03 1.426449e+03 -6.318862e-02 5.169747e+01 1.065292e-01 4.062083e-03 -1.986679e-05 -3.311423e-03
45.000 45.000 1.096221e+03 1.461222e+03 -1.427211e-01 5.005347e+01 1.104319e+03 1.450889e+03 -1.356327e-01 5.008195e+01 3.055119e-01 4.216829e-03 -1.001095e-04 -8.955084e-03
45.000 75.000 1.140142e+03 1.608574e+03 -1.704185e-01 5.166127e+01 1.158318e+03 1.591085e+03 -1.574039e-01 5.178112e+01 4.226330e-01 4.048746e-03 -1.779293e-04 -1.147962e-02
45.000 105.000 9.456204e+02 1.493585e+03 -2.246489e-01 4.812594e+01 9.619697e+02 1.476730e+03 -2.110798e-01 4.827053e+01 4.265099e-01 3.704309e-03 -1.990689e-04 -1.353031e-02
45.000 135.000 1.119213e+03 1.562827e+03 -1.654020e-01 5.107509e+01 1.133877e+03 1.547893e+03 -1.543815e-01 5.116497e+01 3.161038e-01 3.527148e-03 -1.524376e-04 -9.427409e-03
45.000 165.000 1.282993e+03 1.703857e+03 -1.409054e-01 5.410682e+01 1.293094e+03 1.692021e+03 -1.336390e-01 5.414612e+01 1.209980e-01 3.718881e-03 -9.492756e-05 -4.840487e-03
45.000 195.000 1.392539e+03 1.441376e+03 -1.723334e-02 5.322662e+01 1.391644e+03 1.442409e+03 -1.791260e-02 5.322728e+01 -1.065292e-01 4.062083e-03 9.023781e-06 1.677654e-03
45.000 225.000 1.777842e+03 1.000925e+03 2.795904e-01 5.061175e+01 1.765808e+03 1.009510e+03 2.725084e-01 5.068748e+01 -3.055119e-01 4.216829e-03 9.887027e-05 1.156060e-02
45.000 255.000 1.680711e+03 9.949085e+02 2.563153e-01 4.999837e+01 1.663092e+03 1.010428e+03 2.441216e-01 5.014170e+01 -4.226330e-01 4.048746e-03 1.722033e-04 1.357941e-02
45.000 285.000 1.677716e+03 1.138117e+03 1.916300e-01 5.208099e+01 1.657414e+03 1.157538e+03 1.775792e-01 5.221287e+01 -4.265099e-01 3.704309e-03 1.905280e-04 1.186882e-02
45.000 315.000 1.660322e+03 1.380143e+03 9.215014e-02 5.490579e+01 1.643829e+03 1.398562e+03 8.061661e-02 5.497835e+01 -3.161038e-01 3.527148e-03 1.484370e-04 7.435536e-03
45.000 345.000 1.464870e+03 1.296047e+03 6.114748e-02 5.244610e+01 1.454741e+03 1.304225e+03 5.455502e-02 5.244764e+01 -1.209980e-01 3.718881e-03 8.888191e-05 3.473003e-03
75.000 15.000 1.958538e+03 2.270869e+03 -7.384757e-02 6.485632e+01 1.947963e+03 2.282901e+03 -7.916549e-02 6.484094e+01 1.041870e-01 3.939682e-03 5.798636e-05 -2.745061e-03
75.000 45.000 2.099255e+03 2.909547e+03 -1.617737e-01 6.984066e+01 2.115961e+03 2.906162e+03 -1.573440e-01 6.998421e+01 2.817351e-01 3.834474e-03 -4.480282e-05 -6.350295e-03
75.000 75.000 1.616240e+03 2.719559e+03 -2.544672e-01 6.367920e+01 1.647107e+03 2.683806e+03 -2.393720e-01 6.389645e+01 3.837925e-01 3.780649e-03 -1.673347e-04 -1.002305e-02
75.000 105.000 1.704256e+03 2.741104e+03 -2.332426e-01 6.483458e+01 1.749702e+03 2.693974e+03 -2.124980e-01 6.513846e+01 3.830130e-01 3.834230e-03 -2.257182e-04 -9.505045e-03
75.000 135.000 1.804249e+03 2.633170e+03 -1.868025e-01 6.544138e+01 1.851137e+03 2.582311e+03 -1.649223e-01 6.567238e+01 2.796055e-01 3.939445e-03 -2.360028e-04 -7.127111e-03
75.000 165.000 2.188473e+03 2.120311e+03 1.581918e-02 6.563312e+01 2.227005e+03 2.088243e+03 3.215626e-02 6.565658e+01 1.012779e-01 3.991129e-03 -1.759783e-04 -1.302067e-03
75.000 195.000 2.564140e+03 2.023571e+03 1.178298e-01 6.726080e+01 2.580444e+03 2.008792e+03 1.245637e-01 6.721629e+01 -1.041870e-01 3.939682e-03 -7.081691e-05 3.300834e-03
75.000 225.000 2.500694e+03 1.994789e+03 1.125362e-01 6.662244e+01 2.489309e+03 2.003553e+03 1.081172e-01 6.663591e+01 -2.817351e-01 3.834475e-03 4.689715e-05 5.917995e-03
75.000 255.000 2.391631e+03 1.770759e+03 1.491625e-01 6.379482e+01 2.360498e+03 1.801176e+03 1.343982e-01 6.392575e+01 -3.837925e-01 3.780649e-03 1.634812e-04 8.354205e-03
75.000 285.000 2.910307e+03 1.916707e+03 2.058416e-01 6.798890e+01 2.857186e+03 1.966586e+03 1.846273e-01 6.825938e+01 -3.830130e-01 3.834230e-03 2.201968e-04 8.661040e-03
75.000 315.000 2.702811e+03 2.153081e+03 1.132087e-01 6.923625e+01 2.652573e+03 2.207444e+03 9.159015e-02 6.942080e+01 -2.796055e-01 3.939445e-03 2.204956e-04 5.673534e-03
75.000 345.000 2.723943e+03 2.549157e+03 3.314662e-02 7.257621e+01 2.681277e+03 2.593476e+03 1.664546e-02 7.261743e+01 -1.012779e-01 3.991129e-03 1.607243e-04 1.852185e-03
105.000 15.000 2.391065e+03 2.703657e+03 -6.135615e-02 7.124284e+01 2.375976e+03 2.717441e+03 -6.704052e-02 7.120762e+01 8.813573e-02 3.991129e-03 5.643296e-05 -2.098342e-03
105.000 45.000 2.801009e+03 3.185590e+03 -6.424031e-02 7.721330e+01 2.804376e+03 3.178111e+03 -6.247155e-02 7.719546e+01 2.488570e-01 3.939445e-03 -1.619986e-05 -4.054966e-03
105.000 75.000 2.397908e+03 3.498137e+03 -1.866046e-01 7.543697e+01 2.422315e+03 3.473037e+03 -1.782290e-01 7.555186e+01 3.428973e-01 3.834230e-03 -7.844882e-05 -7.019130e-03
105.000 105.000 2.080179e+03 3.058413e+03 -1.903701e-01 7.037305e+01 2.116568e+03 3.018193e+03 -1.755925e-01 7.054390e+01 3.450585e-01 3.780649e-03 -1.483046e-04 -7.608432e-03
105.000 135.000 2.375868e+03 3.001055e+03 -1.162724e-01 7.283015e+01 2.415180e+03 2.965734e+03 -1.023161e-01 7.296975e+01 2.547615e-01 3.834474e-03 -1.353716e-04 -5.094510e-03
105.000 165.000 2.422099e+03 3.169690e+03 -1.336945e-01 7.410695e+01 2.450527e+03 3.136020e+03 -1.227042e-01 7.417839e+01 9.620146e-02 3.939682e-03 -1.048156e-04 -3.102219e-03
105.000 195.000 2.664260e+03 2.667517e+03 -6.107992e-04 7.301901e+01 2.680550e+03 2.651164e+03 5.511696e-03 7.301748e+01 -8.813571e-02 3.991129e-03 -5.929009e-05 1.198659e-03
105.000 225.000 2.926920e+03 2.417674e+03 9.528248e-02 7.277412e+01 2.926887e+03 2.421607e+03 9.447150e-02 7.280631e+01 -2.488570e-01 3.939445e-03 7.878148e-06 4.728872e-03
105.000 255.000 3.100488e+03 2.456497e+03 1.158885e-01 7.404292e+01 3.079113e+03 2.477024e+03 1.083648e-01 7.410055e+01 -3.428973e-01 3.834230e-03 7.182297e-05 6.196213e-03
105.000 285.000 3.353563e+03 2.326076e+03 1.809073e-01 7.411990e+01 3.316391e+03 2.360709e+03 1.683398e-01 7.427127e+01 -3.450585e-01 3.780649e-03 1.197720e-04 7.096148e-03
105.000 315.000 3.387693e+03 2.309018e+03 1.893505e-01 7.411115e+01 3.345715e+03 2.345307e+03 1.757870e-01 7.426415e+01 -2.547616e-01 3.834474e-03 1.292783e-04 5.992513e-03
105.000 345.000 2.963456e+03 2.525812e+03 7.972722e-02 7.385375e+01 2.931506e+03 2.556926e+03 6.824899e-02 7.391121e+01 -9.620148e-02 3.939682e-03 1.098546e-04 2.382123e-03
135.000 15.000 1.881022e+03 2.089780e+03 -5.257321e-02 6.292715e+01 1.893130e+03 2.076526e+03 -4.619939e-02 6.293793e+01 6.038152e-02 3.718881e-03 -7.161585e-05 -1.795008e-03
135.000 45.000 1.897819e+03 2.702170e+03 -1.748594e-01 6.677829e+01 1.919837e+03 2.678834e+03 -1.650470e-01 6.688348e+01 2.013838e-01 3.527148e-03 -1.038205e-04 -5.634214e-03
135.000 75.000 1.947222e+03 2.380902e+03 -1.002004e-01 6.545739e+01 1.975974e+03 2.352393e+03 -8.696563e-02 6.554107e+01 2.884255e-01 3.704309e-03 -1.428779e-04 -5.937082e-03
135.000 105.000 2.037142e+03 2.490718e+03 -1.001746e-01 6.695090e+01 2.060106e+03 2.471179e+03 -9.071869e-02 6.703725e+01 2.981838e-01 4.048746e-03 -9.980513e-05 -5.950008e-03
135.000 135.000 2.037506e+03 2.408022e+03 -8.334597e-02 6.644281e+01 2.051481e+03 2.391521e+03 -7.653374e-02 6.646035e+01 2.280440e-01 4.216829e-03 -7.248844e-05 -4.686586e-03
135.000 165.000 1.820589e+03 2.282950e+03 -1.126737e-01 6.365094e+01 1.821250e+03 2.283160e+03 -1.125399e-01 6.365867e+01 9.679997e-02 4.062083e-03 -1.486633e-06 -3.290975e-03
135.000 195.000 2.110430e+03 1.957171e+03 3.767787e-02 6.373246e+01 2.098673e+03 1.966851e+03 3.242441e-02 6.372794e+01 -6.038150e-02 3.718881e-03 5.828877e-05 1.538610e-03
135.000 225.000 2.157939e+03 1.928288e+03 5.620113e-02 6.382257e+01 2.136847e+03 1.947287e+03 4.641377e-02 6.383836e+01 -2.013838e-01 3.527148e-03 1.084233e-04 4.035954e-03
135.000 255.000 2.663000e+03 1.942409e+03 1.564662e-01 6.702732e+01 2.628895e+03 1.973935e+03 1.422952e-01 6.715379e+01 -2.884255e-01 3.704309e-03 1.493563e-04 6.637467e-03
135.000 285.000 2.850574e+03 1.885927e+03 2.036623e-01 6.737982e+01 2.826100e+03 1.909871e+03 1.934617e-01 6.751826e+01 -2.981838e-01 4.048746e-03 1.069388e-04 7.448018e-03
135.000 315.000 2.475389e+03 2.090928e+03 8.419491e-02 6.733459e+01 2.462824e+03 2.106365e+03 7.801359e-02 6.738976e+01 -2.280440e-01 4.216829e-03 6.488593e-05 4.637124e-03
135.000 345.000 2.344228e+03 2.031411e+03 7.149062e-02 6.597935e+01 2.343676e+03 2.031188e+03 7.142808e-02 6.597382e+01 -9.679998e-02 4.062083e-03 6.703509e-07 2.550656e-03
165.000 15.000 9.796385e+02 1.058124e+03 -3.851561e-02 4.510809e+01 9.873098e+02 1.049167e+03 -3.037455e-02 4.510652e+01 5.485793e-02 3.078626e-03 -1.276200e-04 -2.069995e-03
165.000 45.000 9.383042e+02 1.201185e+03 -1.228708e-01 4.590413e+01 9.517076e+02 1.188106e+03 -1.104761e-01 4.597496e+01 1.732972e-01 4.566266e-03 -1.907807e-04 -6.451883e-03
165.000 75.000 8.853549e+02 1.226136e+03 -1.613937e-01 4.534855e+01 9.022112e+02 1.209155e+03 -1.453769e-01 4.546145e+01 2.453017e-01 5.146266e-03 -2.494339e-04 -8.968210e-03
165.000 105.000 8.501680e+02 1.067939e+03 -1.135342e-01 4.351301e+01 8.621998e+02 1.055648e+03 -1.008672e-01 4.356988e+01 2.515778e-01 4.554611e-03 -2.057107e-04 -8.390868e-03
165.000 135.000 8.039737e+02 1.137358e+03 -1.717295e-01 4.340598e+01 8.076451e+02 1.131933e+03 -1.671952e-01 4.342072e+01 1.904438e-01 3.061313e-03 -7.385396e-05 -8.343855e-03
165.000 165.000 9.059803e+02 1.077778e+03 -8.660200e-02 4.437206e+01 9.048368e+02 1.077956e+03 -8.731097e-02 4.435852e+01 7.828052e-02 1.933486e-03 1.129976e-05 -3.715908e-03
165.000 195.000 8.839709e+02 8.385316e+02 2.637981e-02 4.148860e+01 8.787492e+02 8.452502e+02 1.943098e-02 4.151323e+01 -5.485792e-02 3.078626e-03 1.183964e-04 1.958073e-03
165.000 225.000 1.052629e+03 8.116726e+02 1.292474e-01 4.281540e+01 1.039963e+03 8.204581e+02 1.179865e-01 4.283132e+01 -1.732972e-01 4.566266e-03 1.859419e-04 7.066257e-03
165.000 255.000 1.208825e+03 8.465032e+02 1.762841e-01 4.462574e+01 1.192783e+03 8.609252e+02 1.615895e-01 4.472229e+01 -2.453017e-01 5.146266e-03 2.325874e-04 9.447144e-03
165.000 285.000 1.171933e+03 8.079358e+02 1.838490e-01 4.373726e+01 1.160218e+03 8.141234e+02 1.752962e-01 4.374554e+01 -2.515778e-01 4.554611e-03 1.382614e-04 9.955510e-03
165.000 315.000 1.023323e+03 9.458070e+02 3.936553e-02 4.434048e+01 1.020612e+03 9.548781e+02 3.327462e-02 4.442187e+01 -1.904438e-01 3.061313e-03 9.704393e-05 5.182833e-03
165.000 345.000 1.044517e+03 8.898160e+02 7.997641e-02 4.384017e+01 1.044697e+03 8.882832e+02 8.091836e-02 4.382149e+01 -7.828054e-02 1.933486e-03 -1.519611e-05 3.609862e-03
195.000 15.000 9.186648e+02 1.137122e+03 -1.062646e-01 4.508406e+01 9.174021e+02 1.137700e+03 -1.071956e-01 4.507202e+01 7.828050e-02 1.933485e-03 1.460396e-05 -4.093355e-03
195.000 45.000 9.597789e+02 1.109652e+03 -7.242241e-02 4.537154e+01 9.628121e+02 1.104597e+03 -6.858089e-02 4.536172e+01 1.904437e-01 3.061313e-03 -5.987584e-05 -5.793635e-03
195.000 75.000 7.839395e+02 1.067839e+03 -1.533118e-01 4.252356e+01 7.902190e+02 1.057124e+03 -1.444805e-01 4.252976e+01 2.515777e-01 4.554611e-03 -1.468410e-04 -9.521533e-03
195.000 105.000 9.464895e+02 1.183940e+03 -1.114567e-01 4.586899e+01 9.630835e+02 1.167689e+03 -9.602411e-02 4.594699e+01 2.453017e-01 5.146266e-03 -2.377027e-04 -7.777767e-03
195.000 135.000 8.445807e+02 9.857938e+02 -7.714986e-02 4.265536e+01 8.557600e+02 9.745572e+02 -6.490530e-02 4.269200e+01 1.732972e-01 4.566266e-03 -2.028934e-04 -5.871410e-03
195.000 165.000 9.047445e+02 9.947683e+02 -4.739311e-02 4.353443e+01 9.102958e+02 9.880548e+02 -4.096139e-02 4.353350e+01 5.485795e-02 3.078626e-03 -1.044682e-04 -2.348740e-03
195.000 195.000 1.153224e+03 9.081349e+02 1.188970e-01 4.508014e+01 1.153423e+03 9.084686e+02 1.188010e-01 4.508648e+01 -7.828049e-02 1.933485e-03 1.506207e-06 4.373933e-03
195.000 225.000 1.104701e+03 9.941629e+02 5.266577e-02 4.574978e+01 1.098659e+03 1.001265e+03 4.637971e-02 4.577561e+01 -1.904437e-01 3.061313e-03 9.712955e-05 5.313894e-03
195.000 255.000 1.268414e+03 8.295401e+02 2.091912e-01 4.479001e+01 1.253508e+03 8.402773e+02 1.973606e-01 4.485789e+01 -2.515777e-01 4.554611e-03 1.866300e-04 1.028732e-02
195.000 285.000 1.055671e+03 8.750186e+02 9.356898e-02 4.374684e+01 1.045788e+03 8.895213e+02 8.074527e-02 4.384851e+01 -2.453017e-01 5.146266e-03 2.070366e-04 7.746174e-03
195.000 315.000 1.133572e+03 9.831863e+02 7.104520e-02 4.589198e+01 1.117398e+03 9.959938e+02 5.744506e-02 4.589572e+01 -1.732973e-01 4.566266e-03 2.095433e-04 5.324295e-03
195.000 345.000 1.048163e+03 9.517450e+02 4.821106e-02 4.466833e+01 1.040897e+03 9.590973e+02 4.090010e-02 4.468388e+01 -5.485796e-02 3.078626e-03 1.157134e-04 2.307430e-03
225.000 15.000 2.030030e+03 2.192679e+03 -3.851788e-02 6.493415e+01 2.030885e+03 2.191186e+03 -3.796734e-02 6.493062e+01 9.679995e-02 4.062083e-03 -5.995379e-06 -2.083924e-03
225.000 45.000 2.062510e+03 2.506426e+03 -9.715965e-02 6.727410e+01 2.079313e+03 2.487956e+03 -8.947199e-02 6.731053e+01 2.280439e-01 4.216829e-03 -8.078187e-05 -4.834009e-03
225.000 75.000 1.838407e+03 2.372099e+03 -1.267525e-01 6.436504e+01 1.864395e+03 2.348780e+03 -1.149691e-01 6.447857e+01 2.981838e-01 4.048746e-03 -1.293371e-04 -6.601973e-03
225.000 105.000 1.926026e+03 2.610626e+03 -1.509043e-01 6.658336e+01 1.957787e+03 2.579383e+03 -1.370010e-01 6.672339e+01 2.884255e-01 3.704309e-03 -1.474957e-04 -6.598192e-03
225.000 135.000 1.831003e+03 2.463579e+03 -1.472963e-01 6.481825e+01 1.852336e+03 2.443326e+03 -1.375785e-01 6.491806e+01 2.013838e-01 3.527148e-03 -1.059300e-04 -5.379350e-03
225.000 165.000 2.033886e+03 2.146212e+03 -2.687167e-02 6.463034e+01 2.045391e+03 2.136226e+03 -2.172252e-02 6.465016e+01 6.038153e-02 3.718881e-03 -5.632710e-05 -1.350035e-03
225.000 195.000 2.176434e+03 1.868683e+03 7.607968e-02 6.341690e+01 2.175135e+03 1.866039e+03 7.648661e-02 6.338401e+01 -9.679994e-02 4.062083e-03 -4.538597e-06 2.726081e-03
225.000 225.000 2.380588e+03 2.128703e+03 5.585893e-02 6.704641e+01 2.367482e+03 2.144759e+03 4.935982e-02 6.709134e+01 -2.280439e-01 4.216829e-03 6.852015e-05 4.234423e-03
225.000 255.000 2.556776e+03 1.958973e+03 1.323818e-01 6.660789e+01 2.532601e+03 1.981199e+03 1.221593e-01 6.668164e+01 -2.981837e-01 4.048746e-03 1.084617e-04 6.464182e-03
225.000 285.000 2.426709e+03 1.732530e+03 1.669003e-01 6.358758e+01 2.402919e+03 1.754080e+03 1.560835e-01 6.368458e+01 -2.884255e-01 3.704309e-03 1.201936e-04 7.160609e-03
225.000 315.000 2.664009e+03 1.921588e+03 1.619028e-01 6.682362e+01 2.635130e+03 1.942916e+03 1.512031e-01 6.688334e+01 -2.013838e-01 3.527148e-03 1.131707e-04 5.436501e-03
225.000 345.000 2.281925e+03 2.108394e+03 3.952592e-02 6.620770e+01 2.271175e+03 2.121012e+03 3.418852e-02 6.623483e+01 -6.038154e-02 3.718881e-03 5.699247e-05 1.509001e-03
255.000 15.000 2.696158e+03 2.788278e+03 -1.679668e-02 7.404653e+01 2.729951e+03 2.759010e+03 -5.294065e-03 7.408649e+01 9.620145e-02 3.939682e-03 -1.098145e-04 -1.526042e-03
255.000 45.000 2.333118e+03 3.157529e+03 -1.501483e-01 7.325888e+01 2.373708e+03 3.115838e+03 -1.351897e-01 7.341129e+01 2.547615e-01 3.834475e-03 -1.442322e-04 -5.527109e-03
255.000 75.000 2.477143e+03 3.539282e+03 -1.765399e-01 7.634733e+01 2.516137e+03 3.499455e+03 -1.634616e-01 7.651704e+01 3.450585e-01 3.780649e-03 -1.209933e-04 -6.831913e-03
255.000 105.000 2.365410e+03 3.390713e+03 -1.781240e-01 7.465582e+01 2.389027e+03 3.366039e+03 -1.697656e-01 7.476097e+01 3.428973e-01 3.834231e-03 -7.911097e-05 -6.978976e-03
255.000 135.000 2.428829e+03 3.152055e+03 -1.295898e-01 7.407538e+01 2.429945e+03 3.151415e+03 -1.292641e-01 7.408171e+01 2.488570e-01 3.939445e-03 -3.108229e-06 -5.108942e-03
255.000 165.000 2.628837e+03 2.753089e+03 -2.308704e-02 7.334206e+01 2.612885e+03 2.769805e+03 -2.915264e-02 7.333563e+01 8.813575e-02 3.991129e-03 5.848228e-05 -1.516494e-03
255.000 195.000 2.887301e+03 2.399703e+03 9.222568e-02 7.240190e+01 2.856912e+03 2.427778e+03 8.120319e-02 7.245580e+01 -9.620143e-02 3.939682e-03 1.076101e-04 2.602516e-03
255.000 225.000 3.043597e+03 2.755344e+03 4.970780e-02 7.605664e+01 3.003775e+03 2.796463e+03 3.574201e-02 7.611063e+01 -2.547615e-01 3.834475e-03 1.297953e-04 4.003192e-03
255.000 255.000 3.265833e+03 2.519567e+03 1.289912e-01 7.542638e+01 3.229794e+03 2.561889e+03 1.153214e-01 7.559536e+01 -3.450584e-01 3.780649e-03 1.280080e-04 6.284932e-03
255.000 285.000 3.413049e+03 2.389366e+03 1.764236e-01 7.497875e+01 3.385597e+03 2.409103e+03 1.685152e-01 7.503430e+01 -3.428973e-01 3.834231e-03 7.455477e-05 6.926240e-03
255.000 315.000 3.179273e+03 2.567234e+03 1.065063e-01 7.537454e+01 3.173603e+03 2.569156e+03 1.052536e-01 7.536006e+01 -2.488570e-01 3.939445e-03 1.175236e-05 4.714633e-03
255.000 345.000 2.878229e+03 2.685678e+03 3.460725e-02 7.454692e+01 2.896675e+03 2.671564e+03 4.042764e-02 7.455963e+01 -8.813576e-02 3.991129e-03 -5.520392e-05 1.646520e-03
285.000 15.000 1.949618e+03 2.330298e+03 -8.894559e-02 6.516177e+01 1.983433e+03 2.294842e+03 -7.278850e-02 6.523502e+01 1.012779e-01 3.991129e-03 -1.752312e-04 -2.919249e-03
285.000 45.000 2.279557e+03 2.471193e+03 -4.033801e-02 6.886959e+01 2.336722e+03 2.424384e+03 -1.841224e-02 6.898907e+01 2.796054e-01 3.939445e-03 -2.249239e-04 -4.645642e-03
285.000 75.000 2.092094e+03 2.936862e+03 -1.679809e-01 6.990745e+01 2.147760e+03 2.883835e+03 -1.462905e-01 7.017061e+01 3.830130e-01 3.834230e-03 -2.189835e-04 -7.881762e-03
285.000 105.000 2.043452e+03 2.523581e+03 -1.051292e-01 6.720534e+01 2.081138e+03 2.495528e+03 -9.054395e-02 6.737318e+01 3.837925e-01 3.780649e-03 -1.532680e-04 -7.275041e-03
285.000 135.000 1.924902e+03 2.616986e+03 -1.523780e-01 6.660652e+01 1.935341e+03 2.602721e+03 -1.470627e-01 6.663269e+01 2.817351e-01 3.834474e-03 -5.641726e-05 -6.517576e-03
285.000 165.000 2.099473e+03 2.624256e+03 -1.110950e-01 6.830394e+01 2.082114e+03 2.639480e+03 -1.180461e-01 6.823342e+01 1.041870e-01 3.939682e-03 7.199753e-05 -3.151825e-03
285.000 195.000 2.311856e+03 2.319676e+03 -1.688478e-03 6.805527e+01 2.275728e+03 2.357342e+03 -1.761572e-02 6.805610e+01 -1.012779e-01 3.991129e-03 1.654859e-04 1.463360e-03
285.000 225.000 2.411862e+03 2.193692e+03 4.737106e-02 6.778804e+01 2.366649e+03 2.249598e+03 2.535629e-02 6.792113e+01 -2.796054e-01 3.939445e-03 2.294140e-04 4.823513e-03
285.000 255.000 2.542638e+03 1.806613e+03 1.692302e-01 6.499764e+01 2.499674e+03 1.850968e+03 1.491057e-01 6.522205e+01 -3.830129e-01 3.834230e-03 2.185561e-04 8.496357e-03
285.000 285.000 2.681934e+03 1.822207e+03 1.908749e-01 6.587898e+01 2.648879e+03 1.855184e+03 1.762176e-01 6.606209e+01 -3.837925e-01 3.780649e-03 1.571042e-04 8.723076e-03
285.000 315.000 2.456480e+03 1.852726e+03 1.401078e-01 6.499704e+01 2.448609e+03 1.861918e+03 1.361067e-01 6.504364e+01 -2.817351e-01 3.834474e-03 4.351260e-05 6.490186e-03
285.000 345.000 2.082765e+03 1.935953e+03 3.653196e-02 6.335104e+01 2.097169e+03 1.923683e+03 4.314680e-02 6.335114e+01 -1.041871e-01 3.939682e-03 -7.383292e-05 2.221258e-03
315.000 15.000 1.219470e+03 1.503912e+03 -1.044443e-01 5.190062e+01 1.227859e+03 1.495726e+03 -9.835113e-02 5.193496e+01 1.209979e-01 3.718881e-03 -8.298751e-05 -4.343729e-03
315.000 45.000 1.215941e+03 1.727058e+03 -1.736721e-01 5.342501e+01 1.234413e+03 1.708671e+03 -1.611432e-01 5.354121e+01 3.161038e-01 3.527148e-03 -1.656462e-04 -9.167540e-03
315.000 75.000 9.681691e+02 1.403108e+03 -1.834197e-01 4.786962e+01 9.841867e+02 1.386404e+03 -1.696697e-01 4.798278e+01 4.265099e-01 3.704309e-03 -2.028683e-04 -1.274148e-02
315.000 105.000 1.260046e+03 1.377038e+03 -4.436405e-02 5.130199e+01 1.278875e+03 1.362073e+03 -3.150295e-02 5.136464e+01 4.226330e-01 4.048746e-03 -1.771592e-04 -9.102904e-03
315.000 135.000 1.110079e+03 1.976189e+03 -2.806336e-01 5.332174e+01 1.119064e+03 1.964434e+03 -2.741595e-01 5.340160e+01 3.055120e-01 4.216829e-03 -8.578958e-05 -1.099262e-02
315.000 165.000 1.252143e+03 1.326696e+03 -2.890953e-02 5.076105e+01 1.253244e+03 1.325683e+03 -2.808849e-02 5.076310e+01 1.065292e-01 4.062083e-03 -1.143695e-05 -2.668163e-03
315.000 195.000 1.371573e+03 1.284770e+03 3.267760e-02 5.151219e+01 1.362687e+03 1.293378e+03 2.609465e-02 5.151947e+01 -1.209979e-01 3.718881e-03 9.035757e-05 2.983284e-03
315.000 225.000 1.409749e+03 1.133007e+03 1.088356e-01 5.012621e+01 1.396617e+03 1.149032e+03 9.725821e-02 5.021522e+01 -3.161038e-01 3.527148e-03 1.631712e-04 8.477388e-03
315.000 255.000 1.694843e+03 1.021136e+03 2.480532e-01 5.048627e+01 1.673933e+03 1.037703e+03 2.346294e-01 5.061974e+01 -4.265099e-01 3.704309e-03 1.877635e-04 1.336132e-02
315.000 285.000 1.355228e+03 1.204896e+03 5.872070e-02 5.051036e+01 1.340632e+03 1.222477e+03 4.609859e-02 5.057333e+01 -4.226330e-01 4.048746e-03 1.765899e-04 9.529801e-03
315.000 315.000 1.753571e+03 1.242842e+03 1.704466e-01 5.393849e+01 1.744213e+03 1.253924e+03 1.635312e-01 5.401814e+01 -3.055120e-01 4.216829e-03 9.058955e-05 8.824098e-03
315.000 345.000 1.242367e+03 1.212306e+03 1.224634e-02 4.954095e+01 1.241808e+03 1.213341e+03 1.159475e-02 4.954613e+01 -1.065293e-01 4.062083e-03 9.299839e-06 2.397524e-03
345.000 15.000 9.561133e+02 8.155188e+02 7.935875e-02 4.195801e+01 9.564756e+02 8.167560e+02 7.879378e-02 4.197884e+01 1.294622e-01 3.078627e-03 9.518868e-06 -1.194134e-03
345.000 45.000 7.267341e+02 1.118118e+03 -2.121491e-01 4.197404e+01 7.262987e+02 1.120180e+03 -2.133150e-01 4.198164e+01 3.412497e-01 4.566266e-03 1.963834e-05 -1.318431e-02
345.000 75.000 9.624016e+02 1.314362e+03 -1.545879e-01 4.714185e+01 9.625230e+02 1.315891e+03 -1.550938e-01 4.715516e+01 4.615995e-01 5.146266e-03 7.587472e-06 -1.307092e-02
345.000 105.000 5.611656e+02 1.036122e+03 -2.973520e-01 3.815834e+01 5.607321e+02 1.035244e+03 -2.973175e-01 3.814309e+01 4.582642e-01 4.554611e-03 -6.384190e-07 -1.980212e-02
345.000 135.000 7.474058e+02 1.179157e+03 -2.241044e-01 4.277623e+01 7.490471e+02 1.177858e+03 -2.225388e-01 4.279577e+01 3.321373e-01 3.061313e-03 -2.587398e-05 -1.300353e-02
345.000 165.000 9.629811e+02 1.108158e+03 -7.009531e-02 4.539783e+01 9.639815e+02 1.106456e+03 -6.881361e-02 4.539420e+01 1.170145e-01 1.933486e-03 -1.996430e-05 -4.121559e-03
345.000 195.000 1.083154e+03 9.215702e+02 8.060166e-02 4.462847e+01 1.082716e+03 9.200431e+02 8.122434e-02 4.460433e+01 -1.294622e-01 3.078627e-03 -9.868705e-06 4.706947e-03
345.000 225.000 9.165232e+02 5.678772e+02 2.348733e-01 3.745014e+01 9.173657e+02 5.692044e+02 2.342044e-01 3.748372e+01 -3.412496e-01 4.566266e-03 1.262458e-05 1.538373e-02
345.000 255.000 1.241035e+03 7.932268e+02 2.201331e-01 4.399641e+01 1.238922e+03 7.940976e+02 2.188000e-01 4.399650e+01 -4.615995e-01 5.146266e-03 2.142534e-05 1.549519e-02
345.000 285.000 1.168253e+03 8.866959e+02 1.370140e-01 4.490402e+01 1.167715e+03 8.873120e+02 1.364475e-01 4.490843e+01 -4.582642e-01 4.554611e-03 8.920485e-06 1.325668e-02
345.000 315.000 1.005741e+03 7.509459e+02 1.450429e-01 4.146964e+01 1.004806e+03 7.515104e+02 1.442200e-01 4.147031e+01 -3.321373e-01 3.061313e-03 1.403185e-05 1.150674e-02
345.000 345.000 9.584748e+02 9.526109e+02 3.068387e-03 4.371576e+01 9.568854e+02 9.536587e+02 1.688894e-03 4.370971e+01 -1.170146e-01 1.933486e-03 2.231498e-05 2.746903e-03
