  #t  #Q2   A1M1_AVG      A_1M1     dA_1M1   A0P1_AVG      A_0P1     dA_0P1   A2M1_AVG      A_2M1     dA_2M1   A3M1_AVG      A_3M1     dA_3M1   A1P1_AVG      A_1P1     dA_1P1       Asym      Astat          t         tp         xb         Q2          W     Dilute
   1    0 -3.973e-02 -3.397e-02 5.9019e-03  3.449e-01  3.082e-01 5.7872e-03 -4.753e-03  2.842e-02 5.8548e-03  4.579e-04 -6.112e-02 5.8096e-03  1.141e-02 -9.517e-03 5.8241e-03 -1.2609e-02 1.8975e-03 1.6479e-01 1.4547e-02 3.3571e-01 4.3755e+00 3.0928e+00 7.8843e-01
   Phi   PhiS      N_U_avg      N_D_avg     Asym_avg    dAsym_avg      N_U_fit      N_D_fit     Asym_fit    dAsym_fit     Asym_cal    dAsym_cal     GOOD_fit     GOOD_cal
15.000 15.000 1.271669e+03 1.402923e+03 -4.907425e-02 5.165415e+01 1.293156e+03 1.373544e+03 -3.014502e-02 5.161664e+01 5.180517e-02 4.632240e-03 -2.592212e-04 -1.952978e-03
15.000 45.000 7.396294e+02 1.460662e+03 -3.276987e-01 4.431715e+01 7.558036e+02 1.439462e+03 -3.114240e-01 4.452368e+01 2.193177e-01 7.293167e-03 -2.590682e-04 -1.234322e-02
15.000 75.000 1.147805e+03 1.689684e+03 -1.909715e-01 5.228772e+01 1.168588e+03 1.667090e+03 -1.757964e-01 5.242178e+01 3.280642e-01 1.081063e-02 -2.049548e-04 -9.926532e-03
15.000 105.000 1.042425e+03 1.826687e+03 -2.733468e-01 5.152413e+01 1.051876e+03 1.818352e+03 -2.670434e-01 5.162892e+01 3.489062e-01 1.219905e-02 -8.641883e-05 -1.207692e-02
15.000 135.000 6.101021e+02 1.302022e+03 -3.618591e-01 4.076452e+01 6.111358e+02 1.300373e+03 -3.605724e-01 4.077976e+01 2.762591e-01 1.082054e-02 -2.231607e-05 -1.565376e-02
15.000 165.000 9.301376e+02 1.687924e+03 -2.894457e-01 4.897677e+01 9.183852e+02 1.706891e+03 -3.003514e-01 4.887174e+01 1.295885e-01 7.307842e-03 1.576210e-04 -8.555776e-03
15.000 195.000 1.585646e+03 1.511094e+03 2.407451e-02 5.563223e+01 1.559401e+03 1.532999e+03 8.537831e-03 5.560733e+01 -5.180515e-02 4.632240e-03 1.975213e-04 1.363951e-03
15.000 225.000 1.155243e+03 1.234398e+03 -3.312430e-02 4.885713e+01 1.136082e+03 1.260065e+03 -5.174271e-02 4.888489e+01 -2.193177e-01 7.293167e-03 2.693868e-04 3.810977e-03
15.000 255.000 1.134369e+03 1.417321e+03 -1.108880e-01 5.020273e+01 1.113110e+03 1.440714e+03 -1.282799e-01 5.011785e+01 -3.280642e-01 1.081063e-02 2.451734e-04 4.325985e-03
15.000 285.000 9.459744e+02 1.404152e+03 -1.949588e-01 4.754788e+01 9.388308e+02 1.413354e+03 -2.017373e-01 4.750217e+01 -3.489062e-01 1.219905e-02 1.008549e-04 3.237736e-03
15.000 315.000 1.023957e+03 1.429900e+03 -1.654305e-01 4.885388e+01 1.027514e+03 1.428622e+03 -1.633089e-01 4.889408e+01 -2.762591e-01 1.082054e-02 -3.069505e-05 2.268572e-03
15.000 345.000 1.813900e+03 1.296116e+03 1.664890e-01 5.498919e+01 1.835211e+03 1.282803e+03 1.771667e-01 5.495585e+01 -1.295886e-01 7.307843e-03 -1.373462e-04 5.384287e-03
45.000 15.000 1.620527e+03 1.607992e+03 3.882334e-03 5.681963e+01 1.660643e+03 1.572076e+03 2.739709e-02 5.683567e+01 2.906120e-02 9.679244e-03 -2.925943e-04 -4.431368e-04
45.000 45.000 1.666215e+03 1.441957e+03 7.215079e-02 5.560568e+01 1.736393e+03 1.390824e+03 1.105036e-01 5.557905e+01 1.673893e-01 1.007754e-02 -4.878281e-04 -1.712747e-03
45.000 75.000 1.420885e+03 1.970616e+03 -1.620908e-01 5.746647e+01 1.486029e+03 1.900084e+03 -1.222802e-01 5.775364e+01 2.608655e-01 9.643972e-03 -4.886338e-04 -7.360054e-03
45.000 105.000 1.275259e+03 2.071027e+03 -2.378064e-01 5.618761e+01 1.320695e+03 2.013541e+03 -2.077975e-01 5.648242e+01 2.844431e-01 8.751378e-03 -3.766659e-04 -9.294746e-03
45.000 135.000 1.333268e+03 1.762345e+03 -1.386080e-01 5.510117e+01 1.351741e+03 1.734811e+03 -1.241093e-01 5.512720e+01 2.318043e-01 8.289608e-03 -1.860154e-04 -6.722403e-03
45.000 165.000 1.280417e+03 1.623624e+03 -1.181827e-01 5.351150e+01 1.282903e+03 1.629687e+03 -1.190638e-01 5.358451e+01 1.170538e-01 8.790232e-03 1.163541e-05 -4.396000e-03
45.000 195.000 1.634030e+03 1.398196e+03 7.777587e-02 5.489885e+01 1.595765e+03 1.437245e+03 5.226486e-02 5.499750e+01 -2.906119e-02 9.679244e-03 3.282913e-04 1.946071e-03
45.000 225.000 1.333999e+03 1.513822e+03 -6.314387e-02 5.325849e+01 1.289405e+03 1.581073e+03 -1.016095e-01 5.329955e+01 -1.673893e-01 1.007754e-02 5.105071e-04 1.957348e-03
45.000 255.000 1.951067e+03 9.749312e+02 3.336077e-01 5.099364e+01 1.881264e+03 1.019820e+03 2.969387e-01 5.143237e+01 -2.608655e-01 9.643972e-03 5.062916e-04 1.165779e-02
45.000 285.000 1.757509e+03 1.552591e+03 6.190684e-02 5.742311e+01 1.708599e+03 1.620152e+03 2.657053e-02 5.767495e+01 -2.844431e-01 8.751378e-03 4.341772e-04 6.031542e-03
45.000 315.000 1.694316e+03 9.094412e+02 3.014393e-01 4.865352e+01 1.667554e+03 9.326214e+02 2.826473e-01 4.891266e+01 -2.318044e-01 8.289608e-03 2.723879e-04 1.096002e-02
45.000 345.000 1.581784e+03 1.806673e+03 -6.636914e-02 5.808211e+01 1.590986e+03 1.800855e+03 -6.187472e-02 5.812792e+01 -1.170538e-01 8.790232e-03 -5.469464e-05 8.726385e-04
75.000 15.000 1.377169e+03 1.846166e+03 -1.455006e-01 5.617023e+01 1.359399e+03 1.859807e+03 -1.554444e-01 5.604838e+01 9.148812e-02 9.373643e-03 1.253141e-04 -4.219116e-03
75.000 45.000 2.122523e+03 2.498617e+03 -8.138567e-02 6.775346e+01 2.145509e+03 2.488166e+03 -7.394916e-02 6.788473e+01 2.201550e-01 9.103653e-03 -7.753575e-05 -4.450557e-03
75.000 75.000 1.444525e+03 2.406374e+03 -2.497727e-01 6.008873e+01 1.483691e+03 2.362075e+03 -2.284028e-01 6.037500e+01 2.898314e-01 8.952570e-03 -2.508759e-04 -8.980123e-03
75.000 105.000 1.447143e+03 2.677947e+03 -2.983703e-01 6.130134e+01 1.499571e+03 2.610584e+03 -2.703094e-01 6.172388e+01 2.818478e-01 9.077952e-03 -3.225678e-04 -9.465016e-03
75.000 135.000 1.553772e+03 2.327256e+03 -1.992987e-01 6.104813e+01 1.607079e+03 2.266192e+03 -1.701695e-01 6.132789e+01 1.983433e-01 9.348683e-03 -3.366250e-04 -6.513583e-03
75.000 165.000 1.923779e+03 1.827260e+03 2.573127e-02 6.122545e+01 1.967889e+03 1.790109e+03 4.730705e-02 6.123388e+01 6.169290e-02 9.493465e-03 -2.491664e-04 -5.873640e-04
75.000 195.000 1.844271e+03 1.259744e+03 1.883130e-01 5.471692e+01 1.857801e+03 1.251826e+03 1.948707e-01 5.469497e+01 -9.148810e-02 9.373643e-03 -8.476226e-05 5.113612e-03
75.000 225.000 2.581254e+03 1.342097e+03 3.158414e-01 5.943042e+01 2.566834e+03 1.351132e+03 3.102892e-01 5.950417e+01 -2.201549e-01 9.103653e-03 6.601918e-05 9.018889e-03
75.000 255.000 2.434470e+03 1.816267e+03 1.454341e-01 6.450449e+01 2.392407e+03 1.870274e+03 1.224892e-01 6.479758e+01 -2.898314e-01 8.952570e-03 2.509542e-04 6.747833e-03
75.000 285.000 2.269687e+03 2.129322e+03 3.190835e-02 6.629125e+01 2.218953e+03 2.211845e+03 1.604258e-03 6.656416e+01 -2.818478e-01 9.077951e-03 3.225790e-04 4.732995e-03
75.000 315.000 1.997224e+03 1.700528e+03 8.023675e-02 6.061309e+01 1.944954e+03 1.753994e+03 5.162565e-02 6.073787e+01 -1.983433e-01 9.348683e-03 3.334310e-04 4.596039e-03
75.000 345.000 1.886724e+03 2.034217e+03 -3.761660e-02 6.257310e+01 1.851862e+03 2.078802e+03 -5.773590e-02 6.259042e+01 -6.169291e-02 9.493465e-03 2.273266e-04 3.847710e-04
105.000 15.000 2.479432e+03 3.838685e+03 -2.151358e-01 7.762534e+01 2.453017e+03 3.874965e+03 -2.247080e-01 7.751425e+01 8.313190e-02 9.493465e-03 8.725727e-05 -3.842402e-03
105.000 45.000 2.860263e+03 2.459672e+03 7.530002e-02 7.273081e+01 2.817438e+03 2.489040e+03 6.188607e-02 7.270595e+01 2.522286e-01 9.348684e-03 1.304359e-04 -2.432649e-03
105.000 75.000 2.153924e+03 3.592378e+03 -2.503269e-01 7.339086e+01 2.112151e+03 3.651578e+03 -2.670887e-01 7.316123e+01 3.537408e-01 9.077951e-03 1.617494e-04 -8.230830e-03
105.000 105.000 2.176774e+03 2.092599e+03 1.971600e-02 6.532773e+01 2.140471e+03 2.131148e+03 2.182581e-03 6.535746e+01 3.604685e-01 8.952570e-03 1.897384e-04 -5.216046e-03
105.000 135.000 2.043342e+03 3.679824e+03 -2.859399e-01 7.249297e+01 2.024258e+03 3.713069e+03 -2.943550e-01 7.238934e+01 2.706089e-01 9.103653e-03 8.214106e-05 -7.677279e-03
105.000 165.000 2.047009e+03 2.990961e+03 -1.873675e-01 6.972162e+01 2.041769e+03 2.996175e+03 -1.894437e-01 6.969317e+01 1.082399e-01 9.373643e-03 2.106060e-05 -4.239823e-03
105.000 195.000 2.226007e+03 2.061912e+03 3.826901e-02 6.543424e+01 2.235397e+03 2.048466e+03 4.363623e-02 6.538888e+01 -8.313188e-02 9.493465e-03 -5.802023e-05 1.855312e-03
105.000 225.000 3.160733e+03 2.621257e+03 9.330285e-02 7.570770e+01 3.203687e+03 2.574951e+03 1.088035e-01 7.556606e+01 -2.522285e-01 9.348684e-03 -1.449105e-04 4.564019e-03
105.000 255.000 3.313097e+03 2.008009e+03 2.452663e-01 7.071783e+01 3.362975e+03 1.970219e+03 2.611485e-01 7.049452e+01 -3.537408e-01 9.077951e-03 -1.590566e-04 8.470383e-03
105.000 285.000 2.737747e+03 2.432314e+03 5.907735e-02 7.177755e+01 2.776741e+03 2.380085e+03 7.691870e-02 7.159829e+01 -3.604685e-01 8.952570e-03 -1.759812e-04 5.845084e-03
105.000 315.000 2.968252e+03 2.667713e+03 5.332531e-02 7.496625e+01 3.000181e+03 2.644240e+03 6.306076e-02 7.497983e+01 -2.706089e-01 9.103653e-03 -9.181975e-05 4.321067e-03
105.000 345.000 1.588441e+03 2.368625e+03 -1.971623e-01 6.167044e+01 1.586589e+03 2.359560e+03 -1.958799e-01 6.160146e+01 -1.082399e-01 9.373643e-03 -1.471170e-05 -1.441896e-03
135.000 15.000 1.979775e+03 2.744436e+03 -1.618602e-01 6.782656e+01 2.041613e+03 2.667606e+03 -1.329293e-01 6.801476e+01 -1.242096e-02 8.790232e-03 -3.011932e-04 -2.203255e-03
135.000 45.000 1.747434e+03 2.037419e+03 -7.661738e-02 6.134032e+01 1.764130e+03 2.010311e+03 -6.522301e-02 6.130566e+01 1.638643e-01 8.289608e-03 -1.313868e-04 -3.920451e-03
135.000 75.000 2.939162e+03 2.327476e+03 1.161436e-01 7.208047e+01 2.901736e+03 2.342588e+03 1.066197e-01 7.200492e+01 2.962423e-01 8.751378e-03 9.347843e-05 -2.498579e-03
135.000 105.000 1.554184e+03 2.076619e+03 -1.438895e-01 5.962911e+01 1.495161e+03 2.128486e+03 -1.747755e-01 5.927021e+01 3.492424e-01 9.643972e-03 3.673622e-04 -8.269987e-03
135.000 135.000 2.935006e+03 3.281935e+03 -5.580376e-02 7.872472e+01 2.814401e+03 3.386300e+03 -9.223130e-02 7.840889e+01 3.086633e-01 1.007754e-02 3.278497e-04 -4.629639e-03
135.000 165.000 2.623245e+03 2.567889e+03 1.066360e-02 7.204543e+01 2.519970e+03 2.667189e+03 -2.838155e-02 7.199292e+01 1.853781e-01 9.679244e-03 3.833575e-04 -2.425060e-03
135.000 195.000 2.898798e+03 3.079369e+03 -3.020507e-02 7.728333e+01 2.815097e+03 3.169980e+03 -5.929471e-02 7.722716e+01 1.242098e-02 8.790232e-03 2.662536e-04 -5.515555e-04
135.000 225.000 2.891175e+03 2.365536e+03 9.999384e-02 7.213979e+01 2.872459e+03 2.398299e+03 8.996052e-02 7.230561e+01 -1.638643e-01 8.289608e-03 9.823258e-05 3.657595e-03
135.000 255.000 3.127685e+03 1.628935e+03 3.150873e-01 6.545520e+01 3.159558e+03 1.612457e+03 3.242029e-01 6.534861e+01 -2.962423e-01 8.751378e-03 -9.855578e-05 9.339664e-03
135.000 285.000 2.610164e+03 2.130639e+03 1.011485e-01 6.850036e+01 2.672358e+03 2.061329e+03 1.290812e-01 6.822620e+01 -3.492424e-01 9.643972e-03 -2.889176e-04 6.575015e-03
135.000 315.000 2.600241e+03 2.038377e+03 1.211276e-01 6.760592e+01 2.682454e+03 1.950234e+03 1.580551e-01 6.720831e+01 -3.086633e-01 1.007754e-02 -3.873713e-04 6.357296e-03
135.000 345.000 3.079833e+03 2.396624e+03 1.247539e-01 7.342496e+01 3.195916e+03 2.300489e+03 1.629115e-01 7.314731e+01 -1.853781e-01 9.679244e-03 -3.681658e-04 4.223796e-03
165.000 15.000 2.291401e+03 1.325420e+03 2.670802e-01 5.795539e+01 2.364326e+03 1.282137e+03 2.967775e-01 5.766536e+01 -1.024443e-02 7.307843e-03 -3.632410e-04 4.785139e-03
165.000 45.000 1.681556e+03 1.322722e+03 1.194413e-01 5.441891e+01 1.736014e+03 1.285477e+03 1.491107e-01 5.435357e+01 1.046983e-01 1.082054e-02 -3.857491e-04 2.709159e-04
165.000 75.000 1.264913e+03 1.304728e+03 -1.549419e-02 5.068554e+01 1.293452e+03 1.282275e+03 4.339354e-03 5.075115e+01 1.915872e-01 1.219905e-02 -2.765159e-04 -4.085611e-03
165.000 105.000 1.659185e+03 1.370352e+03 9.533892e-02 5.479052e+01 1.666396e+03 1.359898e+03 1.012782e-01 5.472890e+01 2.271405e-01 1.081063e-02 -7.669382e-05 -2.405555e-03
165.000 135.000 1.119263e+03 2.054106e+03 -2.945903e-01 5.383283e+01 1.115762e+03 2.071469e+03 -2.998548e-01 5.385776e+01 2.018317e-01 7.293168e-03 6.913505e-05 -9.221547e-03
165.000 165.000 1.495120e+03 1.299902e+03 6.984492e-02 5.273886e+01 1.459202e+03 1.326369e+03 4.768595e-02 5.271847e+01 1.224422e-01 4.632241e-03 2.971583e-04 -9.973152e-04
165.000 195.000 1.410983e+03 1.493535e+03 -2.842207e-02 5.387180e+01 1.371809e+03 1.536904e+03 -5.675908e-02 5.384554e+01 1.024444e-02 7.307842e-03 3.720347e-04 -7.177504e-04
165.000 225.000 1.455439e+03 1.628522e+03 -5.612350e-02 5.544589e+01 1.417182e+03 1.680555e+03 -8.502128e-02 5.545579e+01 -1.046983e-01 1.082054e-02 3.685033e-04 8.760758e-04
165.000 255.000 1.934339e+03 1.221196e+03 2.259976e-01 5.472080e+01 1.908320e+03 1.248608e+03 2.089727e-01 5.494603e+01 -1.915872e-01 1.219905e-02 2.195441e-04 7.631189e-03
165.000 285.000 1.699618e+03 1.194137e+03 1.746802e-01 5.296657e+01 1.676606e+03 1.200992e+03 1.652818e-01 5.290546e+01 -2.271405e-01 1.081064e-02 1.255415e-04 7.586307e-03
165.000 315.000 2.043553e+03 1.652597e+03 1.057738e-01 6.045491e+01 2.056073e+03 1.649408e+03 1.097469e-01 6.050497e+01 -2.018317e-01 7.293168e-03 -4.645249e-05 5.088179e-03
165.000 345.000 1.402741e+03 1.545436e+03 -4.840115e-02 5.423348e+01 1.442818e+03 1.508626e+03 -2.229667e-02 5.431369e+01 -1.224422e-01 4.632241e-03 -3.401038e-04 1.365228e-03
195.000 15.000 1.204566e+03 1.955915e+03 -2.377323e-01 5.460642e+01 1.169386e+03 2.002611e+03 -2.626813e-01 5.434266e+01 1.224422e-01 4.632240e-03 3.238489e-04 -6.595827e-03
195.000 45.000 1.055360e+03 1.405877e+03 -1.424148e-01 4.910517e+01 1.050571e+03 1.419868e+03 -1.494865e-01 4.914502e+01 2.018316e-01 7.293167e-03 1.017892e-04 -7.010391e-03
195.000 75.000 1.977962e+03 1.637424e+03 9.419135e-02 5.986076e+01 1.992019e+03 1.632357e+03 9.923414e-02 5.990564e+01 2.271405e-01 1.081064e-02 -5.954583e-05 -2.220973e-03
195.000 105.000 1.284194e+03 1.537379e+03 -8.973193e-02 5.290420e+01 1.315431e+03 1.500145e+03 -6.560412e-02 5.294769e+01 1.915872e-01 1.219905e-02 -3.223549e-04 -5.317520e-03
195.000 135.000 1.437240e+03 1.489879e+03 -1.798323e-02 5.409410e+01 1.491132e+03 1.449145e+03 1.427994e-02 5.421880e+01 1.046983e-01 1.082054e-02 -4.212516e-04 -2.267928e-03
195.000 165.000 1.930154e+03 9.712888e+02 3.304787e-01 5.083855e+01 1.993307e+03 9.443715e+02 3.570628e-01 5.062749e+01 -1.024440e-02 7.307842e-03 -3.705238e-04 6.702061e-03
195.000 195.000 1.730285e+03 7.551653e+02 3.923312e-01 4.585717e+01 1.767677e+03 7.402189e+02 4.096893e-01 4.568323e+01 -1.224421e-01 4.632240e-03 -2.681654e-04 1.122558e-02
195.000 225.000 1.793484e+03 1.047353e+03 2.626445e-01 5.142830e+01 1.792825e+03 1.033904e+03 2.684802e-01 5.121498e+01 -2.018316e-01 7.293167e-03 -8.040348e-05 9.031528e-03
195.000 255.000 1.371761e+03 1.105961e+03 1.072760e-01 4.948947e+01 1.361813e+03 1.116691e+03 9.889898e-02 4.954051e+01 -2.271405e-01 1.081064e-02 1.196300e-04 6.757326e-03
195.000 285.000 2.741880e+03 1.483245e+03 2.978929e-01 6.204987e+01 2.692474e+03 1.518840e+03 2.786859e-01 6.232367e+01 -1.915872e-01 1.219905e-02 2.183965e-04 7.888495e-03
195.000 315.000 1.547339e+03 1.910329e+03 -1.049813e-01 5.847701e+01 1.506667e+03 1.970626e+03 -1.334253e-01 5.844133e+01 -1.046983e-01 1.082054e-02 3.440513e-04 -4.838747e-06
195.000 345.000 1.830245e+03 1.188187e+03 2.127126e-01 5.368294e+01 1.774557e+03 1.220141e+03 1.851326e-01 5.377785e+01 1.024438e-02 7.307842e-03 3.629600e-04 3.771556e-03
225.000 15.000 2.588192e+03 3.268785e+03 -1.162020e-01 7.601244e+01 2.483114e+03 3.390507e+03 -1.544860e-01 7.571949e+01 1.853781e-01 9.679244e-03 3.568247e-04 -3.967510e-03
225.000 45.000 1.207201e+03 2.016064e+03 -2.509453e-01 5.495712e+01 1.159310e+03 2.083563e+03 -2.850107e-01 5.458435e+01 3.086633e-01 1.007754e-02 4.397928e-04 -1.018264e-02
225.000 75.000 1.917307e+03 3.043423e+03 -2.270061e-01 6.859369e+01 1.860595e+03 3.112756e+03 -2.517741e-01 6.825020e+01 3.492424e-01 9.643972e-03 2.559644e-04 -8.400896e-03
225.000 105.000 2.381009e+03 2.760551e+03 -7.381854e-02 7.150904e+01 2.368766e+03 2.787236e+03 -8.116184e-02 7.156841e+01 2.962423e-01 8.751378e-03 7.258301e-05 -5.175022e-03
225.000 135.000 2.453181e+03 2.811109e+03 -6.799181e-02 7.238753e+01 2.503895e+03 2.786948e+03 -5.349873e-02 7.263401e+01 1.638643e-01 8.289609e-03 -1.413327e-04 -3.202985e-03
225.000 165.000 2.045806e+03 2.889109e+03 -1.708849e-01 6.921566e+01 2.109281e+03 2.809164e+03 -1.422976e-01 6.941796e+01 -1.242096e-02 8.790232e-03 -2.916206e-04 -2.289423e-03
225.000 195.000 2.797183e+03 1.667936e+03 2.529041e-01 6.464927e+01 2.896506e+03 1.603587e+03 2.873094e-01 6.425438e+01 -1.853781e-01 9.679244e-03 -3.774613e-04 6.779384e-03
225.000 225.000 2.652564e+03 1.931624e+03 1.572666e-01 6.686411e+01 2.741527e+03 1.853353e+03 1.932965e-01 6.650714e+01 -3.086633e-01 1.007754e-02 -3.820448e-04 6.968310e-03
225.000 255.000 2.472343e+03 2.347130e+03 2.598064e-02 6.939898e+01 2.524922e+03 2.270822e+03 5.298449e-02 6.915404e+01 -3.492424e-01 9.643972e-03 -2.756284e-04 5.406751e-03
225.000 285.000 3.591318e+03 2.313243e+03 2.164555e-01 7.501943e+01 3.614126e+03 2.291628e+03 2.239338e-01 7.489728e+01 -2.962423e-01 8.751378e-03 -7.054501e-05 6.834200e-03
225.000 315.000 2.998208e+03 2.116670e+03 1.723477e-01 7.044819e+01 2.976429e+03 2.148969e+03 1.614430e-01 7.065274e+01 -1.638643e-01 8.289609e-03 1.092952e-04 4.772473e-03
225.000 345.000 2.307615e+03 1.880319e+03 1.020303e-01 6.437652e+01 2.247969e+03 1.932422e+03 7.548271e-02 6.447148e+01 1.242094e-02 8.790232e-03 2.913812e-04 1.391957e-03
255.000 15.000 1.867999e+03 2.366641e+03 -1.177531e-01 6.462138e+01 1.871892e+03 2.373482e+03 -1.181499e-01 6.470017e+01 1.082399e-01 9.373643e-03 4.338342e-06 -3.497187e-03
255.000 45.000 2.389387e+03 3.266843e+03 -1.551309e-01 7.429743e+01 2.369721e+03 3.282244e+03 -1.614523e-01 7.419324e+01 2.706089e-01 9.103653e-03 6.020402e-05 -5.730209e-03
255.000 75.000 2.649329e+03 3.075995e+03 -7.452245e-02 7.545547e+01 2.582031e+03 3.116753e+03 -9.383091e-02 7.515724e+01 3.604685e-01 8.952570e-03 1.813010e-04 -5.764869e-03
255.000 105.000 2.478289e+03 3.371273e+03 -1.526583e-01 7.558598e+01 2.427663e+03 3.423453e+03 -1.701880e-01 7.537668e+01 3.537408e-01 9.077952e-03 1.642173e-04 -6.699643e-03
255.000 135.000 3.025820e+03 3.135369e+03 -1.778048e-02 7.848084e+01 2.977985e+03 3.176839e+03 -3.230866e-02 7.841173e+01 2.522286e-01 9.348683e-03 1.309555e-04 -3.440446e-03
255.000 165.000 2.584795e+03 2.742744e+03 -2.964771e-02 7.295790e+01 2.570528e+03 2.767743e+03 -3.694359e-02 7.301360e+01 8.313191e-02 9.493464e-03 7.068456e-05 -1.545818e-03
255.000 195.000 2.689805e+03 2.744881e+03 -1.013413e-02 7.371654e+01 2.695475e+03 2.743409e+03 -8.813294e-03 7.374592e+01 -1.082399e-01 9.373643e-03 -1.266722e-05 1.330851e-03
255.000 225.000 3.496763e+03 2.397456e+03 1.865059e-01 7.542673e+01 3.535476e+03 2.376572e+03 1.960241e-01 7.539811e+01 -2.706089e-01 9.103653e-03 -8.924784e-05 6.060381e-03
255.000 255.000 1.652207e+03 2.345791e+03 -1.734828e-01 6.227097e+01 1.668756e+03 2.302225e+03 -1.595245e-01 6.220873e+01 -3.604685e-01 8.952570e-03 -1.585791e-04 3.002775e-03
255.000 285.000 2.825971e+03 1.771276e+03 2.294188e-01 6.599454e+01 2.861326e+03 1.739221e+03 2.439069e-01 6.577886e+01 -3.537408e-01 9.077952e-03 -1.554880e-04 8.836482e-03
255.000 315.000 2.940543e+03 2.135527e+03 1.585905e-01 7.034488e+01 2.980668e+03 2.100937e+03 1.731208e-01 7.020901e+01 -2.522286e-01 9.348683e-03 -1.461997e-04 5.840070e-03
255.000 345.000 2.389249e+03 3.319424e+03 -1.629407e-01 7.454602e+01 2.408540e+03 3.294987e+03 -1.554209e-01 7.460398e+01 -8.313193e-02 9.493464e-03 -7.130196e-05 -1.070598e-03
285.000 15.000 1.921479e+03 2.479628e+03 -1.268202e-01 6.580519e+01 1.966679e+03 2.426575e+03 -1.046823e-01 6.591745e+01 6.169288e-02 9.493465e-03 -2.376787e-04 -2.864715e-03
285.000 45.000 1.876305e+03 3.181082e+03 -2.579943e-01 6.870780e+01 1.933095e+03 3.107770e+03 -2.330305e-01 6.904440e+01 1.983433e-01 9.348684e-03 -2.562869e-04 -6.641716e-03
285.000 75.000 1.089080e+03 2.389974e+03 -3.739217e-01 5.470486e+01 1.125072e+03 2.335893e+03 -3.498506e-01 5.511224e+01 2.818478e-01 9.077951e-03 -3.099829e-04 -1.198741e-02
285.000 105.000 1.892555e+03 2.621405e+03 -1.614659e-01 6.630441e+01 1.950118e+03 2.564815e+03 -1.361477e-01 6.656759e+01 2.898315e-01 8.952570e-03 -2.694727e-04 -6.806446e-03
285.000 135.000 2.116912e+03 1.574154e+03 1.470464e-01 6.009372e+01 2.129130e+03 1.562260e+03 1.535653e-01 6.003614e+01 2.201550e-01 9.103653e-03 -7.674275e-05 -1.216575e-03
285.000 165.000 1.636617e+03 2.221578e+03 -1.516152e-01 6.139630e+01 1.627977e+03 2.244578e+03 -1.592234e-01 6.143597e+01 9.148814e-02 9.373643e-03 8.759661e-05 -3.959576e-03
285.000 195.000 1.419300e+03 1.915092e+03 -1.486903e-01 5.710230e+01 1.392178e+03 1.961614e+03 -1.697889e-01 5.707108e+01 -6.169286e-02 9.493465e-03 2.613395e-04 -1.523536e-03
285.000 225.000 2.760746e+03 2.239441e+03 1.042570e-01 7.032665e+01 2.691875e+03 2.313326e+03 7.563103e-02 7.054482e+01 -1.983433e-01 9.348684e-03 2.873771e-04 4.302784e-03
285.000 255.000 3.112988e+03 1.291696e+03 4.134900e-01 6.042845e+01 3.035085e+03 1.340401e+03 3.873132e-01 6.098453e+01 -2.818478e-01 9.077951e-03 3.049034e-04 1.150680e-02
285.000 285.000 3.021267e+03 2.055523e+03 1.902273e-01 6.995054e+01 2.975138e+03 2.104881e+03 1.713098e-01 7.022061e+01 -2.898315e-01 8.952570e-03 1.908621e-04 6.862832e-03
285.000 315.000 2.209741e+03 2.210158e+03 -9.430430e-05 6.648233e+01 2.199853e+03 2.217511e+03 -3.997295e-03 6.646272e+01 -2.201550e-01 9.103653e-03 4.151838e-05 3.310063e-03
285.000 345.000 1.920725e+03 2.415465e+03 -1.140955e-01 6.541974e+01 1.936406e+03 2.392974e+03 -1.054580e-01 6.543112e+01 -9.148816e-02 9.373643e-03 -9.335303e-05 -3.455741e-04
315.000 15.000 8.071308e+02 1.411938e+03 -2.725499e-01 4.532360e+01 8.065405e+02 1.420225e+03 -2.755947e-01 4.536119e+01 1.170538e-01 8.790232e-03 4.748440e-05 -8.596044e-03
315.000 45.000 1.711135e+03 1.847501e+03 -3.831976e-02 5.961049e+01 1.745831e+03 1.811524e+03 -1.846702e-02 5.963339e+01 2.318043e-01 8.289608e-03 -2.354504e-04 -4.531486e-03
315.000 75.000 1.158829e+03 1.945019e+03 -2.532951e-01 5.389536e+01 1.206436e+03 1.886185e+03 -2.197973e-01 5.425139e+01 2.844431e-01 8.751378e-03 -4.380425e-04 -9.977449e-03
315.000 105.000 2.304294e+03 2.451552e+03 -3.096356e-02 6.892958e+01 2.413958e+03 2.367566e+03 9.702535e-03 6.914531e+01 2.608655e-01 9.643973e-03 -4.165165e-04 -4.233728e-03
315.000 135.000 1.765162e+03 1.536914e+03 6.912273e-02 5.732625e+01 1.837750e+03 1.484555e+03 1.063105e-01 5.731280e+01 1.673893e-01 1.007754e-02 -4.587564e-04 -1.714163e-03
315.000 165.000 1.577001e+03 1.596491e+03 -6.141741e-03 5.633269e+01 1.615901e+03 1.561749e+03 1.704138e-02 5.636246e+01 2.906123e-02 9.679244e-03 -2.909254e-04 -6.249119e-04
315.000 195.000 1.192270e+03 2.144773e+03 -2.854333e-01 5.536395e+01 1.201958e+03 2.131782e+03 -2.789132e-01 5.544727e+01 -1.170538e-01 8.790232e-03 -8.321200e-05 -3.041321e-03
315.000 225.000 1.506726e+03 1.793394e+03 -8.686577e-02 5.722952e+01 1.483288e+03 1.830218e+03 -1.047016e-01 5.724668e+01 -2.318043e-01 8.289608e-03 2.203404e-04 2.532583e-03
315.000 255.000 1.923322e+03 1.320541e+03 1.858220e-01 5.596296e+01 1.859326e+03 1.371213e+03 1.510933e-01 5.618530e+01 -2.844431e-01 8.751378e-03 4.379357e-04 8.403148e-03
315.000 285.000 2.101333e+03 1.267287e+03 2.475928e-01 5.623270e+01 2.031403e+03 1.331485e+03 2.081300e-01 5.672050e+01 -2.608655e-01 9.643973e-03 4.940826e-04 9.042040e-03
315.000 315.000 1.717088e+03 1.880086e+03 -4.531288e-02 5.991484e+01 1.658586e+03 1.955499e+03 -8.215416e-02 5.991404e+01 -1.673893e-01 1.007754e-02 4.347986e-04 2.037499e-03
315.000 345.000 1.354093e+03 1.006012e+03 1.474853e-01 4.804964e+01 1.322398e+03 1.033795e+03 1.224873e-01 4.817513e+01 -2.906124e-02 9.679244e-03 3.673945e-04 3.674253e-03
345.000 15.000 1.598951e+03 1.948948e+03 -9.864899e-02 5.927370e+01 1.575170e+03 1.974170e+03 -1.124151e-01 5.919870e+01 1.295885e-01 7.307843e-03 1.643275e-04 -3.850570e-03
345.000 45.000 1.124492e+03 1.867836e+03 -2.484165e-01 5.298744e+01 1.120369e+03 1.867975e+03 -2.501741e-01 5.292742e+01 2.762591e-01 1.082054e-02 2.346775e-05 -9.901885e-03
345.000 75.000 9.601246e+02 1.374921e+03 -1.776396e-01 4.755378e+01 9.696151e+02 1.368670e+03 -1.706615e-01 4.764643e+01 3.489062e-01 1.219905e-02 -1.036604e-04 -1.107264e-02
345.000 105.000 1.211006e+03 1.296751e+03 -3.419164e-02 5.004823e+01 1.232037e+03 1.275174e+03 -1.720489e-02 5.006465e+01 3.280642e-01 1.081063e-02 -2.399580e-04 -7.238135e-03
345.000 135.000 1.541695e+03 1.372160e+03 5.818260e-02 5.388869e+01 1.580241e+03 1.349956e+03 7.859040e-02 5.396386e+01 2.193177e-01 7.293167e-03 -2.675966e-04 -2.990147e-03
345.000 165.000 1.230826e+03 1.049461e+03 7.953615e-02 4.760107e+01 1.253731e+03 1.025237e+03 1.002621e-01 4.749798e+01 5.180517e-02 4.632242e-03 -3.082151e-04 5.825705e-04
345.000 195.000 1.718788e+03 1.099131e+03 2.198986e-01 5.178472e+01 1.736031e+03 1.080726e+03 2.326454e-01 5.161689e+01 -1.295885e-01 7.307843e-03 -1.743364e-04 6.748847e-03
345.000 225.000 1.549590e+03 9.044022e+02 2.629135e-01 4.779501e+01 1.550507e+03 9.031446e+02 2.638363e-01 4.777922e+01 -2.762591e-01 1.082054e-02 -1.365486e-05 1.128094e-02
345.000 255.000 1.392078e+03 1.054277e+03 1.380835e-01 4.898683e+01 1.383324e+03 1.068527e+03 1.283916e-01 4.910635e+01 -3.489062e-01 1.219905e-02 1.397277e-04 9.941237e-03
345.000 285.000 1.552366e+03 7.939931e+02 3.232126e-01 4.583932e+01 1.535569e+03 8.150687e+02 3.065127e-01 4.614971e+01 -3.280642e-01 1.081063e-02 2.567371e-04 1.420782e-02
345.000 315.000 1.352860e+03 1.548934e+03 -6.756985e-02 5.374518e+01 1.333936e+03 1.588657e+03 -8.715561e-02 5.385530e+01 -2.193177e-01 7.293168e-03 2.574192e-04 2.823469e-03
345.000 345.000 1.431692e+03 9.927830e+02 1.810326e-01 4.842539e+01 1.405171e+03 1.010565e+03 1.633485e-01 4.848997e+01 -5.180519e-02 4.632242e-03 2.580506e-04 4.808176e-03
