  #t  #Q2   A1M1_AVG      A_1M1     dA_1M1   A0P1_AVG      A_0P1     dA_0P1   A2M1_AVG      A_2M1     dA_2M1   A3M1_AVG      A_3M1     dA_3M1   A1P1_AVG      A_1P1     dA_1P1       Asym      Astat          t         tp         xb         Q2          W     Dilute
   3    0 -3.057e-02 -8.356e-04 4.2614e-03  3.935e-01  3.849e-01 4.2224e-03 -2.701e-03 -7.309e-03 4.2477e-03  5.971e-04  3.120e-02 4.2005e-03  1.192e-02  2.893e-02 4.2269e-03 -2.4365e-02 2.3912e-03 3.1093e-01 1.2862e-02 4.2719e-01 5.2629e+00 2.8254e+00 7.7441e-01
   Phi   PhiS      N_U_avg      N_D_avg     Asym_avg    dAsym_avg      N_U_fit      N_D_fit     Asym_fit    dAsym_fit     Asym_cal    dAsym_cal     GOOD_fit     GOOD_cal
15.000 15.000 1.323701e+03 1.645038e+03 -1.082400e-01 5.416602e+01 1.310740e+03 1.658286e+03 -1.170575e-01 5.411417e+01 1.277927e-01 3.358670e-03 1.151622e-04 -4.357581e-03
15.000 45.000 1.095311e+03 1.544108e+03 -1.700363e-01 5.062714e+01 1.107871e+03 1.536240e+03 -1.620089e-01 5.074161e+01 2.995290e-01 5.297440e-03 -1.119913e-04 -9.274972e-03
15.000 75.000 7.819708e+02 1.851569e+03 -4.061448e-01 4.689486e+01 8.034226e+02 1.827106e+03 -3.891551e-01 4.724571e+01 3.910067e-01 7.845586e-03 -2.552234e-04 -1.699870e-02
15.000 105.000 1.202304e+03 1.822486e+03 -2.050332e-01 5.382966e+01 1.238415e+03 1.780367e+03 -1.795268e-01 5.405078e+01 3.777145e-01 8.846546e-03 -3.343653e-04 -1.082577e-02
15.000 135.000 1.249127e+03 1.200866e+03 1.969813e-02 4.948780e+01 1.286350e+03 1.172785e+03 4.618077e-02 4.953676e+01 2.632140e-01 7.840865e-03 -3.782102e-04 -4.920726e-03
15.000 165.000 1.190562e+03 9.060873e+02 1.356805e-01 4.536575e+01 1.214540e+03 8.883450e+02 1.551177e-01 4.530216e+01 7.818552e-02 5.290445e-03 -3.031758e-04 1.267365e-03
15.000 195.000 9.991209e+02 9.095560e+02 4.692514e-02 4.364028e+01 1.004838e+03 9.005014e+02 5.475988e-02 4.358469e+01 -1.277927e-01 3.358670e-03 -1.270278e-04 4.003592e-03
15.000 225.000 1.588517e+03 1.055949e+03 2.013895e-01 5.037076e+01 1.589774e+03 1.060426e+03 1.997387e-01 5.044273e+01 -2.995290e-01 5.297440e-03 2.315713e-05 9.944629e-03
15.000 255.000 1.242373e+03 1.154734e+03 3.656028e-02 4.892753e+01 1.221130e+03 1.187823e+03 1.382647e-02 4.907639e+01 -3.910067e-01 7.845586e-03 3.280524e-04 8.738782e-03
15.000 285.000 1.449980e+03 1.595140e+03 -4.766961e-02 5.511987e+01 1.421471e+03 1.638797e+03 -7.101537e-02 5.518002e+01 -3.777145e-01 8.846546e-03 2.993284e-04 5.987767e-03
15.000 315.000 1.537994e+03 9.327802e+02 2.449489e-01 4.819261e+01 1.507652e+03 9.567823e+02 2.235277e-01 4.838698e+01 -2.632140e-01 7.840865e-03 3.136703e-04 1.054442e-02
15.000 345.000 1.295742e+03 1.548936e+03 -8.900622e-02 5.312383e+01 1.274228e+03 1.577590e+03 -1.063748e-01 5.309941e+01 -7.818554e-02 5.290445e-03 2.312382e-04 -2.036879e-04
45.000 15.000 8.631474e+02 1.646926e+03 -3.122533e-01 4.759555e+01 8.472696e+02 1.677870e+03 -3.289325e-01 4.745449e+01 1.442158e-01 7.014388e-03 2.481640e-04 -9.590584e-03
45.000 45.000 1.338714e+03 1.468425e+03 -4.620767e-02 5.292584e+01 1.319598e+03 1.480998e+03 -5.763063e-02 5.283269e+01 3.271272e-01 7.310724e-03 1.527489e-04 -7.053923e-03
45.000 75.000 1.072785e+03 1.912974e+03 -2.813989e-01 5.243406e+01 1.074054e+03 1.921422e+03 -2.828824e-01 5.249543e+01 4.223850e-01 7.001147e-03 1.999503e-05 -1.342227e-02
45.000 105.000 1.224205e+03 1.568991e+03 -1.234380e-01 5.244651e+01 1.231892e+03 1.559895e+03 -1.174884e-01 5.247143e+01 4.044652e-01 6.351408e-03 -8.019634e-05 -1.006556e-02
45.000 135.000 1.210786e+03 1.663945e+03 -1.576352e-01 5.294618e+01 1.239829e+03 1.641352e+03 -1.393605e-01 5.315285e+01 2.781693e-01 6.007940e-03 -2.435855e-04 -8.231083e-03
45.000 165.000 1.611971e+03 1.520791e+03 2.910539e-02 5.594737e+01 1.648124e+03 1.492279e+03 4.962594e-02 5.597025e+01 7.733807e-02 6.366001e-03 -2.593019e-04 -8.621082e-04
45.000 195.000 1.166113e+03 1.332528e+03 -6.660241e-02 4.987542e+01 1.186712e+03 1.304906e+03 -4.743674e-02 4.985992e+01 -1.442158e-01 7.014388e-03 -2.717627e-04 1.556145e-03
45.000 225.000 1.576413e+03 1.349102e+03 7.769931e-02 5.392452e+01 1.590730e+03 1.324278e+03 9.140710e-02 5.376479e+01 -3.271271e-01 7.310724e-03 -1.800153e-04 7.507280e-03
45.000 255.000 2.053418e+03 8.738491e+02 4.029591e-01 4.951716e+01 2.069516e+03 8.741031e+02 4.061031e-01 4.957981e+01 -4.223850e-01 7.001147e-03 -4.486688e-05 1.666784e-02
45.000 285.000 2.231148e+03 1.288923e+03 2.676722e-01 5.716523e+01 2.238777e+03 1.307822e+03 2.624925e-01 5.746503e+01 -4.044652e-01 6.351408e-03 6.390220e-05 1.175780e-02
45.000 315.000 1.801743e+03 1.261263e+03 1.764544e-01 5.447601e+01 1.776700e+03 1.282707e+03 1.614669e-01 5.458612e+01 -2.781693e-01 6.007940e-03 1.943439e-04 8.345392e-03
45.000 345.000 1.029108e+03 1.210541e+03 -8.100950e-02 4.716939e+01 1.007343e+03 1.238949e+03 -1.031063e-01 4.714246e+01 -7.733810e-02 6.366001e-03 3.313432e-04 -7.783451e-05
75.000 15.000 1.407815e+03 1.537900e+03 -4.416073e-02 5.422149e+01 1.389871e+03 1.550880e+03 -5.475116e-02 5.414735e+01 1.070576e-01 6.790667e-03 1.382051e-04 -2.788899e-03
75.000 45.000 1.193702e+03 2.428427e+03 -3.408839e-01 5.657942e+01 1.180032e+03 2.462038e+03 -3.519994e-01 5.648720e+01 2.897418e-01 6.609730e-03 1.390300e-04 -1.114585e-02
75.000 75.000 1.443967e+03 2.407555e+03 -2.501839e-01 6.008700e+01 1.435821e+03 2.427605e+03 -2.567109e-01 6.007349e+01 3.947899e-01 6.507411e-03 7.681922e-05 -1.073400e-02
75.000 105.000 1.318486e+03 1.860862e+03 -1.705934e-01 5.555918e+01 1.322816e+03 1.865341e+03 -1.701689e-01 5.564024e+01 3.940544e-01 6.590059e-03 -5.399429e-06 -1.016300e-02
75.000 135.000 1.199324e+03 1.349706e+03 -5.899563e-02 5.039999e+01 1.211985e+03 1.339954e+03 -5.014551e-02 5.045317e+01 2.877324e-01 6.771521e-03 -1.241008e-04 -6.879525e-03
75.000 165.000 1.643557e+03 1.945615e+03 -8.415822e-02 5.969716e+01 1.657275e+03 1.930722e+03 -7.621165e-02 5.972569e+01 1.043127e-01 6.869908e-03 -9.410387e-05 -3.157116e-03
75.000 195.000 1.693838e+03 1.433109e+03 8.338116e-02 5.572438e+01 1.712393e+03 1.413811e+03 9.550941e-02 5.565686e+01 -1.070575e-01 6.790667e-03 -1.539930e-04 3.417511e-03
75.000 225.000 1.713874e+03 1.227039e+03 1.655389e-01 5.348199e+01 1.723157e+03 1.214009e+03 1.733467e-01 5.337516e+01 -2.897417e-01 6.609730e-03 -1.033341e-04 8.512784e-03
75.000 255.000 1.559807e+03 1.091523e+03 1.766226e-01 5.068156e+01 1.561437e+03 1.087452e+03 1.789374e-01 5.063670e+01 -3.947899e-01 6.507411e-03 -3.231011e-05 1.127456e-02
75.000 285.000 1.571301e+03 1.348896e+03 7.616093e-02 5.388189e+01 1.574526e+03 1.350076e+03 7.674551e-02 5.392009e+01 -3.940544e-01 6.590059e-03 -7.668897e-06 8.726778e-03
75.000 315.000 2.123589e+03 1.305219e+03 2.386749e-01 5.686373e+01 2.118259e+03 1.314433e+03 2.341677e-01 5.696018e+01 -2.877324e-01 6.771521e-03 5.599954e-05 9.257347e-03
75.000 345.000 1.827997e+03 1.591089e+03 6.928998e-02 5.833242e+01 1.811027e+03 1.608273e+03 5.929701e-02 5.837189e+01 -1.043127e-01 6.869908e-03 1.210940e-04 2.976092e-03
105.000 15.000 1.545650e+03 1.388961e+03 5.339350e-02 5.409478e+01 1.522377e+03 1.402977e+03 4.081535e-02 5.404147e+01 9.870968e-02 6.869908e-03 1.644979e-04 -8.377182e-04
105.000 45.000 1.114237e+03 1.556233e+03 -1.655123e-01 5.096385e+01 1.113184e+03 1.555053e+03 -1.656032e-01 5.094175e+01 2.528150e-01 6.771521e-03 1.262609e-06 -8.208313e-03
105.000 75.000 1.170237e+03 1.458366e+03 -1.096128e-01 5.096097e+01 1.181188e+03 1.441512e+03 -9.925818e-02 5.095940e+01 3.391788e-01 6.590059e-03 -1.436769e-04 -8.806575e-03
105.000 105.000 1.211012e+03 1.306533e+03 -3.794226e-02 5.013902e+01 1.229255e+03 1.284518e+03 -2.198412e-02 5.012542e+01 3.346599e-01 6.507411e-03 -2.250871e-04 -7.431382e-03
105.000 135.000 8.562166e+02 1.686755e+03 -3.266015e-01 4.766253e+01 8.730947e+02 1.662504e+03 -3.113306e-01 4.785218e+01 2.404691e-01 6.609730e-03 -2.261046e-04 -1.189762e-02
105.000 165.000 1.495170e+03 1.324646e+03 6.047359e-02 5.300476e+01 1.519297e+03 1.303746e+03 7.635419e-02 5.297722e+01 8.184488e-02 6.790667e-03 -2.119093e-04 -4.031957e-04
105.000 195.000 1.325735e+03 1.210781e+03 4.531942e-02 5.031209e+01 1.337308e+03 1.197012e+03 5.535843e-02 5.026482e+01 -9.870966e-02 6.869908e-03 -1.411587e-04 2.862713e-03
105.000 225.000 1.373159e+03 1.360622e+03 4.585929e-03 5.228502e+01 1.366697e+03 1.355545e+03 4.096541e-03 5.217467e+01 -2.528150e-01 6.771521e-03 6.625512e-06 4.923035e-03
105.000 255.000 1.320206e+03 1.198164e+03 4.846063e-02 5.012441e+01 1.311309e+03 1.205623e+03 4.198984e-02 5.012479e+01 -3.391788e-01 6.590059e-03 9.128333e-05 7.733546e-03
105.000 285.000 1.307182e+03 1.684374e+03 -1.260854e-01 5.425862e+01 1.293933e+03 1.706934e+03 -1.376273e-01 5.425889e+01 -3.346599e-01 6.507411e-03 1.504155e-04 3.844081e-03
105.000 315.000 1.224638e+03 1.341448e+03 -4.552082e-02 5.060404e+01 1.207323e+03 1.371794e+03 -6.377015e-02 5.068165e+01 -2.404692e-01 6.609730e-03 2.548083e-04 3.852426e-03
105.000 345.000 1.510464e+03 1.358150e+03 5.309663e-02 5.348389e+01 1.487233e+03 1.378831e+03 3.782267e-02 5.349732e+01 -8.184490e-02 6.790667e-03 2.019106e-04 2.523031e-03
135.000 15.000 1.365342e+03 1.261009e+03 3.972521e-02 5.120749e+01 1.333312e+03 1.288556e+03 1.707019e-02 5.119672e+01 1.360207e-01 6.366001e-03 3.128684e-04 -1.880497e-03
135.000 45.000 1.157138e+03 9.181930e+02 1.151360e-01 4.525285e+01 1.131648e+03 9.262456e+02 9.981183e-02 4.513748e+01 2.764980e-01 6.007940e-03 2.397568e-04 -3.565786e-03
135.000 75.000 1.194206e+03 2.157155e+03 -2.873309e-01 5.544976e+01 1.191978e+03 2.178340e+03 -2.926615e-01 5.551259e+01 3.428879e-01 6.351408e-03 6.793907e-05 -1.136558e-02
135.000 105.000 8.313384e+02 1.557776e+03 -3.040616e-01 4.656429e+01 8.493354e+02 1.541849e+03 -2.896111e-01 4.680411e+01 3.174012e-01 7.001147e-03 -2.188740e-04 -1.334634e-02
135.000 135.000 6.354503e+02 1.454599e+03 -3.919278e-01 4.205950e+01 6.583672e+02 1.427894e+03 -3.688546e-01 4.245489e+01 2.068672e-01 7.310725e-03 -3.860894e-04 -1.423685e-02
135.000 165.000 1.643978e+03 1.550972e+03 2.911037e-02 5.649994e+01 1.688767e+03 1.513124e+03 5.485603e-02 5.650005e+01 4.090321e-02 7.014389e-03 -3.222111e-04 -2.087230e-04
135.000 195.000 1.262905e+03 1.467904e+03 -7.506901e-02 5.210970e+01 1.286838e+03 1.429453e+03 -5.250367e-02 5.204616e+01 -1.360207e-01 6.366001e-03 -3.063889e-04 1.169681e-03
135.000 225.000 1.024546e+03 9.138651e+02 5.709870e-02 4.395556e+01 1.032123e+03 9.063176e+02 6.490032e-02 4.393490e+01 -2.764980e-01 6.007940e-03 -1.255331e-04 7.589409e-03
135.000 255.000 1.089907e+03 1.578090e+03 -1.829774e-01 5.078061e+01 1.087833e+03 1.567124e+03 -1.805269e-01 5.067969e+01 -3.428879e-01 6.351408e-03 -3.415726e-05 3.149046e-03
135.000 285.000 9.172014e+02 9.147579e+02 1.333848e-03 4.280136e+01 9.096121e+02 9.309691e+02 -1.160343e-02 4.289911e+01 -3.174012e-01 7.001147e-03 2.134885e-04 7.446846e-03
135.000 315.000 1.342121e+03 1.253060e+03 3.431781e-02 5.091292e+01 1.311434e+03 1.284393e+03 1.041733e-02 5.094649e+01 -2.068672e-01 7.310725e-03 3.318337e-04 4.737206e-03
135.000 345.000 1.743945e+03 7.377005e+02 4.054746e-01 4.553722e+01 1.700426e+03 7.599563e+02 3.822454e-01 4.583549e+01 -4.090323e-02 7.014389e-03 3.595262e-04 9.802483e-03
165.000 15.000 3.737641e+02 6.815138e+02 -2.916291e-01 3.107297e+01 3.634483e+02 7.003441e+02 -3.166932e-01 3.093703e+01 1.313899e-01 5.290445e-03 5.716173e-04 -1.361373e-02
165.000 45.000 6.344259e+02 3.930009e+02 2.349802e-01 3.115601e+01 6.093578e+02 4.015531e+02 2.055619e-01 3.111582e+01 2.952367e-01 7.840864e-03 6.680980e-04 -1.934026e-03
165.000 75.000 4.538724e+02 3.075336e+02 1.921954e-01 2.707915e+01 4.438253e+02 3.142950e+02 1.708572e-01 2.712912e+01 3.799751e-01 8.846545e-03 5.566807e-04 -6.934474e-03
165.000 105.000 4.215466e+02 7.499280e+02 -2.803146e-01 3.285460e+01 4.045467e+02 7.693592e+02 -3.107681e-01 3.256584e+01 3.628994e-01 7.845586e-03 6.583169e-04 -1.957760e-02
165.000 135.000 6.742639e+02 2.389301e+02 4.767155e-01 2.656433e+01 6.651117e+02 2.385167e+02 4.720912e-01 2.649975e+01 2.485852e-01 5.297441e-03 1.232424e-04 8.587844e-03
165.000 165.000 9.305060e+02 1.752309e+02 6.830514e-01 2.428673e+01 9.410013e+02 1.723042e+02 6.904637e-01 2.413603e+01 6.766275e-02 3.358671e-03 -2.164793e-04 2.533848e-02
165.000 195.000 3.100180e+02 2.896612e+02 3.394624e-02 2.447423e+01 3.159124e+02 2.836966e+02 5.372788e-02 2.445155e+01 -1.313899e-01 5.290445e-03 -5.717939e-04 6.755517e-03
165.000 225.000 9.947357e+02 3.303768e+02 5.013603e-01 3.149650e+01 1.021014e+03 3.209988e+02 5.216157e-01 3.125498e+01 -2.952367e-01 7.840864e-03 -4.564872e-04 2.529161e-02
165.000 255.000 4.103862e+02 5.222215e+02 -1.199168e-01 3.031826e+01 4.196263e+02 5.047404e+02 -9.207824e-02 3.027424e+01 -3.799751e-01 8.846545e-03 -6.497448e-04 8.577612e-03
165.000 285.000 6.644741e+02 3.194298e+02 3.506890e-01 2.937517e+01 6.751847e+02 3.125740e+02 3.671046e-01 2.923427e+01 -3.628994e-01 7.845586e-03 -3.960972e-04 2.429223e-02
165.000 315.000 6.185844e+02 5.026707e+02 1.033785e-01 3.330574e+01 6.181299e+02 5.006721e+02 1.049853e-01 3.326365e+01 -2.485852e-01 5.297441e-03 -3.413567e-05 1.056766e-02
165.000 345.000 2.869055e+02 2.670591e+02 3.582601e-02 2.352134e+01 2.827153e+02 2.700713e+02 2.287319e-02 2.350526e+01 -6.766278e-02 3.358671e-03 3.895252e-04 4.399782e-03
195.000 15.000 4.356480e+02 4.905743e+02 -5.930145e-02 3.038034e+01 4.349271e+02 4.898097e+02 -5.934942e-02 3.035588e+01 6.766275e-02 3.358669e-03 1.116905e-06 -4.179157e-03
195.000 45.000 4.110039e+02 2.035092e+02 3.376570e-01 2.333348e+01 4.060765e+02 2.023674e+02 3.348034e-01 2.324309e+01 2.485852e-01 5.297440e-03 8.664204e-05 3.817338e-03
195.000 75.000 2.773678e+02 7.778084e+02 -4.742721e-01 2.859775e+01 2.700276e+02 7.926868e+02 -4.918153e-01 2.838420e+01 3.628994e-01 7.845587e-03 4.353945e-04 -2.927404e-02
195.000 105.000 3.030318e+02 3.416291e+02 -5.987222e-02 2.534462e+01 2.945322e+02 3.449692e+02 -7.886924e-02 2.520959e+01 3.799751e-01 8.846546e-03 5.314247e-04 -1.735466e-02
195.000 135.000 3.428711e+02 2.502374e+02 1.561835e-01 2.405495e+01 3.312672e+02 2.555119e+02 1.291035e-01 2.402080e+01 2.952367e-01 7.840865e-03 7.965936e-04 -5.780649e-03
195.000 165.000 1.113762e+03 3.865750e+02 4.846825e-01 3.388041e+01 1.083746e+03 3.965166e+02 4.642618e-01 3.407651e+01 1.313899e-01 5.290444e-03 4.249624e-04 1.042764e-02
195.000 195.000 4.911756e+02 3.432882e+02 1.772245e-01 2.842982e+01 4.846074e+02 3.438442e+02 1.699112e-01 2.836431e+01 -6.766273e-02 3.358669e-03 1.821075e-04 8.613748e-03
195.000 225.000 6.333184e+02 2.046106e+02 5.116279e-01 2.487147e+01 6.364434e+02 2.041300e+02 5.143077e-01 2.486426e+01 -2.485852e-01 5.297440e-03 -7.620031e-05 3.056566e-02
195.000 255.000 3.612706e+02 6.609558e+02 -2.931691e-01 3.056743e+01 3.660598e+02 6.428148e+02 -2.743205e-01 3.054431e+01 -3.628994e-01 7.845587e-03 -4.361836e-04 2.281197e-03
195.000 285.000 5.029282e+02 2.824078e+02 2.807974e-01 2.689637e+01 5.157156e+02 2.768568e+02 3.013716e-01 2.684375e+01 -3.799751e-01 8.846546e-03 -5.414263e-04 2.456735e-02
195.000 315.000 2.489622e+02 5.830338e+02 -4.015303e-01 2.641697e+01 2.536345e+02 5.610327e+02 -3.773298e-01 2.643249e+01 -2.952367e-01 7.840865e-03 -6.475882e-04 -4.023686e-03
195.000 345.000 9.527333e+02 3.470499e+02 4.659881e-01 3.189893e+01 9.723411e+02 3.393212e+02 4.826089e-01 3.172004e+01 -1.313899e-01 5.290445e-03 -3.694704e-04 1.872721e-02
225.000 15.000 1.051175e+03 1.182701e+03 -5.887779e-02 4.718191e+01 1.080832e+03 1.150814e+03 -3.135911e-02 4.721707e+01 4.090319e-02 7.014388e-03 -4.122639e-04 -2.114814e-03
225.000 45.000 9.365180e+02 9.658984e+02 -1.544369e-02 4.361150e+01 9.609889e+02 9.454646e+02 8.143055e-03 4.366151e+01 2.068672e-01 7.310724e-03 -3.822109e-04 -5.097528e-03
225.000 75.000 1.347995e+03 1.361679e+03 -5.050098e-03 5.205387e+01 1.368153e+03 1.342589e+03 9.430599e-03 5.206247e+01 3.174012e-01 7.001147e-03 -1.966915e-04 -6.194570e-03
225.000 105.000 9.755252e+02 1.185911e+03 -9.733595e-02 4.627048e+01 9.743824e+02 1.185884e+03 -9.790552e-02 4.625537e+01 3.428879e-01 6.351408e-03 8.705604e-06 -9.514140e-03
225.000 135.000 8.367089e+02 9.452304e+02 -6.090081e-02 4.213467e+01 8.242328e+02 9.576608e+02 -7.487991e-02 4.209397e+01 2.764981e-01 6.007940e-03 2.347115e-04 -8.007631e-03
225.000 165.000 9.737926e+02 1.356766e+03 -1.643268e-01 4.761959e+01 9.499889e+02 1.390122e+03 -1.880821e-01 4.751136e+01 1.360208e-01 6.366001e-03 3.531460e-04 -6.307226e-03
225.000 195.000 1.621863e+03 1.107142e+03 1.886110e-01 5.130227e+01 1.579439e+03 1.136980e+03 1.628833e-01 5.142323e+01 -4.090317e-02 7.014388e-03 3.541903e-04 4.473762e-03
225.000 225.000 6.500036e+02 1.433454e+03 -3.760338e-01 4.229485e+01 6.341732e+02 1.462752e+03 -3.951400e-01 4.206567e+01 -2.068671e-01 7.310724e-03 3.202934e-04 -3.999700e-03
225.000 255.000 1.447877e+03 1.102568e+03 1.353919e-01 5.003692e+01 1.432022e+03 1.109841e+03 1.267503e-01 5.001026e+01 -3.174012e-01 7.001147e-03 1.221525e-04 9.049180e-03
225.000 285.000 1.502982e+03 8.935891e+02 2.542769e-01 4.734571e+01 1.506413e+03 8.853594e+02 2.596626e-01 4.722826e+01 -3.428879e-01 6.351408e-03 -8.053444e-05 1.261286e-02
225.000 315.000 1.714927e+03 1.136090e+03 2.030280e-01 5.228286e+01 1.744705e+03 1.120241e+03 2.179672e-01 5.223823e+01 -2.764981e-01 6.007940e-03 -2.021331e-04 9.171765e-03
225.000 345.000 1.392614e+03 9.396860e+02 1.941979e-01 4.737449e+01 1.426137e+03 9.149784e+02 2.183396e-01 4.721767e+01 -1.360208e-01 6.366001e-03 -3.609333e-04 6.970391e-03
255.000 15.000 1.520430e+03 1.423693e+03 3.285759e-02 5.423047e+01 1.544689e+03 1.400419e+03 4.898621e-02 5.420369e+01 8.184485e-02 6.790666e-03 -2.103517e-04 -9.033160e-04
255.000 45.000 8.004067e+02 1.531565e+03 -3.135366e-01 4.585550e+01 8.161874e+02 1.502843e+03 -2.960959e-01 4.599689e+01 2.404691e-01 6.609730e-03 -2.685264e-04 -1.208155e-02
255.000 75.000 1.219749e+03 1.545742e+03 -1.178790e-01 5.222129e+01 1.254018e+03 1.525915e+03 -9.780703e-02 5.247228e+01 3.346599e-01 6.507411e-03 -2.711338e-04 -8.665793e-03
255.000 105.000 1.162947e+03 1.844529e+03 -2.266293e-01 5.341357e+01 1.177160e+03 1.840487e+03 -2.198160e-01 5.358952e+01 3.391788e-01 6.590059e-03 -9.004853e-05 -1.059297e-02
255.000 135.000 9.592397e+02 1.378637e+03 -1.793924e-01 4.756722e+01 9.569693e+02 1.377233e+03 -1.800461e-01 4.752405e+01 2.528150e-01 6.771521e-03 9.721140e-06 -9.086247e-03
255.000 165.000 1.408364e+03 1.444497e+03 -1.266553e-02 5.340789e+01 1.393097e+03 1.454511e+03 -2.156698e-02 5.335057e+01 9.870970e-02 6.869908e-03 1.179162e-04 -2.085370e-03
255.000 195.000 1.054514e+03 1.112304e+03 -2.667051e-02 4.653254e+01 1.037862e+03 1.132067e+03 -4.341352e-02 4.653858e+01 -8.184483e-02 6.790666e-03 2.544097e-04 1.185715e-03
255.000 225.000 1.009951e+03 1.139643e+03 -6.033353e-02 4.627925e+01 9.936823e+02 1.160365e+03 -7.738118e-02 4.627255e+01 -2.404691e-01 6.609730e-03 2.604921e-04 3.892362e-03
255.000 255.000 1.532656e+03 1.282489e+03 8.886471e-02 5.284803e+01 1.516781e+03 1.303266e+03 7.571345e-02 5.295169e+01 -3.346599e-01 6.507411e-03 1.757915e-04 8.014010e-03
255.000 285.000 1.200512e+03 1.051296e+03 6.626531e-02 4.734892e+01 1.191131e+03 1.063920e+03 5.641176e-02 4.741176e+01 -3.391788e-01 6.590059e-03 1.470549e-04 8.562901e-03
255.000 315.000 1.324173e+03 7.936600e+02 2.504981e-01 4.455267e+01 1.319274e+03 8.001528e+02 2.449346e-01 4.463492e+01 -2.528151e-01 6.771521e-03 8.821721e-05 1.129704e-02
255.000 345.000 1.183734e+03 1.392873e+03 -8.116821e-02 5.059280e+01 1.195767e+03 1.377919e+03 -7.077503e-02 5.060429e+01 -9.870972e-02 6.869908e-03 -1.452431e-04 3.467194e-04
285.000 15.000 1.673764e+03 1.501472e+03 5.426109e-02 5.626621e+01 1.692318e+03 1.486994e+03 6.458114e-02 5.626768e+01 1.043126e-01 6.869908e-03 -1.296920e-04 -8.895488e-04
285.000 45.000 9.445200e+02 2.259963e+03 -4.105009e-01 5.161872e+01 9.513245e+02 2.254132e+03 -4.064344e-01 5.172960e+01 2.877323e-01 6.771521e-03 -5.564597e-05 -1.352674e-02
285.000 75.000 1.105569e+03 1.695204e+03 -2.105257e-01 5.173626e+01 1.116267e+03 1.695766e+03 -2.060782e-01 5.189038e+01 3.940544e-01 6.590059e-03 -6.069544e-05 -1.168581e-02
285.000 105.000 1.247719e+03 2.094564e+03 -2.533731e-01 5.592598e+01 1.237973e+03 2.105209e+03 -2.594042e-01 5.584100e+01 3.947899e-01 6.507411e-03 7.631292e-05 -1.158966e-02
285.000 135.000 1.547860e+03 1.290149e+03 9.080720e-02 5.305287e+01 1.533247e+03 1.301250e+03 8.184750e-02 5.306137e+01 2.897418e-01 6.609730e-03 1.194084e-04 -3.749742e-03
285.000 165.000 1.144010e+03 2.264714e+03 -3.287752e-01 5.513860e+01 1.130636e+03 2.298248e+03 -3.405225e-01 5.505712e+01 1.070576e-01 6.790667e-03 1.507604e-04 -7.904313e-03
285.000 195.000 1.846329e+03 1.726357e+03 3.358051e-02 5.973824e+01 1.829431e+03 1.743166e+03 2.414611e-02 5.975378e+01 -1.043126e-01 6.869908e-03 1.116581e-04 2.308289e-03
285.000 225.000 1.685634e+03 1.535774e+03 4.651983e-02 5.669600e+01 1.684151e+03 1.543002e+03 4.373783e-02 5.675367e+01 -2.877323e-01 6.771521e-03 3.467927e-05 5.895515e-03
285.000 255.000 1.948971e+03 1.263592e+03 2.133434e-01 5.537456e+01 1.947593e+03 1.270839e+03 2.102744e-01 5.546286e+01 -3.940544e-01 6.590059e-03 3.915861e-05 1.096890e-02
285.000 285.000 2.449198e+03 1.415515e+03 2.674672e-01 5.990189e+01 2.469839e+03 1.406197e+03 2.744150e-01 5.986783e+01 -3.947899e-01 6.507411e-03 -8.203814e-05 1.105570e-02
285.000 315.000 1.706821e+03 8.969520e+02 3.110367e-01 4.849612e+01 1.723147e+03 8.932328e+02 3.171994e-01 4.850909e+01 -2.897418e-01 6.609730e-03 -8.984400e-05 1.238818e-02
285.000 345.000 1.385650e+03 1.727987e+03 -1.099476e-01 5.546168e+01 1.397459e+03 1.706876e+03 -9.967268e-02 5.543911e+01 -1.070576e-01 6.790667e-03 -1.310269e-04 -5.210898e-05
315.000 15.000 9.824354e+02 1.673214e+03 -2.601167e-01 4.975908e+01 1.004726e+03 1.639993e+03 -2.402020e-01 4.992120e+01 7.733806e-02 6.366001e-03 -2.825393e-04 -6.781772e-03
315.000 45.000 1.583278e+03 1.739776e+03 -4.709464e-02 5.758198e+01 1.606595e+03 1.713485e+03 -3.219495e-02 5.759027e+01 2.781692e-01 6.007939e-03 -1.829550e-04 -5.648710e-03
315.000 75.000 1.384319e+03 2.109874e+03 -2.076459e-01 5.782331e+01 1.395272e+03 2.100687e+03 -2.017802e-01 5.791045e+01 4.044652e-01 6.351408e-03 -7.167588e-05 -1.058589e-02
315.000 105.000 1.328218e+03 1.921043e+03 -1.824491e-01 5.604552e+01 1.320033e+03 1.925593e+03 -1.865773e-01 5.597001e+01 4.223851e-01 7.001147e-03 5.211924e-05 -1.079184e-02
315.000 135.000 1.418395e+03 1.739144e+03 -1.015819e-01 5.590131e+01 1.398428e+03 1.761607e+03 -1.149291e-01 5.584170e+01 3.271272e-01 7.310725e-03 1.689208e-04 -7.669034e-03
315.000 165.000 1.573201e+03 1.489948e+03 2.717907e-02 5.532528e+01 1.538674e+03 1.519108e+03 6.398658e-03 5.529608e+01 1.442158e-01 7.014389e-03 2.656624e-04 -2.115430e-03
315.000 195.000 1.430975e+03 1.951948e+03 -1.540006e-01 5.746906e+01 1.403774e+03 1.995985e+03 -1.741920e-01 5.741603e+01 -7.733803e-02 6.366001e-03 2.485523e-04 -1.333979e-03
315.000 225.000 1.999702e+03 1.011827e+03 3.280312e-01 5.184086e+01 1.971575e+03 1.031093e+03 3.132156e-01 5.203936e+01 -2.781692e-01 6.007939e-03 2.016986e-04 1.169349e-02
315.000 255.000 2.071904e+03 1.088852e+03 3.110182e-01 5.343228e+01 2.054948e+03 1.094294e+03 3.050430e-01 5.344344e+01 -4.044652e-01 6.351408e-03 7.906484e-05 1.339047e-02
315.000 285.000 1.544725e+03 9.339545e+02 2.464097e-01 4.825122e+01 1.545744e+03 9.302232e+02 2.485981e-01 4.819699e+01 -4.223851e-01 7.001147e-03 -3.208828e-05 1.386068e-02
315.000 315.000 1.894424e+03 1.413059e+03 1.455382e-01 5.689839e+01 1.915379e+03 1.389564e+03 1.590995e-01 5.675638e+01 -3.271272e-01 7.310725e-03 -1.687438e-04 8.307184e-03
315.000 345.000 1.319037e+03 1.211542e+03 4.247847e-02 5.025946e+01 1.343180e+03 1.187677e+03 6.144291e-02 5.021257e+01 -1.442158e-01 7.014389e-03 -2.669377e-04 3.714610e-03
345.000 15.000 7.901122e+02 1.024195e+03 -1.290206e-01 4.223868e+01 8.054218e+02 1.004799e+03 -1.101395e-01 4.228784e+01 7.818549e-02 5.290446e-03 -3.159000e-04 -4.905601e-03
345.000 45.000 7.611472e+02 1.368228e+03 -2.850981e-01 4.423005e+01 7.853056e+02 1.342076e+03 -2.617161e-01 4.451590e+01 2.632140e-01 7.840865e-03 -3.726013e-04 -1.239682e-02
345.000 75.000 7.306326e+02 1.698618e+03 -3.984709e-01 4.520550e+01 7.530378e+02 1.668998e+03 -3.781779e-01 4.555919e+01 3.777145e-01 8.846545e-03 -3.161845e-04 -1.717016e-02
345.000 105.000 7.098770e+02 1.377655e+03 -3.198888e-01 4.328877e+01 7.244956e+02 1.359108e+03 -3.045744e-01 4.347778e+01 3.910068e-01 7.845586e-03 -2.496101e-04 -1.642217e-02
345.000 135.000 1.288968e+03 1.263925e+03 9.809911e-03 5.052373e+01 1.296765e+03 1.254678e+03 1.649540e-02 5.050494e+01 2.995290e-01 5.297440e-03 -9.358444e-05 -5.734318e-03
345.000 165.000 1.466441e+03 1.127552e+03 1.306439e-01 5.049475e+01 1.457378e+03 1.134497e+03 1.245744e-01 5.051388e+01 1.277928e-01 3.358671e-03 8.497798e-05 5.646362e-05
345.000 195.000 1.243001e+03 1.038523e+03 8.962307e-02 4.757308e+01 1.218790e+03 1.059982e+03 6.968982e-02 4.762042e+01 -7.818547e-02 5.290445e-03 2.961322e-04 3.527384e-03
345.000 225.000 1.223663e+03 1.102340e+03 5.215950e-02 4.816300e+01 1.195570e+03 1.135274e+03 2.586883e-02 4.826266e+01 -2.632140e-01 7.840864e-03 3.855882e-04 6.548045e-03
345.000 255.000 1.176398e+03 1.039902e+03 6.158757e-02 4.698823e+01 1.148067e+03 1.071694e+03 3.440601e-02 4.708644e+01 -3.777145e-01 8.846545e-03 4.086169e-04 9.349195e-03
345.000 285.000 1.373294e+03 1.192471e+03 7.047543e-02 5.052743e+01 1.355710e+03 1.222773e+03 5.155617e-02 5.071123e+01 -3.910068e-01 7.845586e-03 2.642847e-04 9.133300e-03
345.000 315.000 1.629778e+03 7.297147e+02 3.814647e-01 4.490156e+01 1.617624e+03 7.361569e+02 3.744899e-01 4.498534e+01 -2.995291e-01 5.297441e-03 1.097359e-04 1.516637e-02
345.000 345.000 1.123960e+03 1.333587e+03 -8.529917e-02 4.939297e+01 1.130766e+03 1.325246e+03 -7.918549e-02 4.940255e+01 -1.277928e-01 3.358671e-03 -8.751469e-05 8.603171e-04
