  #t  #Q2   A1M1_AVG      A_1M1     dA_1M1   A0P1_AVG      A_0P1     dA_0P1   A2M1_AVG      A_2M1     dA_2M1   A3M1_AVG      A_3M1     dA_3M1   A1P1_AVG      A_1P1     dA_1P1       Asym      Astat          t         tp         xb         Q2          W     Dilute
   6    0 -7.995e-02 -5.484e-02 2.6651e-03  3.824e-01  3.775e-01 2.5920e-03 -1.325e-02  6.947e-03 2.6143e-03 -1.022e-03 -1.518e-02 2.6197e-03  2.987e-02  4.885e-02 2.6041e-03 1.1757e-02 1.9069e-03 3.8074e-01 5.0391e-02 4.3145e-01 5.3477e+00 2.8188e+00 7.2034e-01
   Phi   PhiS      N_U_avg      N_D_avg     Asym_avg    dAsym_avg      N_U_fit      N_D_fit     Asym_fit    dAsym_fit     Asym_cal    dAsym_cal     GOOD_fit     GOOD_cal
15.000 15.000 2.103385e+02 7.397812e+00 9.320480e-01 5.346574e+00 2.096854e+02 7.372162e+00 9.320718e-01 5.337330e+00 1.163372e-01 2.078202e-03 -3.158928e-06 1.525670e-01
15.000 45.000 4.364145e+01 8.107807e+00 6.866503e-01 5.229729e+00 4.403000e+01 8.038155e+00 6.912449e-01 5.214305e+00 3.348601e-01 3.267836e-03 -6.221465e-04 6.726736e-02
15.000 75.000 0.000000e+00 1.836087e+02 -1.000000e+00 2.000000e+00 0.000000e+00 1.817028e+02 -1.000000e+00 2.000000e+00 4.636576e-01 4.848691e-03 0.000000e+00 -7.318266e-01
15.000 105.000 0.000000e+00 0.000000e+00         -nan         -nan 0.000000e+00 0.000000e+00         -nan         -nan 4.682183e-01 5.475494e-03         -nan         -nan
15.000 135.000 5.409001e+00 2.458920e+02 -9.569520e-01 4.601121e+00 5.457384e+00 2.445472e+02 -9.563417e-01 4.620932e+00 3.473204e-01 4.860165e-03 -9.358788e-05 -2.834683e-01
15.000 165.000 1.329374e+02 0.000000e+00 1.000000e+00 2.000000e+00 1.338057e+02 0.000000e+00 1.000000e+00 2.000000e+00 1.333582e-01 3.284836e-03 0.000000e+00 4.333203e-01
15.000 195.000 5.128156e+01 1.627721e+01 5.181318e-01 7.030071e+00 5.116519e+01 1.638959e+01 5.147763e-01 7.046498e+00 -1.163372e-01 2.078202e-03 3.371155e-04 9.025071e-02
15.000 225.000 6.888157e+01 2.868236e+01 4.120295e-01 9.000037e+00 6.824765e+01 2.832781e+01 4.133538e-01 8.948433e+00 -3.348601e-01 3.267836e-03 -1.043499e-04 8.298738e-02
15.000 255.000 4.265666e+01 5.653430e+01 -1.399083e-01 9.861509e+00 4.212229e+01 5.616603e+01 -1.428830e-01 9.812325e+00 -4.636576e-01 4.848691e-03 2.138328e-04 3.282958e-02
15.000 285.000 1.434372e+02 0.000000e+00 1.000000e+00 2.000000e+00 1.416723e+02 0.000000e+00 1.000000e+00 2.000000e+00 -4.682183e-01 5.475494e-03 0.000000e+00 7.341064e-01
15.000 315.000 0.000000e+00 0.000000e+00         -nan         -nan 0.000000e+00 0.000000e+00         -nan         -nan -3.473204e-01 4.860165e-03         -nan         -nan
15.000 345.000 1.312377e+02 0.000000e+00 1.000000e+00 2.000000e+00 1.293946e+02 0.000000e+00 1.000000e+00 2.000000e+00 -1.333582e-01 3.284836e-03 0.000000e+00 5.666784e-01
45.000 15.000 3.189367e+02 3.577248e+02 -5.732277e-02 2.596995e+01 3.182306e+02 3.584317e+02 -5.941078e-02 2.596678e+01 1.061535e-01 4.340000e-03 5.685545e-05 -6.294827e-03
45.000 45.000 2.837753e+02 2.467948e+02 6.969946e-02 2.297809e+01 2.867644e+02 2.451383e+02 7.825881e-02 2.299228e+01 3.055151e-01 4.518925e-03 -2.633162e-04 -1.026263e-02
45.000 75.000 1.809789e+02 4.381837e+02 -4.154075e-01 2.263444e+01 1.849398e+02 4.317622e+02 -4.002296e-01 2.275778e+01 4.230141e-01 4.328401e-03 -4.728706e-04 -3.704185e-02
45.000 105.000 2.349424e+02 3.347849e+02 -1.752462e-01 2.349958e+01 2.415905e+02 3.294701e+02 -1.538885e-01 2.361222e+01 4.271668e-01 3.932474e-03 -6.411191e-04 -2.563505e-02
45.000 135.000 2.937325e+02 4.633470e+02 -2.240379e-01 2.681566e+01 3.003888e+02 4.550528e+02 -2.047332e-01 2.690310e+01 3.168606e-01 3.725490e-03 -5.082196e-04 -2.017099e-02
45.000 165.000 2.731730e+02 2.885838e+02 -2.743327e-02 2.369249e+01 2.776314e+02 2.849273e+02 -1.296924e-02 2.371632e+01 1.216518e-01 3.945237e-03 -4.314646e-04 -6.292502e-03
45.000 195.000 2.772969e+02 2.548953e+02 4.209310e-02 2.304885e+01 2.779858e+02 2.538243e+02 4.543250e-02 2.303720e+01 -1.061535e-01 4.340000e-03 -1.024741e-04 6.431846e-03
45.000 225.000 2.706920e+02 1.477941e+02 2.936725e-01 1.955491e+01 2.704840e+02 1.493691e+02 2.884697e-01 1.961925e+01 -3.055151e-01 4.518925e-03 1.878245e-04 3.064129e-02
45.000 255.000 2.488993e+02 2.401446e+02 1.790158e-02 2.211079e+01 2.451021e+02 2.452281e+02 -2.569252e-04 2.214340e+01 -4.230141e-01 4.328401e-03 5.802839e-04 1.994120e-02
45.000 285.000 3.683438e+02 2.253267e+02 2.409032e-01 2.364777e+01 3.615202e+02 2.319615e+02 2.183028e-01 2.377391e+01 -4.271668e-01 3.932474e-03 6.739868e-04 2.825086e-02
45.000 315.000 3.480539e+02 2.655462e+02 1.344650e-01 2.454599e+01 3.419049e+02 2.721228e+02 1.136464e-01 2.461904e+01 -3.168606e-01 3.725490e-03 5.988403e-04 1.838694e-02
45.000 345.000 2.446070e+02 3.034073e+02 -1.072971e-01 2.327456e+01 2.406912e+02 3.075194e+02 -1.219025e-01 2.323928e+01 -1.216518e-01 3.945237e-03 4.440665e-04 6.167560e-04
75.000 15.000 1.258763e+03 1.496968e+03 -8.643972e-02 5.229858e+01 1.237621e+03 1.516974e+03 -1.014132e-01 5.221365e+01 1.115636e-01 4.206120e-03 2.026144e-04 -3.786018e-03
75.000 45.000 1.466694e+03 1.975657e+03 -1.478535e-01 5.802671e+01 1.459059e+03 1.980377e+03 -1.515710e-01 5.796912e+01 2.885284e-01 4.074023e-03 4.532388e-05 -7.520363e-03
75.000 75.000 1.324583e+03 2.028830e+03 -2.100090e-01 5.661726e+01 1.338430e+03 2.014357e+03 -2.016016e-01 5.671436e+01 3.881823e-01 4.007018e-03 -1.049119e-04 -1.056553e-02
75.000 105.000 1.164101e+03 2.061572e+03 -2.782276e-01 5.455247e+01 1.191756e+03 2.030377e+03 -2.602690e-01 5.480753e+01 3.838230e-01 4.075353e-03 -2.322346e-04 -1.213603e-02
75.000 135.000 1.524695e+03 2.082652e+03 -1.546726e-01 5.933840e+01 1.565292e+03 2.040527e+03 -1.317967e-01 5.952466e+01 2.766187e-01 4.207409e-03 -2.721736e-04 -7.268333e-03
75.000 165.000 1.539208e+03 1.869959e+03 -9.701808e-02 5.811264e+01 1.574852e+03 1.830944e+03 -7.519305e-02 5.819399e+01 9.529459e-02 4.271272e-03 -2.653782e-04 -3.309309e-03
75.000 195.000 1.977113e+03 1.698114e+03 7.591341e-02 6.044871e+01 2.006837e+03 1.672952e+03 9.073469e-02 6.041104e+01 -1.115636e-01 4.206120e-03 -1.734279e-04 3.101423e-03
75.000 225.000 2.076085e+03 1.475309e+03 1.691663e-01 5.873468e+01 2.086745e+03 1.466818e+03 1.744520e-01 5.869766e+01 -2.885284e-01 4.074023e-03 -6.365467e-05 7.792581e-03
75.000 255.000 2.122382e+03 1.691673e+03 1.129268e-01 6.136298e+01 2.109340e+03 1.704860e+03 1.060457e-01 6.141096e+01 -3.881823e-01 4.007018e-03 7.926299e-05 8.166310e-03
75.000 285.000 2.296406e+03 1.294334e+03 2.790712e-01 5.754208e+01 2.262233e+03 1.324816e+03 2.613337e-01 5.781065e+01 -3.838230e-01 4.075353e-03 2.174595e-04 1.152016e-02
75.000 315.000 1.893388e+03 1.395090e+03 1.515287e-01 5.668308e+01 1.854377e+03 1.433793e+03 1.279083e-01 5.687156e+01 -2.766187e-01 4.207409e-03 2.941697e-04 7.553355e-03
75.000 345.000 1.850768e+03 1.485040e+03 1.096369e-01 5.740829e+01 1.813000e+03 1.519082e+03 8.820833e-02 5.749918e+01 -9.529461e-02 4.271272e-03 2.637298e-04 3.569719e-03
105.000 15.000 2.893698e+03 3.684801e+03 -1.202559e-01 8.051934e+01 2.844193e+03 3.753184e+03 -1.377807e-01 8.044958e+01 9.651778e-02 4.271272e-03 1.539670e-04 -2.692193e-03
105.000 45.000 3.419580e+03 3.474674e+03 -7.991328e-03 8.302899e+01 3.354442e+03 3.526288e+03 -2.497499e-02 8.292429e+01 2.608430e-01 4.207409e-03 1.447306e-04 -3.237837e-03
105.000 75.000 2.844218e+03 4.204844e+03 -1.930223e-01 8.237979e+01 2.813122e+03 4.238013e+03 -2.020797e-01 8.223863e+01 3.552755e-01 4.075353e-03 7.781106e-05 -6.655732e-03
105.000 105.000 2.539427e+03 4.155750e+03 -2.414160e-01 7.940384e+01 2.530454e+03 4.162757e+03 -2.438745e-01 7.934188e+01 3.545123e-01 4.007017e-03 2.190180e-05 -7.505031e-03
105.000 135.000 2.960386e+03 3.858204e+03 -1.316720e-01 8.185581e+01 2.984791e+03 3.832726e+03 -1.243760e-01 8.192713e+01 2.587578e-01 4.074022e-03 -6.299923e-05 -4.769726e-03
105.000 165.000 3.529523e+03 3.365837e+03 2.373856e-02 8.301491e+01 3.585940e+03 3.318576e+03 3.872297e-02 8.303110e+01 9.366931e-02 4.206120e-03 -1.276222e-04 -8.423878e-04
105.000 195.000 3.629040e+03 3.331876e+03 4.269034e-02 8.335604e+01 3.699444e+03 3.263645e+03 6.258694e-02 8.328153e+01 -9.651776e-02 4.271272e-03 -1.688577e-04 1.670042e-03
105.000 225.000 3.507240e+03 2.961173e+03 8.442058e-02 8.013934e+01 3.560591e+03 2.902388e+03 1.018422e-01 7.997466e+01 -2.608430e-01 4.207409e-03 -1.538768e-04 4.308291e-03
105.000 255.000 3.517032e+03 2.776427e+03 1.176784e-01 7.878011e+01 3.537179e+03 2.742506e+03 1.265466e-01 7.860739e+01 -3.552755e-01 4.075353e-03 -7.968562e-05 6.003469e-03
105.000 285.000 4.174364e+03 2.868623e+03 1.853959e-01 8.246761e+01 4.178001e+03 2.866677e+03 1.861438e-01 8.246565e+01 -3.545123e-01 4.007017e-03 -6.413043e-06 6.546912e-03
105.000 315.000 3.895886e+03 2.860061e+03 1.533205e-01 8.122274e+01 3.874957e+03 2.893433e+03 1.450160e-01 8.140057e+01 -2.587578e-01 4.074022e-03 7.221807e-05 5.073434e-03
105.000 345.000 3.981685e+03 3.239284e+03 1.028118e-01 8.452598e+01 3.921352e+03 3.292262e+03 8.720869e-02 8.460941e+01 -9.366933e-02 4.206120e-03 1.304640e-04 2.324505e-03
135.000 15.000 3.188683e+03 3.546558e+03 -5.313471e-02 8.195258e+01 3.174746e+03 3.569989e+03 -5.860030e-02 8.198521e+01 6.033607e-02 3.945237e-03 4.714906e-05 -1.384591e-03
135.000 45.000 3.038612e+03 3.364460e+03 -5.088947e-02 7.991552e+01 3.008717e+03 3.393709e+03 -6.013226e-02 7.987037e+01 2.071805e-01 3.725489e-03 8.180495e-05 -3.229285e-03
135.000 75.000 3.197948e+03 4.310889e+03 -1.482174e-01 8.569644e+01 3.156488e+03 4.360249e+03 -1.601441e-01 8.558015e+01 2.985112e-01 3.932474e-03 9.847769e-05 -5.212918e-03
135.000 105.000 2.652838e+03 3.051493e+03 -6.988632e-02 7.534235e+01 2.623286e+03 3.080592e+03 -8.017448e-02 7.528090e+01 3.098559e-01 4.328401e-03 9.659628e-05 -5.040223e-03
135.000 135.000 2.599881e+03 3.584746e+03 -1.592441e-01 7.763886e+01 2.582163e+03 3.602009e+03 -1.649122e-01 7.756279e+01 2.381751e-01 4.518925e-03 5.164849e-05 -5.118818e-03
135.000 165.000 3.085176e+03 3.132652e+03 -7.635370e-03 7.885091e+01 3.082780e+03 3.132368e+03 -7.978582e-03 7.883370e+01 1.026754e-01 4.340000e-03 3.078137e-06 -1.398979e-03
135.000 195.000 3.059223e+03 3.601363e+03 -8.139522e-02 8.134161e+01 3.075362e+03 3.575609e+03 -7.521404e-02 8.132248e+01 -6.033605e-02 3.945237e-03 -5.373963e-05 -2.588978e-04
135.000 225.000 3.762731e+03 3.171028e+03 8.533656e-02 8.296545e+01 3.797353e+03 3.139981e+03 9.475859e-02 8.291587e+01 -2.071805e-01 3.725489e-03 -8.032707e-05 3.525770e-03
135.000 255.000 4.590642e+03 3.552348e+03 1.275077e-01 8.950196e+01 4.638214e+03 3.500456e+03 1.397967e-01 8.932869e+01 -2.985111e-01 3.932474e-03 -9.718275e-05 4.759883e-03
135.000 285.000 4.258880e+03 3.177645e+03 1.453952e-01 8.531892e+01 4.298629e+03 3.142511e+03 1.553684e-01 8.521453e+01 -3.098559e-01 4.328401e-03 -8.270654e-05 5.335876e-03
135.000 315.000 3.669286e+03 2.899437e+03 1.171992e-01 8.048911e+01 3.686015e+03 2.877124e+03 1.232476e-01 8.039556e+01 -2.381751e-01 4.518925e-03 -5.316668e-05 4.415184e-03
135.000 345.000 3.308134e+03 3.726704e+03 -5.949954e-02 8.372534e+01 3.308781e+03 3.720359e+03 -5.855302e-02 8.369612e+01 -1.026754e-01 4.340000e-03 -7.995269e-06 5.156849e-04
165.000 15.000 2.406145e+03 2.625630e+03 -4.361976e-02 7.086749e+01 2.407315e+03 2.620959e+03 -4.248843e-02 7.084629e+01 5.222565e-02 3.284836e-03 -1.128992e-05 -1.352460e-03
165.000 45.000 2.284974e+03 3.009762e+03 -1.368884e-01 7.207996e+01 2.283687e+03 3.017387e+03 -1.384060e-01 7.210773e+01 1.731247e-01 4.860164e-03 1.488493e-05 -4.300961e-03
165.000 75.000 2.597071e+03 2.858382e+03 -4.789909e-02 7.377626e+01 2.588110e+03 2.864761e+03 -5.073501e-02 7.374846e+01 2.476351e-01 5.475493e-03 2.718588e-05 -4.005817e-03
165.000 105.000 2.920902e+03 2.531884e+03 7.134300e-02 7.365482e+01 2.900202e+03 2.541704e+03 6.587723e-02 7.360903e+01 2.557919e-01 4.848691e-03 5.248918e-05 -2.504234e-03
165.000 135.000 2.625954e+03 2.803550e+03 -3.270930e-02 7.364574e+01 2.609374e+03 2.815556e+03 -3.800636e-02 7.360091e+01 1.954095e-01 3.267836e-03 5.087498e-05 -3.097515e-03
165.000 165.000 2.590839e+03 1.860573e+03 1.640527e-01 6.581497e+01 2.580972e+03 1.867926e+03 1.602746e-01 6.583779e+01 8.266722e-02 2.078202e-03 4.058460e-05 1.236580e-03
165.000 195.000 2.503690e+03 2.333107e+03 3.526785e-02 6.950382e+01 2.498550e+03 2.338712e+03 3.304312e-02 6.951245e+01 -5.222564e-02 3.284836e-03 2.263221e-05 1.258830e-03
165.000 225.000 2.630718e+03 2.226507e+03 8.321849e-02 6.945205e+01 2.625494e+03 2.220262e+03 8.362607e-02 6.936763e+01 -1.731247e-01 4.860164e-03 -4.152199e-06 3.690937e-03
165.000 255.000 3.095155e+03 2.263623e+03 1.551718e-01 7.231700e+01 3.101468e+03 2.266250e+03 1.556003e-01 7.237235e+01 -2.476351e-01 5.475493e-03 -4.187796e-06 5.570017e-03
165.000 285.000 2.873535e+03 2.169984e+03 1.394960e-01 7.032337e+01 2.890148e+03 2.163267e+03 1.438395e-01 7.034814e+01 -2.557919e-01 4.848691e-03 -4.366692e-05 5.621003e-03
165.000 315.000 2.743394e+03 1.984775e+03 1.604468e-01 6.787084e+01 2.755620e+03 1.977949e+03 1.642884e-01 6.786609e+01 -1.954095e-01 3.267836e-03 -4.002418e-05 5.243140e-03
165.000 345.000 2.614198e+03 2.321328e+03 5.933917e-02 7.012951e+01 2.623763e+03 2.314377e+03 6.265224e-02 7.013385e+01 -8.266723e-02 2.078202e-03 -3.340415e-05 2.024917e-03
195.000 15.000 2.675596e+03 2.451402e+03 4.372820e-02 7.153457e+01 2.666262e+03 2.460889e+03 4.005602e-02 7.154666e+01 8.266720e-02 2.078201e-03 3.629580e-05 -5.443382e-04
195.000 45.000 2.195527e+03 2.898374e+03 -1.379781e-01 7.068892e+01 2.184011e+03 2.912718e+03 -1.429756e-01 7.065792e+01 1.954094e-01 3.267836e-03 5.000119e-05 -4.716264e-03
195.000 75.000 2.123701e+03 2.440461e+03 -6.940159e-02 6.739569e+01 2.113422e+03 2.446944e+03 -7.313490e-02 6.734964e+01 2.557919e-01 4.848691e-03 3.918271e-05 -4.825138e-03
195.000 105.000 2.203490e+03 2.981620e+03 -1.500702e-01 7.119224e+01 2.195237e+03 2.992886e+03 -1.537453e-01 7.117224e+01 2.476351e-01 5.475494e-03 3.650813e-05 -5.586357e-03
195.000 135.000 2.470348e+03 2.864770e+03 -7.392952e-02 7.284201e+01 2.471646e+03 2.872437e+03 -7.499709e-02 7.289736e+01 1.731247e-01 4.860164e-03 1.035940e-05 -3.391645e-03
195.000 165.000 2.412848e+03 2.770907e+03 -6.907327e-02 7.182634e+01 2.418601e+03 2.766018e+03 -6.700919e-02 7.184246e+01 5.222567e-02 3.284835e-03 -2.031793e-05 -1.688781e-03
195.000 195.000 2.195835e+03 2.156771e+03 8.974955e-03 6.597162e+01 2.203797e+03 2.149332e+03 1.251157e-02 6.597308e+01 -8.266719e-02 2.078201e-03 -3.790620e-05 1.389115e-03
195.000 225.000 2.832679e+03 2.632848e+03 3.656207e-02 7.387977e+01 2.843079e+03 2.618400e+03 4.113892e-02 7.383925e+01 -1.954094e-01 3.267836e-03 -4.381731e-05 3.139851e-03
195.000 255.000 3.399571e+03 2.187631e+03 2.169137e-01 7.296790e+01 3.420408e+03 2.168194e+03 2.240657e-01 7.285618e+01 -2.557919e-01 4.848691e-03 -6.936143e-05 6.478267e-03
195.000 285.000 2.917138e+03 2.211761e+03 1.375300e-01 7.093580e+01 2.931708e+03 2.203218e+03 1.418695e-01 7.093360e+01 -2.476351e-01 5.475494e-03 -4.325843e-05 5.429770e-03
195.000 315.000 3.261337e+03 2.530705e+03 1.261440e-01 7.549753e+01 3.262175e+03 2.526683e+03 1.270530e-01 7.546795e+01 -1.731247e-01 4.860165e-03 -8.515216e-06 3.963954e-03
195.000 345.000 2.419080e+03 2.236803e+03 3.914996e-02 6.818172e+01 2.416326e+03 2.241602e+03 3.751105e-02 6.820099e+01 -5.222568e-02 3.284836e-03 1.699451e-05 1.340178e-03
225.000 15.000 3.611149e+03 3.444683e+03 2.359270e-02 8.397562e+01 3.608142e+03 3.443659e+03 2.332503e-02 8.395215e+01 1.026754e-01 4.340000e-03 2.254216e-06 -9.417340e-04
225.000 45.000 3.096387e+03 3.608576e+03 -7.638947e-02 8.164458e+01 3.077554e+03 3.628427e+03 -8.214660e-02 8.161329e+01 2.381751e-01 4.518924e-03 4.987081e-05 -3.852853e-03
225.000 75.000 2.973040e+03 4.075036e+03 -1.563542e-01 8.292028e+01 2.935742e+03 4.114144e+03 -1.671519e-01 8.278233e+01 3.098559e-01 4.328401e-03 9.215414e-05 -5.622390e-03
225.000 105.000 2.669087e+03 4.289579e+03 -2.328739e-01 8.112518e+01 2.643790e+03 4.323193e+03 -2.410517e-01 8.100716e+01 2.985111e-01 3.932474e-03 7.133086e-05 -6.550187e-03
225.000 135.000 3.443760e+03 4.520613e+03 -1.352088e-01 8.842383e+01 3.400351e+03 4.578372e+03 -1.476453e-01 8.834475e+01 2.071805e-01 3.725490e-03 9.949673e-05 -3.872139e-03
225.000 165.000 2.921683e+03 3.024974e+03 -1.736970e-02 7.710294e+01 2.908361e+03 3.044901e+03 -2.293533e-02 7.713709e+01 6.033608e-02 3.945237e-03 5.103083e-05 -1.007819e-03
225.000 195.000 3.652935e+03 2.857033e+03 1.222589e-01 8.007910e+01 3.653881e+03 2.858251e+03 1.221766e-01 8.009322e+01 -1.026754e-01 4.340000e-03 7.269576e-07 2.808902e-03
225.000 225.000 3.475469e+03 2.879048e+03 9.385773e-02 7.936333e+01 3.491567e+03 2.861433e+03 9.918673e-02 7.931267e+01 -2.381751e-01 4.518924e-03 -4.749522e-05 4.183705e-03
225.000 255.000 3.458665e+03 3.391566e+03 9.795127e-03 8.276216e+01 3.490312e+03 3.339328e+03 2.210704e-02 8.262144e+01 -3.098559e-01 4.328401e-03 -1.052805e-04 3.862285e-03
225.000 285.000 3.593608e+03 2.702456e+03 1.415411e-01 7.854890e+01 3.628039e+03 2.677781e+03 1.506954e-01 7.850235e+01 -2.985112e-01 3.932474e-03 -8.243280e-05 5.602271e-03
225.000 315.000 3.459783e+03 3.518252e+03 -8.378944e-03 8.353170e+01 3.489012e+03 3.478167e+03 1.556605e-03 8.346953e+01 -2.071806e-01 3.725490e-03 -8.413703e-05 2.379954e-03
225.000 345.000 3.419094e+03 3.131942e+03 4.383302e-02 8.086068e+01 3.435213e+03 3.115107e+03 4.886879e-02 8.083735e+01 -6.033610e-02 3.945237e-03 -4.404289e-05 1.288254e-03
255.000 15.000 3.435071e+03 3.435310e+03 -3.486792e-05 8.288776e+01 3.489361e+03 3.384656e+03 1.523193e-02 8.290007e+01 9.366929e-02 4.206120e-03 -1.302298e-04 -1.130495e-03
255.000 45.000 2.828931e+03 4.321134e+03 -2.086978e-01 8.269610e+01 2.853426e+03 4.291532e+03 -2.012756e-01 8.279796e+01 2.587578e-01 4.074023e-03 -6.342541e-05 -5.652692e-03
255.000 75.000 3.320863e+03 3.862976e+03 -7.546276e-02 8.451586e+01 3.315017e+03 3.873040e+03 -7.763198e-02 8.452655e+01 3.545123e-01 4.007018e-03 1.814778e-05 -5.087507e-03
255.000 105.000 2.522890e+03 3.859538e+03 -2.094263e-01 7.811849e+01 2.500007e+03 3.890597e+03 -2.175993e-01 7.802571e+01 3.552755e-01 4.075353e-03 7.402318e-05 -7.228786e-03
255.000 135.000 3.654977e+03 3.933223e+03 -3.666824e-02 8.705169e+01 3.580231e+03 3.996653e+03 -5.495952e-02 8.691374e+01 2.608430e-01 4.207409e-03 1.486949e-04 -3.417639e-03
255.000 165.000 3.715504e+03 3.227396e+03 7.030325e-02 8.311789e+01 3.645272e+03 3.286518e+03 5.175492e-02 8.314579e+01 9.651779e-02 4.271272e-03 1.577693e-04 -3.153898e-04
255.000 195.000 2.731551e+03 3.023058e+03 -5.065612e-02 7.576175e+01 2.694651e+03 3.070259e+03 -6.515422e-02 7.576568e+01 -9.366927e-02 4.206120e-03 1.353116e-04 5.677424e-04
255.000 225.000 4.538265e+03 2.562480e+03 2.782503e-01 8.093814e+01 4.505970e+03 2.591774e+03 2.696907e-01 8.112646e+01 -2.587577e-01 4.074023e-03 7.469295e-05 6.634796e-03
255.000 255.000 3.939537e+03 3.252013e+03 9.560154e-02 8.441458e+01 3.946759e+03 3.240972e+03 9.819342e-02 8.437077e+01 -3.545123e-01 4.007018e-03 -2.171680e-05 5.332181e-03
255.000 285.000 4.097110e+03 3.464763e+03 8.362299e-02 8.665445e+01 4.126842e+03 3.419470e+03 9.373746e-02 8.648702e+01 -3.552755e-01 4.075353e-03 -8.261460e-05 5.064928e-03
255.000 315.000 3.835532e+03 3.222196e+03 8.690269e-02 8.369246e+01 3.894193e+03 3.157671e+03 1.044437e-01 8.351610e+01 -2.608430e-01 4.207409e-03 -1.483581e-04 4.155042e-03
255.000 345.000 3.434518e+03 2.888357e+03 8.637855e-02 7.921930e+01 3.495016e+03 2.837218e+03 1.038808e-01 7.914481e+01 -9.651781e-02 4.271272e-03 -1.562976e-04 2.308735e-03
285.000 15.000 1.719906e+03 1.724299e+03 -1.275428e-03 5.868731e+01 1.759735e+03 1.688066e+03 2.078670e-02 5.870529e+01 9.529456e-02 4.271272e-03 -2.657797e-04 -1.645500e-03
285.000 45.000 1.506388e+03 1.831127e+03 -9.729955e-02 5.749712e+01 1.548374e+03 1.794781e+03 -7.370494e-02 5.766275e+01 2.766187e-01 4.207409e-03 -2.897517e-04 -6.503251e-03
285.000 75.000 1.849127e+03 2.123378e+03 -6.903716e-02 6.287744e+01 1.888954e+03 2.091131e+03 -5.079702e-02 6.300647e+01 3.838230e-01 4.075353e-03 -2.049144e-04 -7.202268e-03
285.000 105.000 1.634216e+03 2.227692e+03 -1.536744e-01 6.140607e+01 1.650403e+03 2.211760e+03 -1.453479e-01 6.148634e+01 3.881823e-01 4.007017e-03 -9.581922e-05 -8.824154e-03
285.000 135.000 1.493974e+03 1.881532e+03 -1.148147e-01 5.771490e+01 1.485780e+03 1.890200e+03 -1.197932e-01 5.768478e+01 2.885284e-01 4.074022e-03 6.101089e-05 -6.988545e-03
285.000 165.000 1.616447e+03 2.267203e+03 -1.675630e-01 6.143783e+01 1.589280e+03 2.300239e+03 -1.827886e-01 6.131528e+01 1.115636e-01 4.206120e-03 1.754113e-04 -4.543237e-03
285.000 195.000 1.838103e+03 1.858275e+03 -5.457284e-03 6.079694e+01 1.800814e+03 1.902487e+03 -2.745477e-02 6.083182e+01 -9.529454e-02 4.271272e-03 2.557712e-04 1.477661e-03
285.000 225.000 1.805374e+03 1.368015e+03 1.378207e-01 5.579527e+01 1.769881e+03 1.405903e+03 1.146106e-01 5.598275e+01 -2.766186e-01 4.207409e-03 2.936533e-04 7.427858e-03
285.000 255.000 2.049009e+03 1.410676e+03 1.845060e-01 5.780925e+01 2.017960e+03 1.441089e+03 1.667717e-01 5.799002e+01 -3.838230e-01 4.075353e-03 2.165818e-04 9.831108e-03
285.000 285.000 2.054181e+03 1.501492e+03 1.554385e-01 5.890470e+01 2.043058e+03 1.517977e+03 1.474516e-01 5.902212e+01 -3.881823e-01 4.007017e-03 9.578087e-05 9.228818e-03
285.000 315.000 2.020754e+03 1.719730e+03 8.047736e-02 6.096112e+01 2.027801e+03 1.710491e+03 8.488084e-02 6.092092e+01 -2.885285e-01 4.074022e-03 -5.109419e-05 6.053134e-03
285.000 345.000 1.614710e+03 1.498740e+03 3.724810e-02 5.575957e+01 1.635750e+03 1.474942e+03 5.169518e-02 5.569900e+01 -1.115637e-01 4.206120e-03 -1.833081e-04 2.668811e-03
315.000 15.000 2.287137e+02 1.830359e+02 1.109358e-01 2.016636e+01 2.318146e+02 1.807741e+02 1.237078e-01 2.015625e+01 1.216517e-01 3.945237e-03 -4.479489e-04 -5.313787e-04
315.000 45.000 3.711264e+02 3.837710e+02 -1.675000e-02 2.747154e+01 3.806417e+02 3.782334e+02 3.173522e-03 2.754755e+01 3.168605e-01 3.725489e-03 -5.121147e-04 -1.214386e-02
315.000 75.000 1.847343e+02 2.154022e+02 -7.664351e-02 1.994457e+01 1.899612e+02 2.112420e+02 -5.304249e-02 2.000186e+01 4.271668e-01 3.932474e-03 -8.355400e-04 -2.526052e-02
315.000 105.000 2.635528e+02 2.277533e+02 7.286587e-02 2.210650e+01 2.674529e+02 2.242379e+02 8.789069e-02 2.208829e+01 4.230141e-01 4.328401e-03 -4.807875e-04 -1.583915e-02
315.000 135.000 2.304668e+02 2.300889e+02 8.205713e-04 2.146056e+01 2.333449e+02 2.282157e+02 1.111276e-02 2.148264e+01 3.055151e-01 4.518925e-03 -3.389442e-04 -1.419789e-02
315.000 165.000 4.105952e+02 3.078017e+02 1.430873e-01 2.652713e+01 4.053163e+02 3.088967e+02 1.350011e-01 2.648011e+01 1.061536e-01 4.340000e-03 2.157361e-04 1.392300e-03
315.000 195.000 3.295186e+02 2.342771e+02 1.689291e-01 2.340313e+01 3.255905e+02 2.374329e+02 1.565789e-01 2.343544e+01 -1.216517e-01 3.945237e-03 3.728935e-04 1.241632e-02
315.000 225.000 3.375567e+02 3.588803e+02 -3.061814e-02 2.637772e+01 3.316116e+02 3.659474e+02 -4.922273e-02 2.637933e+01 -3.168605e-01 3.725489e-03 4.987175e-04 1.085167e-02
315.000 255.000 5.157196e+02 1.861062e+02 4.696513e-01 2.338851e+01 5.091949e+02 1.914459e+02 4.535120e-01 2.359105e+01 -4.271668e-01 3.932474e-03 4.858326e-04 3.834438e-02
315.000 285.000 3.875037e+02 2.111548e+02 2.945734e-01 2.338185e+01 3.816274e+02 2.137559e+02 2.819552e-01 2.341049e+01 -4.230141e-01 4.328401e-03 3.813630e-04 3.068994e-02
315.000 315.000 3.399928e+02 3.055368e+02 5.337631e-02 2.537106e+01 3.370976e+02 3.041208e+02 5.142833e-02 2.528878e+01 -3.055151e-01 4.518925e-03 5.437964e-05 1.414570e-02
315.000 345.000 2.922144e+02 3.253557e+02 -5.366393e-02 2.481515e+01 2.952016e+02 3.221842e+02 -4.370474e-02 2.482351e+01 -1.061536e-01 4.340000e-03 -2.837391e-04 2.115226e-03
345.000 15.000 1.097219e+01 5.030628e+01 -6.418909e-01 6.002522e+00 1.096078e+01 4.998825e+01 -6.403297e-01 5.996547e+00 1.333582e-01 3.284836e-03 -1.840039e-04 -1.291539e-01
345.000 45.000 3.072099e+01 0.000000e+00 1.000000e+00 2.000000e+00 3.121992e+01 0.000000e+00 1.000000e+00 2.000000e+00 3.473203e-01 4.860164e-03 0.000000e+00 3.263389e-01
345.000 75.000 9.333422e+00 9.577478e+01 -8.224035e-01 5.832540e+00 9.451937e+00 9.489096e+01 -8.188293e-01 5.863695e+00 4.682183e-01 5.475493e-03 -4.321620e-04 -2.212795e-01
345.000 105.000 0.000000e+00 0.000000e+00         -nan         -nan 0.000000e+00 0.000000e+00         -nan         -nan 4.636576e-01 4.848691e-03         -nan         -nan
345.000 135.000 0.000000e+00 1.573548e+02 -1.000000e+00 2.000000e+00 0.000000e+00 1.576339e+02 -1.000000e+00 2.000000e+00 3.348601e-01 3.267836e-03 0.000000e+00 -6.674292e-01
345.000 165.000 1.755536e+02 0.000000e+00 1.000000e+00 2.000000e+00 1.755335e+02 0.000000e+00 1.000000e+00 2.000000e+00 1.163372e-01 2.078202e-03 0.000000e+00 4.418311e-01
345.000 195.000 0.000000e+00 0.000000e+00         -nan         -nan 0.000000e+00 0.000000e+00         -nan         -nan -1.333582e-01 3.284836e-03         -nan         -nan
345.000 225.000 0.000000e+00 0.000000e+00         -nan         -nan 0.000000e+00 0.000000e+00         -nan         -nan -3.473203e-01 4.860164e-03         -nan         -nan
345.000 255.000 1.642464e+02 7.923320e+01 3.491595e-01 1.462178e+01 1.637142e+02 8.112792e+01 3.373043e-01 1.473043e+01 -4.682183e-01 5.475493e-03 5.711881e-04 5.590138e-02
345.000 285.000 9.371106e+01 0.000000e+00 1.000000e+00 2.000000e+00 9.248810e+01 0.000000e+00 1.000000e+00 2.000000e+00 -4.636576e-01 4.848691e-03 0.000000e+00 7.318266e-01
345.000 315.000 1.457964e+02 0.000000e+00 1.000000e+00 2.000000e+00 1.456707e+02 0.000000e+00 1.000000e+00 2.000000e+00 -3.348602e-01 3.267836e-03 0.000000e+00 6.674292e-01
345.000 345.000 0.000000e+00 1.158253e+02 -1.000000e+00 2.000000e+00 0.000000e+00 1.146215e+02 -1.000000e+00 2.000000e+00 -1.163372e-01 2.078202e-03 0.000000e+00 -4.418311e-01
