  #t  #Q2   A1M1_AVG      A_1M1     dA_1M1   A0P1_AVG      A_0P1     dA_0P1   A2M1_AVG      A_2M1     dA_2M1   A3M1_AVG      A_3M1     dA_3M1   A1P1_AVG      A_1P1     dA_1P1       Asym      Astat          t         tp         xb         Q2          W     Dilute
   9    0 -1.034e-01 -4.613e-02 2.5174e-03  3.616e-01  3.588e-01 2.4582e-03 -2.943e-02  2.206e-03 2.4806e-03 -4.198e-03  7.368e-03 2.4351e-03  5.312e-02  2.304e-02 2.4292e-03 1.4605e-02 4.7159e-03 6.9155e-01 1.9172e-01 4.5452e-01 5.8619e+00 2.7742e+00 5.0100e-01
   Phi   PhiS      N_U_avg      N_D_avg     Asym_avg    dAsym_avg      N_U_fit      N_D_fit     Asym_fit    dAsym_fit     Asym_cal    dAsym_cal     GOOD_fit     GOOD_cal
15.000 15.000 0.000000e+00 0.000000e+00         -nan         -nan 0.000000e+00 0.000000e+00         -nan         -nan 1.086392e-01 1.942850e-03         -nan         -nan
15.000 45.000 0.000000e+00 0.000000e+00         -nan         -nan 0.000000e+00 0.000000e+00         -nan         -nan 2.961572e-01 3.073053e-03         -nan         -nan
15.000 75.000 5.109906e+01 0.000000e+00 1.000000e+00 2.000000e+00 5.279920e+01 0.000000e+00 1.000000e+00 2.000000e+00 4.043201e-01 4.566297e-03 0.000000e+00 2.978392e-01
15.000 105.000 0.000000e+00 7.021446e+01 -1.000000e+00 2.000000e+00 0.000000e+00 6.711174e+01 -1.000000e+00 2.000000e+00 4.041457e-01 5.156499e-03 0.000000e+00 -7.020705e-01
15.000 135.000 7.932649e+00 2.813750e+01 -5.601543e-01 4.975170e+00 8.316613e+00 2.693974e+01 -5.282205e-01 5.041749e+00 2.956808e-01 4.573893e-03 -4.508393e-03 -1.720212e-01
15.000 165.000 4.038737e+01 5.269620e+01 -1.322342e-01 9.563259e+00 4.207541e+01 5.149100e+01 -1.006301e-01 9.623872e+00 1.079885e-01 3.084329e-03 -2.329408e-03 -2.511933e-02
15.000 195.000 1.075463e+01 4.510698e+01 -6.149544e-01 5.893766e+00 1.085170e+01 4.356236e+01 -6.011436e-01 5.894934e+00 -1.086392e-01 1.942850e-03 -1.656793e-03 -8.590690e-02
15.000 225.000 4.059178e+01 0.000000e+00 1.000000e+00 2.000000e+00 3.907791e+01 0.000000e+00 1.000000e+00 2.000000e+00 -2.961572e-01 3.073053e-03 0.000000e+00 6.480778e-01
15.000 255.000 6.390984e+01 0.000000e+00 1.000000e+00 2.000000e+00 6.121943e+01 0.000000e+00 1.000000e+00 2.000000e+00 -4.043201e-01 4.566297e-03 0.000000e+00 7.021582e-01
15.000 285.000 6.656764e+01 1.157325e+01 7.037850e-01 6.279862e+00 6.332346e+01 1.243837e+01 6.716454e-01 6.448651e+00 -4.041457e-01 5.156499e-03 3.570581e-03 1.764259e-01
15.000 315.000 8.388395e+01 0.000000e+00 1.000000e+00 2.000000e+00 8.042960e+01 0.000000e+00 1.000000e+00 2.000000e+00 -2.956809e-01 4.573893e-03 0.000000e+00 6.478387e-01
15.000 345.000 1.585757e+02 1.355873e+01 8.424635e-01 7.068445e+00 1.563156e+02 1.430572e+01 8.323103e-01 7.240514e+00 -1.079886e-01 3.084329e-03 1.003410e-03 1.344641e-01
45.000 15.000 6.863952e+00 1.288510e+01 -3.048827e-01 4.232411e+00 6.769124e+00 1.321868e+01 -3.226745e-01 4.231630e+00 9.826420e-02 4.074719e-03 2.972728e-03 -9.525226e-02
45.000 45.000 0.000000e+00 1.128668e+02 -1.000000e+00 2.000000e+00 0.000000e+00 1.142006e+02 -1.000000e+00 2.000000e+00 2.856778e-01 4.234240e-03 0.000000e+00 -6.428375e-01
45.000 75.000 0.000000e+00 1.826433e+02 -1.000000e+00 2.000000e+00 0.000000e+00 1.819312e+02 -1.000000e+00 2.000000e+00 3.965442e-01 4.062946e-03 0.000000e+00 -6.982707e-01
45.000 105.000 0.000000e+00 1.504928e+01 -1.000000e+00 2.000000e+00 0.000000e+00 1.455220e+01 -1.000000e+00 2.000000e+00 4.011570e-01 3.709557e-03 0.000000e+00 -7.005773e-01
45.000 135.000 3.246363e+01 5.040171e+01 -2.164726e-01 8.887196e+00 3.406108e+01 4.888786e+01 -1.787459e-01 8.960955e+00 2.982800e-01 3.526381e-03 -2.989284e-03 -5.792071e-02
45.000 165.000 8.850352e+00 7.215253e+01 -7.814806e-01 5.615466e+00 9.331476e+00 6.916805e+01 -7.622540e-01 5.734881e+00 1.154792e-01 3.722449e-03 -2.395434e-03 -1.597302e-01
45.000 195.000 0.000000e+00 8.873779e+01 -1.000000e+00 2.000000e+00 0.000000e+00 8.559053e+01 -1.000000e+00 2.000000e+00 -9.826418e-02 4.074719e-03 0.000000e+00 -4.508670e-01
45.000 225.000 0.000000e+00 5.640343e+01 -1.000000e+00 2.000000e+00 0.000000e+00 5.402868e+01 -1.000000e+00 2.000000e+00 -2.856778e-01 4.234240e-03 0.000000e+00 -3.571603e-01
45.000 255.000 1.199176e+02 4.455234e+01 4.582313e-01 1.139891e+01 1.192307e+02 4.624215e+01 4.410907e-01 1.154462e+01 -3.965442e-01 4.062946e-03 1.056501e-03 7.498745e-02
45.000 285.000 3.844163e+01 0.000000e+00 1.000000e+00 2.000000e+00 3.747304e+01 0.000000e+00 1.000000e+00 2.000000e+00 -4.011570e-01 3.709557e-03 0.000000e+00 7.005773e-01
45.000 315.000 1.477306e+01 3.480942e+01 -4.041017e-01 6.440943e+00 1.424195e+01 3.664301e+01 -4.402296e-01 6.404947e+00 -2.982801e-01 3.526381e-03 3.977323e-03 -1.642953e-02
45.000 345.000 8.997392e+01 2.402542e+01 5.784989e-01 8.709087e+00 8.733626e+01 2.477329e+01 5.580521e-01 8.786134e+00 -1.154792e-01 3.722449e-03 1.652788e-03 7.968437e-02
75.000 15.000 1.138177e+02 1.065808e+02 3.283581e-02 1.483782e+01 1.118659e+02 1.086829e+02 1.443248e-02 1.484934e+01 7.383040e-02 3.951948e-03 8.766832e-04 -2.762845e-03
75.000 45.000 7.354529e+01 5.691178e+01 1.275018e-01 1.132856e+01 7.380126e+01 5.722466e+01 1.265139e-01 1.135468e+01 2.527290e-01 3.843519e-03 6.158820e-05 -1.105411e-02
75.000 75.000 8.874034e+01 1.445522e+02 -2.392356e-01 1.483039e+01 8.843812e+01 1.452182e+02 -2.430068e-01 1.482762e+01 3.639090e-01 3.786399e-03 1.798265e-04 -4.066951e-02
75.000 105.000 1.051336e+02 2.315111e+02 -3.754033e-01 1.700594e+01 1.050982e+02 2.316723e+02 -3.758468e-01 1.700582e+01 3.775799e-01 3.840086e-03 1.844388e-05 -4.427765e-02
75.000 135.000 8.155383e+01 7.517985e+01 4.066760e-02 1.250898e+01 8.231487e+01 7.482071e+01 4.769226e-02 1.252111e+01 2.900786e-01 3.948609e-03 -3.968972e-04 -1.993856e-02
75.000 165.000 1.556165e+02 4.864251e+01 5.237172e-01 1.217517e+01 1.580038e+02 4.845140e+01 5.306352e-01 1.217879e+01 1.248510e-01 4.003415e-03 -4.017176e-04 3.276062e-02
75.000 195.000 9.529758e+01 6.062945e+01 2.223356e-01 1.217453e+01 9.631239e+01 6.048561e+01 2.284900e-01 1.219065e+01 -7.383038e-02 3.951948e-03 -3.572183e-04 2.432669e-02
75.000 225.000 3.277476e+01 7.780938e+01 -4.072430e-01 9.604379e+00 3.252232e+01 7.773956e+01 -4.100895e-01 9.576992e+00 -2.527290e-01 3.843519e-03 2.098612e-04 -1.608788e-02
75.000 255.000 9.343173e+01 8.391929e+01 5.363621e-02 1.329815e+01 9.262000e+01 8.382929e+01 4.982004e-02 1.326693e+01 -3.639090e-01 3.786399e-03 2.031572e-04 3.139874e-02
75.000 285.000 1.650337e+02 5.918557e+01 4.720742e-01 1.320042e+01 1.664606e+02 5.937730e+01 4.741600e-01 1.323115e+01 -3.775799e-01 3.840086e-03 -1.115982e-04 6.436568e-02
75.000 315.000 2.069569e+02 5.552256e+01 5.769379e-01 1.323296e+01 2.057048e+02 5.580123e+01 5.732318e-01 1.325053e+01 -2.900786e-01 3.948609e-03 1.979038e-04 6.551947e-02
75.000 345.000 1.346306e+02 4.650646e+01 4.865052e-01 1.175858e+01 1.341300e+02 4.664314e+01 4.839594e-01 1.176576e+01 -1.248510e-01 4.003415e-03 1.530445e-04 5.199235e-02
105.000 15.000 5.688253e+02 5.883741e+02 -1.689320e-02 3.401278e+01 5.669694e+02 5.892642e+02 -1.928231e-02 3.399711e+01 5.973567e-02 4.003415e-03 4.967962e-05 -2.252944e-03
105.000 45.000 4.761685e+02 7.161787e+02 -2.012922e-01 3.382359e+01 4.733501e+02 7.203245e+02 -2.069026e-01 3.380200e+01 2.184831e-01 3.948609e-03 1.173264e-04 -1.241073e-02
105.000 75.000 5.338889e+02 6.201409e+02 -7.473989e-02 3.387600e+01 5.274790e+02 6.246804e+02 -8.436454e-02 3.382246e+01 3.186882e-01 3.840086e-03 2.010579e-04 -1.161377e-02
105.000 105.000 6.188086e+02 5.641166e+02 4.623454e-02 3.435690e+01 6.089837e+02 5.676608e+02 3.511928e-02 3.428109e+01 3.335010e-01 3.786399e-03 2.290180e-04 -8.361246e-03
105.000 135.000 4.394186e+02 4.608845e+02 -2.384295e-02 2.999652e+01 4.353126e+02 4.641576e+02 -3.206884e-02 2.997574e+01 2.589525e-01 3.843519e-03 1.939758e-04 -9.427609e-03
105.000 165.000 4.294380e+02 5.454772e+02 -1.190248e-01 3.100167e+01 4.272438e+02 5.475481e+02 -1.234154e-01 3.098297e+01 1.150179e-01 3.951948e-03 1.001729e-04 -7.549359e-03
105.000 195.000 5.181335e+02 5.493703e+02 -2.926155e-02 3.265869e+01 5.168978e+02 5.474496e+02 -2.870468e-02 3.261089e+01 -5.973565e-02 4.003415e-03 -1.206575e-05 9.331087e-04
105.000 225.000 5.507931e+02 5.484456e+02 2.135614e-03 3.315469e+01 5.530820e+02 5.471118e+02 5.426471e-03 3.316868e+01 -2.184831e-01 3.948609e-03 -7.017095e-05 6.654223e-03
105.000 255.000 7.781756e+02 4.796963e+02 2.372891e-01 3.445353e+01 7.847728e+02 4.750024e+02 2.458935e-01 3.440356e+01 -3.186882e-01 3.840086e-03 -1.767198e-04 1.613702e-02
105.000 285.000 5.621991e+02 4.962247e+02 6.233266e-02 3.247016e+01 5.651743e+02 4.915056e+02 6.971713e-02 3.242752e+01 -3.335010e-01 3.786399e-03 -1.609182e-04 1.219069e-02
105.000 315.000 5.815064e+02 5.445944e+02 3.277866e-02 3.353939e+01 5.849744e+02 5.377343e+02 4.207694e-02 3.347717e+01 -2.589525e-01 3.843519e-03 -1.962163e-04 8.698166e-03
105.000 345.000 5.542781e+02 5.317787e+02 2.071660e-02 3.294830e+01 5.563478e+02 5.294278e+02 2.479339e-02 3.294098e+01 -1.150179e-01 3.951948e-03 -8.750207e-05 4.119621e-03
135.000 15.000 7.040056e+02 5.944538e+02 8.437056e-02 3.590566e+01 7.007140e+02 5.971186e+02 7.982183e-02 3.591049e+01 6.598769e-02 3.722449e-03 8.957431e-05 5.119771e-04
135.000 45.000 6.661667e+02 6.768602e+02 -7.962219e-03 3.664617e+01 6.546434e+02 6.857808e+02 -2.322949e-02 3.660192e+01 2.060200e-01 3.526381e-03 2.947678e-04 -5.839144e-03
135.000 75.000 6.489098e+02 6.589507e+02 -7.677339e-03 3.616329e+01 6.330814e+02 6.709736e+02 -2.905724e-02 3.609645e+01 2.908495e-01 3.709557e-03 4.184312e-04 -8.254969e-03
135.000 105.000 5.927096e+02 8.678525e+02 -1.883815e-01 3.753306e+01 5.770695e+02 8.873408e+02 -2.118745e-01 3.739882e+01 2.977460e-01 4.062946e-03 4.433901e-04 -1.295199e-02
135.000 135.000 5.771418e+02 6.517755e+02 -6.073126e-02 3.499121e+01 5.655864e+02 6.634587e+02 -7.963280e-02 3.494640e+01 2.248618e-01 4.234240e-03 3.822093e-04 -8.161852e-03
135.000 165.000 6.166132e+02 6.718583e+02 -4.287645e-02 3.586227e+01 6.116564e+02 6.769083e+02 -5.063923e-02 3.585053e+01 9.172602e-02 4.074719e-03 1.530861e-04 -3.753317e-03
135.000 195.000 6.482234e+02 6.054328e+02 3.413266e-02 3.538638e+01 6.504737e+02 6.024684e+02 3.831409e-02 3.537093e+01 -6.598767e-02 3.722449e-03 -8.357352e-05 2.829347e-03
135.000 225.000 7.008797e+02 5.348444e+02 1.343627e-01 3.483411e+01 7.108763e+02 5.272825e+02 1.482797e-01 3.479850e+01 -2.060200e-01 3.526381e-03 -2.826486e-04 9.771535e-03
135.000 255.000 6.577544e+02 6.822901e+02 -1.830961e-02 3.660048e+01 6.696027e+02 6.630877e+02 4.888575e-03 3.650560e+01 -2.908495e-01 3.709557e-03 -4.487611e-04 7.446346e-03
135.000 285.000 5.856487e+02 6.641064e+02 -6.277846e-02 3.528214e+01 5.981915e+02 6.454385e+02 -3.799115e-02 3.523968e+01 -2.977460e-01 4.062946e-03 -4.970737e-04 6.659674e-03
135.000 315.000 8.035300e+02 5.610517e+02 1.776943e-01 3.635237e+01 8.180958e+02 5.489195e+02 1.969081e-01 3.624931e+01 -2.248618e-01 4.234240e-03 -3.742667e-04 1.107372e-02
135.000 345.000 6.816512e+02 6.465631e+02 2.641753e-02 3.643195e+01 6.874972e+02 6.410110e+02 3.499134e-02 3.642639e+01 -9.172604e-02 4.074719e-03 -1.664217e-04 3.242855e-03
165.000 15.000 4.344141e+02 5.789638e+02 -1.426415e-01 3.150808e+01 4.304625e+02 5.840912e+02 -1.514250e-01 3.148477e+01 7.462027e-02 3.084329e-03 1.971932e-04 -6.895429e-03
165.000 45.000 4.832790e+02 5.282920e+02 -4.449811e-02 3.177370e+01 4.692183e+02 5.412648e+02 -7.129907e-02 3.170720e+01 2.074773e-01 4.573893e-03 5.970656e-04 -7.930315e-03
165.000 75.000 5.270121e+02 4.835888e+02 4.296782e-02 3.176059e+01 5.054639e+02 4.977265e+02 7.712738e-03 3.167224e+01 2.847410e-01 5.156499e-03 7.859994e-04 -7.612364e-03
165.000 105.000 5.268404e+02 5.401316e+02 -1.245698e-02 3.266200e+01 5.056876e+02 5.579864e+02 -4.916810e-02 3.257457e+01 2.857086e-01 4.566297e-03 7.958313e-04 -9.128820e-03
165.000 135.000 4.916929e+02 6.092466e+02 -1.067758e-01 3.299072e+01 4.774601e+02 6.230298e+02 -1.322772e-01 3.288213e+01 2.101207e-01 3.073053e-03 5.474848e-04 -9.605626e-03
165.000 165.000 4.656119e+02 5.359304e+02 -7.021021e-02 3.156906e+01 4.613804e+02 5.405250e+02 -7.899415e-02 3.155398e+01 7.823124e-02 1.942850e-03 1.967962e-04 -4.702119e-03
165.000 195.000 4.069320e+02 4.677287e+02 -6.950882e-02 2.950313e+01 4.105872e+02 4.639113e+02 -6.097684e-02 2.951689e+01 -7.462025e-02 3.084329e-03 -2.044398e-04 1.732505e-04
165.000 225.000 5.527806e+02 4.807653e+02 6.967782e-02 3.207067e+01 5.655856e+02 4.671421e+02 9.532372e-02 3.198974e+01 -2.074773e-01 4.573893e-03 -5.661646e-04 8.642012e-03
165.000 255.000 5.084295e+02 4.403539e+02 7.175043e-02 3.072294e+01 5.235287e+02 4.227559e+02 1.064931e-01 3.058681e+01 -2.847410e-01 5.156499e-03 -8.013976e-04 1.160343e-02
165.000 285.000 5.872387e+02 4.745642e+02 1.061162e-01 3.240133e+01 6.052528e+02 4.562627e+02 1.403560e-01 3.225839e+01 -2.857086e-01 4.566297e-03 -7.488768e-04 1.209286e-02
165.000 315.000 5.436361e+02 4.335481e+02 1.126584e-01 3.106094e+01 5.565096e+02 4.229936e+02 1.363099e-01 3.100490e+01 -2.101208e-01 3.073054e-03 -5.389162e-04 1.039180e-02
165.000 345.000 5.792161e+02 4.765132e+02 9.728143e-02 3.233788e+01 5.846248e+02 4.722892e+02 1.062865e-01 3.232606e+01 -7.823126e-02 1.942850e-03 -1.969420e-04 5.427465e-03
195.000 15.000 4.522650e+02 4.925856e+02 -4.267398e-02 3.071042e+01 4.475586e+02 4.968397e+02 -5.218253e-02 3.068920e+01 7.823123e-02 1.942850e-03 2.190097e-04 -3.936944e-03
195.000 45.000 4.094050e+02 4.878779e+02 -8.745614e-02 2.983990e+01 3.983515e+02 4.997027e+02 -1.128564e-01 2.977610e+01 2.101207e-01 3.073053e-03 6.025466e-04 -9.972447e-03
195.000 75.000 3.804929e+02 5.828501e+02 -2.100573e-01 3.034529e+01 3.657103e+02 6.026063e+02 -2.446473e-01 3.017218e+01 2.857086e-01 4.566297e-03 8.083192e-04 -1.633749e-02
195.000 105.000 4.274524e+02 5.543692e+02 -1.292667e-01 3.107114e+01 4.102660e+02 5.729873e+02 -1.654927e-01 3.092449e+01 2.847410e-01 5.156499e-03 8.263664e-04 -1.332451e-02
195.000 135.000 4.407980e+02 5.240236e+02 -8.626010e-02 3.094580e+01 4.288754e+02 5.359323e+02 -1.109619e-01 3.086954e+01 2.074773e-01 4.573893e-03 5.651285e-04 -9.491997e-03
195.000 165.000 5.798503e+02 4.905898e+02 8.338678e-02 3.260363e+01 5.743423e+02 4.948652e+02 7.433278e-02 3.260828e+01 7.462029e-02 3.084329e-03 1.963490e-04 2.688809e-04
195.000 195.000 5.190189e+02 5.192626e+02 -2.347237e-04 3.222238e+01 5.238099e+02 5.141261e+02 9.329858e-03 3.221561e+01 -7.823121e-02 1.942850e-03 -2.099128e-04 2.420569e-03
195.000 225.000 5.562636e+02 4.691009e+02 8.500649e-02 3.190541e+01 5.695187e+02 4.556460e+02 1.110774e-01 3.182006e+01 -2.101207e-01 3.073053e-03 -5.785726e-04 9.250068e-03
195.000 255.000 5.677174e+02 4.470171e+02 1.189476e-01 3.162874e+01 5.859606e+02 4.297562e+02 1.537873e-01 3.149118e+01 -2.857086e-01 4.566297e-03 -7.805881e-04 1.279394e-02
195.000 285.000 5.574670e+02 4.294918e+02 1.296662e-01 3.115068e+01 5.748180e+02 4.127990e+02 1.640504e-01 3.100061e+01 -2.847410e-01 5.156499e-03 -7.823884e-04 1.330331e-02
195.000 315.000 4.888676e+02 4.780674e+02 1.116953e-02 3.109364e+01 5.001323e+02 4.645392e+02 3.689662e-02 3.103801e+01 -2.074773e-01 4.573893e-03 -5.855885e-04 7.031885e-03
195.000 345.000 4.485637e+02 4.582401e+02 -1.067083e-02 3.011147e+01 4.524017e+02 4.538063e+02 -1.549995e-03 3.010325e+01 -7.462030e-02 3.084329e-03 -2.142135e-04 2.123758e-03
225.000 15.000 5.931417e+02 6.667079e+02 -5.839287e-02 3.543379e+01 5.881383e+02 6.721099e+02 -6.663105e-02 3.542108e+01 9.172600e-02 4.074719e-03 1.644283e-04 -4.236601e-03
225.000 45.000 6.474419e+02 6.008413e+02 3.733176e-02 3.530642e+01 6.333111e+02 6.106119e+02 1.824803e-02 3.526342e+01 2.248618e-01 4.234240e-03 3.824361e-04 -5.311499e-03
225.000 75.000 5.243854e+02 6.673308e+02 -1.199492e-01 3.427200e+01 5.124733e+02 6.819446e+02 -1.418861e-01 3.421070e+01 2.977460e-01 4.062946e-03 4.530116e-04 -1.218765e-02
225.000 105.000 7.165601e+02 7.806336e+02 -4.279572e-02 3.865814e+01 6.976084e+02 7.966738e+02 -6.629631e-02 3.857090e+01 2.908495e-01 3.709557e-03 4.303411e-04 -8.630659e-03
225.000 135.000 6.271301e+02 6.537104e+02 -2.075224e-02 3.578113e+01 6.154612e+02 6.626211e+02 -3.689903e-02 3.572593e+01 2.060200e-01 3.526381e-03 3.193390e-04 -6.337763e-03
225.000 165.000 6.092262e+02 6.101747e+02 -7.778534e-04 3.491991e+01 6.064227e+02 6.131437e+02 -5.510917e-03 3.492176e+01 6.598771e-02 3.722449e-03 9.583909e-05 -1.911962e-03
225.000 195.000 6.190944e+02 5.656766e+02 4.508704e-02 3.438550e+01 6.238776e+02 5.610322e+02 5.303817e-02 3.437407e+01 -9.172599e-02 4.074719e-03 -1.635349e-04 3.978800e-03
225.000 225.000 7.484585e+02 6.787026e+02 4.887736e-02 3.773263e+01 7.625627e+02 6.656133e+02 6.788337e-02 3.770404e+01 -2.248618e-01 4.234240e-03 -3.563062e-04 7.254705e-03
225.000 255.000 7.523561e+02 5.935166e+02 1.180197e-01 3.642975e+01 7.699959e+02 5.789078e+02 1.416618e-01 3.635703e+01 -2.977460e-01 4.062946e-03 -4.593547e-04 1.141281e-02
225.000 285.000 6.076043e+02 5.927705e+02 1.235757e-02 3.464378e+01 6.185416e+02 5.771402e+02 3.462569e-02 3.455790e+01 -2.908495e-01 3.709557e-03 -4.550735e-04 8.752136e-03
225.000 315.000 6.447149e+02 6.040382e+02 3.257383e-02 3.531895e+01 6.530992e+02 5.941249e+02 4.728438e-02 3.527656e+01 -2.060201e-01 3.526381e-03 -2.946908e-04 6.755408e-03
225.000 345.000 5.970470e+02 4.649122e+02 1.244255e-01 3.233447e+01 5.999031e+02 4.634138e+02 1.283618e-01 3.233878e+01 -6.598772e-02 3.722449e-03 -8.607570e-05 5.888860e-03
255.000 15.000 4.374614e+02 4.878943e+02 -5.450113e-02 3.037445e+01 4.350731e+02 4.901778e+02 -5.955651e-02 3.036394e+01 1.150179e-01 3.951948e-03 1.177078e-04 -5.580975e-03
255.000 45.000 4.779703e+02 6.096724e+02 -1.210895e-01 3.273675e+01 4.739925e+02 6.135450e+02 -1.283197e-01 3.270520e+01 2.589525e-01 3.843519e-03 1.562449e-04 -1.160903e-02
255.000 75.000 4.961289e+02 8.557791e+02 -2.660316e-01 3.544333e+01 4.920852e+02 8.639636e+02 -2.742367e-01 3.541280e+01 3.335010e-01 3.786399e-03 1.637653e-04 -1.691525e-02
255.000 105.000 3.661220e+02 6.641364e+02 -2.892618e-01 3.072547e+01 3.633266e+02 6.697510e+02 -2.966132e-01 3.069508e+01 3.186882e-01 3.840086e-03 1.692670e-04 -1.978652e-02
255.000 135.000 5.064893e+02 5.734276e+02 -6.198471e-02 3.279890e+01 5.047304e+02 5.761825e+02 -6.610345e-02 3.280533e+01 2.184831e-01 3.948609e-03 8.878669e-05 -8.551136e-03
255.000 165.000 5.236416e+02 4.591823e+02 6.558572e-02 3.128252e+01 5.239374e+02 4.584510e+02 6.666042e-02 3.127336e+01 5.973568e-02 4.003415e-03 -2.429601e-05 1.870066e-04
255.000 195.000 6.471752e+02 5.611921e+02 7.115640e-02 3.467346e+01 6.494132e+02 5.589670e+02 7.484907e-02 3.466425e+01 -1.150179e-01 3.951948e-03 -7.531567e-05 5.369359e-03
255.000 225.000 6.098304e+02 4.891750e+02 1.097860e-01 3.295086e+01 6.145234e+02 4.836179e+02 1.192064e-01 3.290192e+01 -2.589525e-01 3.843519e-03 -2.023079e-04 1.119056e-02
255.000 255.000 6.740837e+02 4.408839e+02 2.091539e-01 3.265261e+01 6.798920e+02 4.349551e+02 2.197045e-01 3.257351e+01 -3.335010e-01 3.786399e-03 -2.287557e-04 1.661903e-02
255.000 285.000 6.181543e+02 3.768770e+02 2.424821e-01 3.060271e+01 6.241945e+02 3.744276e+02 2.501115e-01 3.059661e+01 -3.186882e-01 3.840086e-03 -1.763017e-04 1.833728e-02
255.000 315.000 5.058470e+02 3.947653e+02 1.233401e-01 2.978106e+01 5.071797e+02 3.939704e+02 1.256276e-01 2.978133e+01 -2.184831e-01 3.948609e-03 -5.431278e-05 1.147787e-02
255.000 345.000 5.800172e+02 5.164211e+02 5.800244e-02 3.305676e+01 5.793226e+02 5.162361e+02 5.758381e-02 3.304430e+01 -5.973570e-02 4.003415e-03 8.956426e-06 3.561696e-03
285.000 15.000 8.711449e+01 1.037557e+02 -8.718621e-02 1.376297e+01 8.761480e+01 1.031670e+02 -8.151821e-02 1.376641e+01 1.248510e-01 4.003415e-03 -2.911714e-04 -1.540635e-02
285.000 45.000 8.408877e+01 2.927658e+01 4.835004e-01 9.320066e+00 8.522521e+01 2.915817e+01 4.901678e-01 9.322077e+00 2.900786e-01 3.948609e-03 -5.057958e-04 2.075326e-02
285.000 75.000 1.577863e+02 1.004589e+02 2.219883e-01 1.566905e+01 1.576307e+02 9.975572e+01 2.248564e-01 1.563243e+01 3.775799e-01 3.840086e-03 -1.295812e-04 -9.929871e-03
285.000 105.000 1.106341e+02 2.390913e+02 -3.673090e-01 1.739373e+01 1.100872e+02 2.417434e+02 -3.742034e-01 1.739438e+01 3.639090e-01 3.786399e-03 2.802758e-04 -4.203917e-02
285.000 135.000 1.318250e+02 1.561728e+02 -8.454163e-02 1.690974e+01 1.272554e+02 1.584030e+02 -1.090378e-01 1.680066e+01 2.527290e-01 3.843519e-03 1.027656e-03 -1.994534e-02
285.000 165.000 1.313116e+02 1.923559e+02 -1.886018e-01 1.766789e+01 1.261307e+02 1.942239e+02 -2.125559e-01 1.748945e+01 7.383041e-02 3.951948e-03 9.635451e-04 -1.485362e-02
285.000 195.000 1.476869e+02 1.647341e+02 -5.456479e-02 1.764910e+01 1.464914e+02 1.678502e+02 -6.794749e-02 1.768871e+01 -1.248509e-01 4.003415e-03 5.355731e-04 3.982421e-03
285.000 225.000 7.896255e+01 1.887716e+02 -4.101422e-01 1.492303e+01 7.879659e+01 1.886180e+02 -4.106784e-01 1.491017e+01 -2.900786e-01 3.948609e-03 2.541537e-05 -8.045527e-03
285.000 255.000 1.591155e+02 5.013003e+01 5.208498e-01 1.234830e+01 1.598059e+02 5.060253e+01 5.190065e-01 1.239884e+01 -3.775799e-01 3.840086e-03 1.053343e-04 7.275736e-02
285.000 285.000 1.638042e+02 8.516304e+01 3.158694e-01 1.497087e+01 1.635445e+02 8.461051e+01 3.180834e-01 1.493477e+01 -3.639090e-01 3.786399e-03 -1.046970e-04 4.540675e-02
285.000 315.000 8.016427e+01 1.023755e+02 -1.216788e-01 1.341034e+01 8.025646e+01 1.002322e+02 -1.106759e-01 1.335207e+01 -2.527290e-01 3.843519e-03 -5.814249e-04 9.772327e-03
285.000 345.000 1.749614e+02 9.827927e+01 2.806396e-01 1.586571e+01 1.777053e+02 9.757603e+01 2.910815e-01 1.587316e+01 -7.383043e-02 3.951948e-03 -4.652647e-04 2.234190e-02
315.000 15.000 8.270717e+01 0.000000e+00 1.000000e+00 2.000000e+00 8.523654e+01 0.000000e+00 1.000000e+00 2.000000e+00 1.154792e-01 3.722449e-03 0.000000e+00 4.422596e-01
315.000 45.000 3.543305e+01 5.686477e+00 7.234172e-01 4.427227e+00 3.727402e+01 5.551480e+00 7.407395e-01 4.396289e+00 2.982800e-01 3.526381e-03 -2.776363e-03 9.602783e-02
315.000 75.000 3.914523e+01 1.817341e+01 3.658814e-01 7.045952e+00 4.018641e+01 1.775822e+01 3.870623e-01 7.018798e+00 4.011570e-01 3.709557e-03 -2.129744e-03 -5.006507e-03
315.000 105.000 1.851030e+01 8.998113e+00 3.457919e-01 4.921298e+00 1.766433e+01 8.825209e+00 3.336835e-01 4.851811e+00 3.965442e-01 4.062946e-03 1.752104e-03 -1.031279e-02
315.000 135.000 8.481036e+01 7.067942e+01 9.088013e-02 1.241795e+01 8.381169e+01 7.203506e+01 7.556551e-02 1.244817e+01 2.856778e-01 4.234240e-03 8.709896e-04 -1.568678e-02
315.000 165.000 3.068701e+01 1.080706e+02 -5.576889e-01 9.777608e+00 2.997234e+01 1.125517e+02 -5.794066e-01 9.730212e+00 9.826422e-02 4.074719e-03 1.574413e-03 -6.708727e-02
315.000 195.000 0.000000e+00 2.154131e+01 -1.000000e+00 2.000000e+00 0.000000e+00 2.214519e+01 -1.000000e+00 2.000000e+00 -1.154792e-01 3.722449e-03 0.000000e+00 -4.422596e-01
315.000 225.000 0.000000e+00 6.382703e+01 -1.000000e+00 2.000000e+00 0.000000e+00 6.738655e+01 -1.000000e+00 2.000000e+00 -2.982800e-01 3.526381e-03 0.000000e+00 -3.508594e-01
315.000 255.000 7.120383e+01 1.710656e+02 -4.121930e-01 1.418122e+01 6.947195e+01 1.730683e+02 -4.271306e-01 1.408159e+01 -4.011570e-01 3.709557e-03 7.474400e-04 -7.782171e-04
315.000 285.000 0.000000e+00 6.227412e+01 -1.000000e+00 2.000000e+00 0.000000e+00 6.400473e+01 -1.000000e+00 2.000000e+00 -3.965442e-01 4.062946e-03 0.000000e+00 -3.017273e-01
315.000 315.000 8.576047e+01 2.982158e+01 4.839756e-01 9.407922e+00 8.604925e+01 2.991998e+01 4.840014e-01 9.423512e+00 -2.856778e-01 4.234240e-03 -1.939865e-06 8.180907e-02
315.000 345.000 3.445776e+01 7.993433e+00 6.234059e-01 5.094426e+00 3.488996e+01 7.883592e+00 6.313800e-01 5.071713e+00 -9.826424e-02 4.074719e-03 -1.109278e-03 1.416587e-01
345.000 15.000 1.369439e+02 7.457285e+01 2.948751e-01 1.389694e+01 1.414200e+02 7.256551e+01 3.217716e-01 1.385027e+01 1.079885e-01 3.084330e-03 -1.370855e-03 1.344803e-02
345.000 45.000 2.635538e+01 0.000000e+00 1.000000e+00 2.000000e+00 2.758725e+01 0.000000e+00 1.000000e+00 2.000000e+00 2.956808e-01 4.573893e-03 0.000000e+00 3.521587e-01
345.000 75.000 0.000000e+00 0.000000e+00         -nan         -nan 0.000000e+00 0.000000e+00         -nan         -nan 4.041457e-01 5.156499e-03         -nan         -nan
345.000 105.000 6.587329e+01 0.000000e+00 1.000000e+00 2.000000e+00 6.898813e+01 0.000000e+00 1.000000e+00 2.000000e+00 4.043201e-01 4.566296e-03 0.000000e+00 2.978392e-01
345.000 135.000 9.792633e+01 6.250022e+01 2.208245e-01 1.235328e+01 1.025708e+02 6.107141e+01 2.535982e-01 1.237409e+01 2.961572e-01 3.073053e-03 -1.874402e-03 -6.098193e-03
345.000 165.000 0.000000e+00 3.104090e+01 -1.000000e+00 2.000000e+00 0.000000e+00 3.122817e+01 -1.000000e+00 2.000000e+00 1.086392e-01 1.942851e-03 0.000000e+00 -5.543194e-01
345.000 195.000 1.937825e+01 3.221126e+01 -2.487524e-01 6.956814e+00 1.901283e+01 3.372752e+01 -2.790025e-01 6.973874e+00 -1.079885e-01 3.084329e-03 3.070929e-03 -2.023395e-02
345.000 225.000 1.297963e+01 2.231294e+01 -2.644552e-01 5.729252e+00 1.249794e+01 2.361077e+01 -3.077604e-01 5.717396e+00 -2.956808e-01 4.573893e-03 5.350282e-03 5.450205e-03
345.000 255.000 1.012427e+02 0.000000e+00 1.000000e+00 2.000000e+00 9.638340e+01 0.000000e+00 1.000000e+00 2.000000e+00 -4.041457e-01 5.156499e-03 0.000000e+00 7.020705e-01
345.000 285.000 0.000000e+00 0.000000e+00         -nan         -nan 0.000000e+00 0.000000e+00         -nan         -nan -4.043201e-01 4.566297e-03         -nan         -nan
345.000 315.000 7.830747e+01 4.046931e+01 3.185653e-01 1.033068e+01 7.648431e+01 4.220431e+01 2.888230e-01 1.043014e+01 -2.961572e-01 3.073054e-03 2.026003e-03 5.950458e-02
345.000 345.000 0.000000e+00 0.000000e+00         -nan         -nan 0.000000e+00 0.000000e+00         -nan         -nan -1.086393e-01 1.942851e-03         -nan         -nan
