  #t  #Q2   A1M1_AVG      A_1M1     dA_1M1   A0P1_AVG      A_0P1     dA_0P1   A2M1_AVG      A_2M1     dA_2M1   A3M1_AVG      A_3M1     dA_3M1   A1P1_AVG      A_1P1     dA_1P1       Asym      Astat          t         tp         xb         Q2          W     Dilute
   3    0 -3.015e-02 -2.890e-02 4.3465e-03  3.969e-01  3.964e-01 4.2565e-03 -2.629e-03  2.652e-02 4.3067e-03  5.958e-04 -1.996e-02 4.1304e-03  1.198e-02  1.029e-02 4.1252e-03 -1.6945e-02 2.2032e-03 3.1903e-01 1.2876e-02 4.3417e-01 5.3130e+00 2.8102e+00 7.7425e-01
   Phi   PhiS      N_U_avg      N_D_avg     Asym_avg    dAsym_avg      N_U_fit      N_D_fit     Asym_fit    dAsym_fit     Asym_cal    dAsym_cal     GOOD_fit     GOOD_cal
15.000 15.000 1.758227e+03 1.588324e+03 5.076951e-02 5.777479e+01 1.767210e+03 1.581112e+03 5.557972e-02 5.777524e+01 1.046247e-01 3.312928e-03 -5.887193e-05 -9.321581e-04
15.000 45.000 1.141118e+03 1.769454e+03 -2.158807e-01 5.267757e+01 1.157561e+03 1.754613e+03 -2.050196e-01 5.281824e+01 2.967946e-01 5.271368e-03 -1.455979e-04 -9.732328e-03
15.000 75.000 1.367481e+03 1.315754e+03 1.927803e-02 5.179033e+01 1.388558e+03 1.297056e+03 3.407125e-02 5.179282e+01 4.094387e-01 7.850435e-03 -2.019708e-04 -7.533465e-03
15.000 105.000 1.467744e+03 1.782547e+03 -9.685384e-02 5.674330e+01 1.489869e+03 1.760062e+03 -8.313784e-02 5.681081e+01 4.123739e-01 8.869020e-03 -1.708203e-04 -8.974236e-03
15.000 135.000 1.382991e+03 1.780478e+03 -1.256490e-01 5.579897e+01 1.398163e+03 1.767902e+03 -1.167821e-01 5.588279e+01 3.048139e-01 7.864329e-03 -1.122804e-04 -7.714531e-03
15.000 165.000 1.154070e+03 1.856242e+03 -2.332555e-01 5.335285e+01 1.158905e+03 1.852182e+03 -2.302413e-01 5.339912e+01 1.155793e-01 5.292038e-03 -3.993094e-05 -6.538259e-03
15.000 195.000 1.836253e+03 1.545580e+03 8.595142e-02 5.793832e+01 1.829723e+03 1.552139e+03 8.208035e-02 5.795755e+01 -1.046247e-01 3.312928e-03 4.723649e-05 3.289293e-03
15.000 225.000 1.506993e+03 1.093606e+03 1.589587e-01 5.034766e+01 1.491773e+03 1.110097e+03 1.466931e-01 5.045672e+01 -2.967946e-01 5.271368e-03 1.720769e-04 9.052124e-03
15.000 255.000 1.444388e+03 1.320874e+03 4.466624e-02 5.253328e+01 1.430523e+03 1.347926e+03 2.972781e-02 5.268770e+01 -4.094387e-01 7.850435e-03 2.007785e-04 8.644137e-03
15.000 285.000 1.579313e+03 1.212325e+03 1.314596e-01 5.237742e+01 1.560697e+03 1.231235e+03 1.180047e-01 5.246956e+01 -4.123739e-01 8.869020e-03 1.814838e-04 1.038298e-02
15.000 315.000 1.676666e+03 1.359760e+03 1.043680e-01 5.480284e+01 1.662150e+03 1.372595e+03 9.541320e-02 5.483720e+01 -3.048139e-01 7.864329e-03 1.155046e-04 7.466436e-03
15.000 345.000 1.508569e+03 1.559997e+03 -1.675959e-02 5.538686e+01 1.504021e+03 1.565752e+03 -2.010932e-02 5.539432e+01 -1.155793e-01 5.292038e-03 4.276209e-05 1.784173e-03
45.000 15.000 2.385440e+03 2.497942e+03 -2.303766e-02 6.986265e+01 2.372467e+03 2.503921e+03 -2.695723e-02 6.980576e+01 1.053878e-01 6.985699e-03 3.968757e-05 -1.838256e-03
45.000 45.000 1.776038e+03 2.801849e+03 -2.240795e-01 6.593955e+01 1.777792e+03 2.798212e+03 -2.229938e-01 6.594283e+01 2.893796e-01 7.239489e-03 -1.164149e-05 -7.786815e-03
45.000 75.000 1.804718e+03 3.047617e+03 -2.561445e-01 6.733479e+01 1.822024e+03 3.036584e+03 -2.499810e-01 6.749068e+01 3.958324e-01 6.959002e-03 -6.465115e-05 -9.682617e-03
45.000 105.000 1.450378e+03 2.446636e+03 -2.556464e-01 6.035167e+01 1.474051e+03 2.425155e+03 -2.439224e-01 6.055750e+01 3.962223e-01 6.390227e-03 -1.371301e-04 -1.080117e-02
45.000 135.000 1.627410e+03 2.042517e+03 -1.131105e-01 6.019114e+01 1.651213e+03 2.017939e+03 -9.994860e-02 6.027021e+01 2.904447e-01 6.101212e-03 -1.545200e-04 -6.704560e-03
45.000 165.000 2.147628e+03 2.210659e+03 -1.446227e-02 6.601042e+01 2.167644e+03 2.191211e+03 -5.406555e-03 6.602066e+01 1.068427e-01 6.419290e-03 -9.699768e-05 -1.837663e-03
45.000 195.000 2.132195e+03 1.513626e+03 1.696653e-01 5.950522e+01 2.139974e+03 1.511905e+03 1.719849e-01 5.953033e+01 -1.053877e-01 6.985699e-03 -2.755880e-05 4.622334e-03
45.000 225.000 2.082447e+03 1.836784e+03 6.268126e-02 6.248066e+01 2.077710e+03 1.843669e+03 5.968351e-02 6.250928e+01 -2.893796e-01 7.239489e-03 3.391844e-05 5.634717e-03
45.000 255.000 2.680013e+03 1.687478e+03 2.272552e-01 6.435784e+01 2.664102e+03 1.706401e+03 2.191282e-01 6.450305e+01 -3.958324e-01 6.959002e-03 8.919082e-05 9.681611e-03
45.000 285.000 2.084859e+03 1.616065e+03 1.266692e-01 6.034519e+01 2.066551e+03 1.637454e+03 1.158469e-01 6.045077e+01 -3.962223e-01 6.390227e-03 1.267019e-04 8.665006e-03
45.000 315.000 2.300827e+03 1.755351e+03 1.344804e-01 6.310960e+01 2.278890e+03 1.779129e+03 1.231540e-01 6.321765e+01 -2.904447e-01 6.101212e-03 1.267964e-04 6.733128e-03
45.000 345.000 1.740694e+03 2.353759e+03 -1.497305e-01 6.326656e+01 1.727454e+03 2.376915e+03 -1.582366e-01 6.325821e+01 -1.068427e-01 6.419290e-03 9.507553e-05 -6.778909e-04
75.000 15.000 1.945806e+03 1.772144e+03 4.670897e-02 6.090844e+01 1.916736e+03 1.797708e+03 3.204470e-02 6.091494e+01 1.165902e-01 6.777822e-03 1.702335e-04 -1.147316e-03
75.000 45.000 1.977059e+03 2.157885e+03 -4.373108e-02 6.424202e+01 1.936279e+03 2.176364e+03 -5.837735e-02 6.402053e+01 3.003749e-01 6.621939e-03 1.614885e-04 -5.356400e-03
75.000 75.000 1.484837e+03 2.010956e+03 -1.505006e-01 5.845179e+01 1.463939e+03 2.030583e+03 -1.621523e-01 5.833214e+01 4.036743e-01 6.536720e-03 1.410981e-04 -9.480889e-03
75.000 105.000 1.709156e+03 2.754405e+03 -2.341737e-01 6.495222e+01 1.697092e+03 2.766608e+03 -2.396031e-01 6.486478e+01 3.988096e-01 6.610305e-03 5.914767e-05 -9.745367e-03
75.000 135.000 1.692623e+03 3.424252e+03 -3.384152e-01 6.731171e+01 1.701149e+03 3.421107e+03 -3.357814e-01 6.741458e+01 2.870842e-01 6.766456e-03 -2.764596e-05 -9.292578e-03
75.000 165.000 1.823562e+03 2.285260e+03 -1.123677e-01 6.369413e+01 1.847871e+03 2.263412e+03 -1.010732e-01 6.379093e+01 9.843474e-02 6.848817e-03 -1.252909e-04 -3.309605e-03
75.000 195.000 2.068473e+03 1.657805e+03 1.102086e-01 6.067139e+01 2.097109e+03 1.637821e+03 1.229709e-01 6.065023e+01 -1.165902e-01 6.777822e-03 -1.487667e-04 3.738151e-03
75.000 225.000 2.310748e+03 1.911637e+03 9.452256e-02 6.468894e+01 2.338658e+03 1.881935e+03 1.082131e-01 6.458459e+01 -3.003749e-01 6.621939e-03 -1.497698e-04 6.104558e-03
75.000 255.000 2.887687e+03 1.563630e+03 2.974527e-01 6.369830e+01 2.903789e+03 1.548189e+03 3.044937e-01 6.355475e+01 -4.036743e-01 6.536720e-03 -7.824942e-05 1.100700e-02
75.000 285.000 2.422525e+03 1.958317e+03 1.059633e-01 6.581530e+01 2.422599e+03 1.942275e+03 1.100431e-01 6.566595e+01 -3.988096e-01 6.610305e-03 -4.388254e-05 7.669538e-03
75.000 315.000 2.494852e+03 1.881693e+03 1.401011e-01 6.550299e+01 2.486115e+03 1.891055e+03 1.359463e-01 6.554596e+01 -2.870842e-01 6.766456e-03 4.483612e-05 6.521615e-03
75.000 345.000 1.962001e+03 1.574326e+03 1.096265e-01 5.910860e+01 1.943258e+03 1.592344e+03 9.925156e-02 5.916734e+01 -9.843476e-02 6.848817e-03 1.240523e-04 3.519983e-03
105.000 15.000 1.447337e+03 1.706187e+03 -8.208255e-02 5.596675e+01 1.436798e+03 1.718821e+03 -8.937190e-02 5.595010e+01 9.302926e-02 6.848817e-03 9.211035e-05 -3.128854e-03
105.000 45.000 1.274407e+03 1.714070e+03 -1.471193e-01 5.407212e+01 1.252436e+03 1.734294e+03 -1.613328e-01 5.393506e+01 2.872379e-01 6.766456e-03 1.861063e-04 -8.032924e-03
105.000 75.000 1.032532e+03 1.929890e+03 -3.029136e-01 5.187099e+01 1.004699e+03 1.967484e+03 -3.239319e-01 5.157815e+01 4.044813e-01 6.610305e-03 2.873331e-04 -1.363758e-02
105.000 105.000 1.026867e+03 1.486994e+03 -1.830358e-01 4.929139e+01 1.009432e+03 1.507364e+03 -1.978434e-01 4.917604e+01 4.133444e-01 6.536720e-03 2.126701e-04 -1.209907e-02
105.000 135.000 1.625314e+03 1.280973e+03 1.184815e-01 5.353027e+01 1.595380e+03 1.298542e+03 1.025730e-01 5.351144e+01 3.114521e-01 6.621939e-03 2.101797e-04 -3.604887e-03
105.000 165.000 1.581329e+03 1.387510e+03 6.528468e-02 5.437081e+01 1.570577e+03 1.394363e+03 5.943256e-02 5.435502e+01 1.261065e-01 6.777822e-03 7.611949e-05 -1.118648e-03
105.000 195.000 1.011598e+03 1.131475e+03 -5.593698e-02 4.622086e+01 1.011907e+03 1.127077e+03 -5.384336e-02 4.618207e+01 -9.302924e-02 6.848817e-03 -3.204262e-05 8.025003e-04
105.000 225.000 1.498637e+03 1.626275e+03 -4.084524e-02 5.585426e+01 1.521333e+03 1.602445e+03 -2.596595e-02 5.587193e+01 -2.872379e-01 6.766456e-03 -1.883399e-04 4.411348e-03
105.000 255.000 2.103354e+03 1.230660e+03 2.617546e-01 5.572775e+01 2.138790e+03 1.210895e+03 2.770097e-01 5.561159e+01 -4.044813e-01 6.610305e-03 -1.937679e-04 1.195519e-02
105.000 285.000 1.865322e+03 1.133583e+03 2.440022e-01 5.310705e+01 1.894561e+03 1.110665e+03 2.608443e-01 5.292212e+01 -4.133444e-01 6.536720e-03 -2.246388e-04 1.237776e-02
105.000 315.000 1.143578e+03 1.334928e+03 -7.720365e-02 4.963601e+01 1.158897e+03 1.310449e+03 -6.137344e-02 4.959884e+01 -3.114521e-01 6.621939e-03 -2.255991e-04 4.719325e-03
105.000 345.000 1.388491e+03 1.408642e+03 -7.204084e-03 5.288656e+01 1.397276e+03 1.396409e+03 3.103106e-04 5.285533e+01 -1.261065e-01 6.777822e-03 -1.004990e-04 2.248254e-03
135.000 15.000 1.593754e+03 1.565674e+03 8.887603e-03 5.620657e+01 1.615883e+03 1.547232e+03 2.170338e-02 5.622833e+01 4.711638e-02 6.419290e-03 -1.611977e-04 -6.801479e-04
135.000 45.000 8.653362e+02 1.240677e+03 -1.782234e-01 4.515660e+01 8.736078e+02 1.235221e+03 -1.714759e-01 4.524181e+01 2.326447e-01 6.101212e-03 -1.055597e-04 -9.098738e-03
135.000 75.000 1.672382e+03 1.188118e+03 1.692935e-01 5.271164e+01 1.643464e+03 1.200813e+03 1.556286e-01 5.268195e+01 3.558360e-01 6.390227e-03 1.833609e-04 -3.538925e-03
135.000 105.000 1.165781e+03 1.344187e+03 -7.107914e-02 4.997286e+01 1.134726e+03 1.366968e+03 -9.283412e-02 4.980094e+01 3.836814e-01 6.959002e-03 3.083589e-04 -9.100149e-03
135.000 135.000 1.572379e+03 1.310395e+03 9.087921e-02 5.346929e+01 1.527569e+03 1.338158e+03 6.609519e-02 5.341543e+01 3.087196e-01 7.239490e-03 3.279225e-04 -4.074122e-03
135.000 165.000 1.333614e+03 1.763687e+03 -1.388540e-01 5.511428e+01 1.303592e+03 1.797528e+03 -1.592768e-01 5.497679e+01 1.510367e-01 6.985699e-03 2.623482e-04 -5.259811e-03
135.000 195.000 1.319472e+03 1.616423e+03 -1.011450e-01 5.390603e+01 1.303942e+03 1.633688e+03 -1.122489e-01 5.385737e+01 -4.711636e-02 6.419290e-03 1.457209e-04 -1.002274e-03
135.000 225.000 1.963836e+03 1.391209e+03 1.706765e-01 5.707286e+01 1.969424e+03 1.395972e+03 1.703965e-01 5.716364e+01 -2.326446e-01 6.101212e-03 3.465821e-06 7.066776e-03
135.000 255.000 1.724523e+03 1.264182e+03 1.540270e-01 5.401666e+01 1.754959e+03 1.247288e+03 1.690969e-01 5.400371e+01 -3.558360e-01 6.390227e-03 -1.972966e-04 9.438994e-03
135.000 285.000 1.265239e+03 1.171365e+03 3.852635e-02 4.932532e+01 1.286815e+03 1.139934e+03 6.052588e-02 4.917172e+01 -3.836814e-01 6.959002e-03 -3.158672e-04 8.559654e-03
135.000 315.000 1.862506e+03 9.106799e+02 3.432247e-01 4.946206e+01 1.903769e+03 8.865883e+02 3.645342e-01 4.918903e+01 -3.087196e-01 7.239490e-03 -3.054818e-04 1.318069e-02
135.000 345.000 1.145249e+03 1.498171e+03 -1.335097e-01 5.095391e+01 1.167944e+03 1.465682e+03 -1.130523e-01 5.098986e+01 -1.510367e-01 6.985699e-03 -2.837956e-04 3.439774e-04
165.000 15.000 9.578824e+01 1.421797e+02 -1.949485e-01 1.513024e+01 9.743010e+01 1.407651e+02 -1.819307e-01 1.517601e+01 5.210753e-02 5.292038e-03 -6.074618e-04 -1.632863e-02
165.000 45.000 1.856903e+02 6.879496e+01 4.593404e-01 1.417006e+01 1.849405e+02 6.818316e+01 4.612660e-01 1.411621e+01 2.045476e-01 7.864329e-03 -9.627476e-05 1.798106e-02
165.000 75.000 1.131928e+02 1.577032e+02 -1.643084e-01 1.623523e+01 1.121322e+02 1.581113e+02 -1.701394e-01 1.619940e+01 3.021794e-01 8.869019e-03 2.542413e-04 -2.873306e-02
165.000 105.000 2.596504e+02 8.868730e+01 4.907970e-01 1.626129e+01 2.544042e+02 8.909389e+01 4.812554e-01 1.624628e+01 3.188424e-01 7.850435e-03 4.150970e-04 1.057447e-02
165.000 135.000 1.096422e+02 2.035710e+02 -2.998876e-01 1.688328e+01 1.076040e+02 2.078852e+02 -3.178593e-01 1.684084e+01 2.500719e-01 5.271369e-03 7.536377e-04 -3.257421e-02
165.000 165.000 1.455590e+02 1.539489e+02 -2.801210e-02 1.729950e+01 1.426618e+02 1.561829e+02 -4.524451e-02 1.726942e+01 1.142948e-01 3.312928e-03 7.049770e-04 -8.226066e-03
165.000 195.000 8.142010e+01 7.950997e+01 1.186932e-02 1.268493e+01 8.063562e+01 8.018274e+01 2.816090e-03 1.268137e+01 -5.210751e-02 5.292038e-03 5.047329e-04 5.043531e-03
165.000 225.000 1.087975e+02 1.864822e+02 -2.630884e-01 1.657835e+01 1.086763e+02 1.867751e+02 -2.643371e-01 1.657730e+01 -2.045476e-01 7.864329e-03 5.326172e-05 -3.531158e-03
165.000 255.000 8.843909e+01 0.000000e+00 1.000000e+00 2.000000e+00 8.875850e+01 0.000000e+00 1.000000e+00 2.000000e+00 -3.021794e-01 8.869019e-03 0.000000e+00 6.510833e-01
165.000 285.000 2.594070e+02 1.871306e+02 1.618596e-01 2.085279e+01 2.635129e+02 1.817982e+02 1.835003e-01 2.074407e+01 -3.188424e-01 7.850435e-03 -7.357388e-04 2.305216e-02
165.000 315.000 1.500584e+02 4.840759e+02 -5.267298e-01 2.140554e+01 1.519956e+02 4.732511e+02 -5.138061e-01 2.145189e+01 -2.500719e-01 5.271369e-03 -4.264581e-04 -1.292459e-02
165.000 345.000 7.928600e+01 2.874947e+02 -5.676654e-01 1.576667e+01 8.065909e+01 2.814709e+02 -5.545297e-01 1.583584e+01 -1.142948e-01 3.312928e-03 -5.878212e-04 -2.875500e-02
195.000 15.000 6.974486e+01 6.463845e+00 8.303646e-01 4.864400e+00 6.841700e+01 6.483516e+00 8.268766e-01 4.867152e+00 1.142947e-01 3.312927e-03 5.068947e-04 1.472062e-01
195.000 45.000 2.413878e+02 1.313704e+02 2.951443e-01 1.844687e+01 2.362099e+02 1.337403e+02 2.769823e-01 1.848156e+01 2.500718e-01 5.271369e-03 6.955321e-04 2.443367e-03
195.000 75.000 1.085458e+02 8.512464e+01 1.209329e-01 1.381441e+01 1.061201e+02 8.696603e+01 9.919976e-02 1.382701e+01 3.188424e-01 7.850436e-03 1.111927e-03 -1.432631e-02
195.000 105.000 7.059101e+01 7.769880e+01 -4.793173e-02 1.216343e+01 6.945394e+01 7.822933e+01 -5.942036e-02 1.213103e+01 3.021794e-01 8.869020e-03 6.687681e-04 -2.878390e-02
195.000 135.000 1.182794e+02 0.000000e+00 1.000000e+00 2.000000e+00 1.176526e+02 0.000000e+00 1.000000e+00 2.000000e+00 2.045477e-01 7.864329e-03 0.000000e+00 3.977231e-01
195.000 165.000 3.533137e+02 1.597071e+02 3.773855e-01 2.097514e+01 3.540968e+02 1.584918e+02 3.816025e-01 2.092714e+01 5.210755e-02 5.292037e-03 -1.423222e-04 1.550779e-02
195.000 195.000 2.853378e+02 7.887866e+00 9.461994e-01 5.541003e+00 2.901688e+02 7.803384e+00 9.476234e-01 5.513267e+00 -1.142947e-01 3.312927e-03 -1.821827e-04 1.913902e-01
195.000 225.000 0.000000e+00 0.000000e+00         -nan         -nan 0.000000e+00 0.000000e+00         -nan         -nan -2.500718e-01 5.271368e-03         -nan         -nan
195.000 255.000 1.025276e+02 2.536800e+02 -4.243381e-01 1.708999e+01 1.038104e+02 2.468822e+02 -4.079691e-01 1.709748e+01 -3.188424e-01 7.850435e-03 -6.771260e-04 -6.172951e-03
195.000 285.000 2.946355e+02 1.129785e+02 4.456594e-01 1.807365e+01 2.984416e+02 1.112966e+02 4.567430e-01 1.800725e+01 -3.021794e-01 8.869020e-03 -4.344294e-04 4.137729e-02
195.000 315.000 9.873301e+01 3.603860e+02 -5.699023e-01 1.760688e+01 9.940538e+01 3.592594e+02 -5.665445e-01 1.764783e+01 -2.045477e-01 7.864329e-03 -1.346934e-04 -2.075067e-02
195.000 345.000 2.081082e+02 9.207612e+01 3.865362e-01 1.597917e+01 2.052577e+02 9.303156e+01 3.762326e-01 1.600207e+01 -5.210757e-02 5.292038e-03 4.556228e-04 2.745098e-02
225.000 15.000 1.345253e+03 1.292506e+03 1.999709e-02 5.134885e+01 1.316011e+03 1.319488e+03 -1.319294e-03 5.133707e+01 1.510367e-01 6.985699e-03 2.935741e-04 -2.551948e-03
225.000 45.000 7.645133e+02 1.044778e+03 -1.549028e-01 4.202234e+01 7.486500e+02 1.065290e+03 -1.745593e-01 4.193647e+01 3.087196e-01 7.239489e-03 3.310966e-04 -1.103276e-02
225.000 75.000 8.771443e+02 1.469364e+03 -2.523835e-01 4.687262e+01 8.641569e+02 1.495751e+03 -2.676350e-01 4.680674e+01 3.836813e-01 6.959002e-03 2.302415e-04 -1.357007e-02
225.000 105.000 1.308108e+03 1.584392e+03 -9.551738e-02 5.353606e+01 1.283427e+03 1.604839e+03 -1.112819e-01 5.340879e+01 3.558360e-01 6.390227e-03 2.084655e-04 -8.430829e-03
225.000 135.000 1.547802e+03 1.779426e+03 -6.961466e-02 5.754218e+01 1.555666e+03 1.784000e+03 -6.837029e-02 5.765462e+01 2.326447e-01 6.101212e-03 -1.527655e-05 -5.252830e-03
225.000 165.000 1.203998e+03 1.606005e+03 -1.430629e-01 5.246418e+01 1.219256e+03 1.583440e+03 -1.299408e-01 5.249165e+01 4.711640e-02 6.419290e-03 -1.768118e-04 -3.624936e-03
225.000 195.000 9.981112e+02 8.087889e+02 1.047774e-01 4.227367e+01 1.016775e+03 7.917951e+02 1.243964e-01 4.219696e+01 -1.510367e-01 6.985699e-03 -3.284630e-04 6.051380e-03
225.000 225.000 1.818098e+03 1.171233e+03 2.163912e-01 5.337936e+01 1.858172e+03 1.140735e+03 2.392329e-01 5.317210e+01 -3.087196e-01 7.239489e-03 -3.031677e-04 9.837338e-03
225.000 255.000 1.403694e+03 1.407588e+03 -1.384882e-03 5.302148e+01 1.425001e+03 1.375204e+03 1.778336e-02 5.290859e+01 -3.836813e-01 6.959002e-03 -2.559044e-04 7.210219e-03
225.000 285.000 1.288857e+03 1.427184e+03 -5.092961e-02 5.204802e+01 1.304529e+03 1.403127e+03 -3.641456e-02 5.200064e+01 -3.558360e-01 6.390227e-03 -1.972863e-04 5.858174e-03
225.000 315.000 1.417951e+03 1.489960e+03 -2.476316e-02 5.390852e+01 1.421943e+03 1.489901e+03 -2.333843e-02 5.394680e+01 -2.326447e-01 6.101212e-03 -1.868129e-05 3.856191e-03
225.000 345.000 1.463807e+03 1.360924e+03 3.642240e-02 5.311293e+01 1.444193e+03 1.378270e+03 2.335662e-02 5.311237e+01 -4.711642e-02 6.419290e-03 1.739492e-04 1.572853e-03
255.000 15.000 1.034486e+03 1.019545e+03 7.274157e-03 4.532022e+01 1.025995e+03 1.022253e+03 1.827315e-03 4.525750e+01 1.261065e-01 6.777822e-03 8.504295e-05 -2.622060e-03
255.000 45.000 1.691833e+03 1.461314e+03 7.310750e-02 5.600262e+01 1.652723e+03 1.476127e+03 5.644138e-02 5.584696e+01 3.114521e-01 6.621939e-03 2.107244e-04 -4.255954e-03
255.000 75.000 1.461017e+03 1.926371e+03 -1.373784e-01 5.764945e+01 1.416609e+03 1.953891e+03 -1.594070e-01 5.731364e+01 4.133443e-01 6.536720e-03 2.709827e-04 -9.552959e-03
255.000 105.000 1.161552e+03 1.935306e+03 -2.498515e-01 5.388446e+01 1.139983e+03 1.977711e+03 -2.687011e-01 5.378285e+01 4.044813e-01 6.610305e-03 2.475901e-04 -1.214326e-02
255.000 135.000 1.463850e+03 1.579724e+03 -3.807171e-02 5.512860e+01 1.438233e+03 1.593258e+03 -5.113825e-02 5.498694e+01 2.872379e-01 6.766456e-03 1.678135e-04 -5.900923e-03
255.000 165.000 8.469826e+02 1.067019e+03 -1.149615e-01 4.345924e+01 8.444020e+02 1.069772e+03 -1.177373e-01 4.344697e+01 9.302927e-02 6.848817e-03 4.516966e-05 -4.785881e-03
255.000 195.000 1.562281e+03 1.398531e+03 5.530577e-02 5.433006e+01 1.566010e+03 1.390835e+03 5.924388e-02 5.428137e+01 -1.261065e-01 6.777822e-03 -5.127753e-05 3.339077e-03
255.000 225.000 1.770100e+03 1.150741e+03 2.120481e-01 5.281579e+01 1.792602e+03 1.132877e+03 2.255099e-01 5.269445e+01 -3.114521e-01 6.621939e-03 -1.804357e-04 9.911811e-03
255.000 255.000 1.356129e+03 1.163537e+03 7.643562e-02 5.004942e+01 1.375180e+03 1.137995e+03 9.437674e-02 4.990782e+01 -4.133443e-01 6.536720e-03 -2.538341e-04 9.785926e-03
255.000 285.000 1.552418e+03 1.735500e+03 -5.568335e-02 5.725140e+01 1.581761e+03 1.692363e+03 -3.378050e-02 5.718731e+01 -4.044813e-01 6.610305e-03 -2.706716e-04 6.092392e-03
255.000 315.000 1.634624e+03 1.088594e+03 2.005090e-01 5.112469e+01 1.655169e+03 1.073725e+03 2.130695e-01 5.103926e+01 -2.872379e-01 6.766456e-03 -1.738698e-04 9.540338e-03
255.000 345.000 1.776641e+03 1.612305e+03 4.849165e-02 5.814617e+01 1.787358e+03 1.603515e+03 5.421697e-02 5.814555e+01 -9.302929e-02 6.848817e-03 -6.962518e-05 2.433883e-03
285.000 15.000 1.421411e+03 1.921375e+03 -1.495653e-01 5.716650e+01 1.435680e+03 1.902505e+03 -1.398438e-01 5.720929e+01 9.843472e-02 6.848817e-03 -1.202028e-04 -4.338205e-03
285.000 45.000 2.283384e+03 2.233243e+03 1.110147e-02 6.720172e+01 2.290261e+03 2.223297e+03 1.483612e-02 6.717563e+01 2.870841e-01 6.766456e-03 -3.930416e-05 -4.106780e-03
285.000 75.000 1.592322e+03 1.885013e+03 -8.417098e-02 5.875967e+01 1.586560e+03 1.885942e+03 -8.621510e-02 5.870853e+01 3.988096e-01 6.610305e-03 2.460937e-05 -8.219593e-03
285.000 105.000 1.579526e+03 2.484621e+03 -2.227023e-01 6.214966e+01 1.562210e+03 2.506724e+03 -2.321281e-01 6.204584e+01 4.036744e-01 6.536720e-03 1.073309e-04 -1.007852e-02
285.000 135.000 2.077410e+03 2.542624e+03 -1.006949e-01 6.762536e+01 2.041038e+03 2.571233e+03 -1.149530e-01 6.746350e+01 3.003749e-01 6.621939e-03 1.492641e-04 -5.930760e-03
285.000 165.000 1.796139e+03 2.312784e+03 -1.257373e-01 6.359215e+01 1.771478e+03 2.343669e+03 -1.390451e-01 6.352626e+01 1.165902e-01 6.777822e-03 1.480514e-04 -3.810652e-03
285.000 195.000 1.794566e+03 1.859031e+03 -1.764429e-02 6.043558e+01 1.776586e+03 1.880745e+03 -2.847948e-02 6.045134e+01 -9.843470e-02 6.848817e-03 1.267570e-04 1.336802e-03
285.000 225.000 2.772935e+03 2.075437e+03 1.438622e-01 6.890594e+01 2.768034e+03 2.081276e+03 1.416198e-01 6.893513e+01 -2.870841e-01 6.766456e-03 2.300664e-05 6.254124e-03
285.000 255.000 2.499774e+03 1.632219e+03 2.099604e-01 6.284777e+01 2.507366e+03 1.625859e+03 2.132735e-01 6.281101e+01 -3.988096e-01 6.610305e-03 -3.728707e-05 9.686422e-03
285.000 285.000 2.129513e+03 1.481918e+03 1.793180e-01 5.912111e+01 2.149191e+03 1.469392e+03 1.878632e-01 5.908362e+01 -4.036744e-01 6.536720e-03 -1.022361e-04 9.860984e-03
285.000 315.000 2.663900e+03 1.872188e+03 1.745364e-01 6.631671e+01 2.697403e+03 1.832344e+03 1.909731e-01 6.606469e+01 -3.003749e-01 6.621939e-03 -1.755905e-04 7.161262e-03
285.000 345.000 2.046409e+03 2.543421e+03 -1.082853e-01 6.734991e+01 2.078242e+03 2.499410e+03 -9.200542e-02 6.737137e+01 -1.165902e-01 6.777822e-03 -1.708956e-04 1.233099e-04
315.000 15.000 1.696843e+03 2.003565e+03 -8.288854e-02 6.062165e+01 1.712818e+03 1.988192e+03 -7.440506e-02 6.066730e+01 1.068426e-01 6.419290e-03 -9.891634e-05 -3.129760e-03
315.000 45.000 1.642271e+03 2.804094e+03 -2.612973e-01 6.436445e+01 1.665223e+03 2.776885e+03 -2.502554e-01 6.452836e+01 2.904446e-01 6.101212e-03 -1.211523e-04 -8.572154e-03
315.000 75.000 1.614084e+03 2.713541e+03 -2.540555e-01 6.362627e+01 1.632195e+03 2.688420e+03 -2.444619e-01 6.373702e+01 3.962222e-01 6.390227e-03 -1.065244e-04 -1.022027e-02
315.000 105.000 2.152087e+03 2.214623e+03 -1.432087e-02 6.607431e+01 2.165353e+03 2.205113e+03 -9.097365e-03 6.610676e+01 3.958324e-01 6.959002e-03 -5.588658e-05 -6.207455e-03
315.000 135.000 2.324364e+03 2.014403e+03 7.143994e-02 6.570102e+01 2.324576e+03 2.009278e+03 7.275237e-02 6.565756e+01 2.893796e-01 7.239490e-03 -1.412974e-05 -3.317143e-03
315.000 165.000 1.885836e+03 1.828030e+03 1.556495e-02 6.093412e+01 1.876960e+03 1.836730e+03 1.083305e-02 6.093647e+01 1.053878e-01 6.985699e-03 5.491000e-05 -1.474098e-03
315.000 195.000 1.797028e+03 1.842364e+03 -1.245699e-02 6.032269e+01 1.780816e+03 1.858883e+03 -2.144870e-02 6.031604e+01 -1.068426e-01 6.419290e-03 1.054073e-04 1.564679e-03
315.000 225.000 2.084297e+03 2.083575e+03 1.732215e-04 6.455906e+01 2.063304e+03 2.106817e+03 -1.043436e-02 6.457296e+01 -2.904446e-01 6.101212e-03 1.161709e-04 4.501581e-03
315.000 255.000 2.555409e+03 1.502702e+03 2.594082e-01 6.152260e+01 2.542427e+03 1.522057e+03 2.510454e-01 6.171163e+01 -3.962222e-01 6.390227e-03 9.597002e-05 1.065674e-02
315.000 285.000 2.340398e+03 1.903491e+03 1.029496e-01 6.479899e+01 2.326050e+03 1.918542e+03 9.600618e-02 6.484959e+01 -3.958324e-01 6.959002e-03 7.573927e-05 7.697373e-03
315.000 315.000 2.156454e+03 1.850530e+03 7.634774e-02 6.311598e+01 2.154976e+03 1.853270e+03 7.527133e-02 6.313111e+01 -2.893796e-01 7.239490e-03 1.205788e-05 5.794529e-03
315.000 345.000 2.068989e+03 2.033631e+03 8.618228e-03 6.404932e+01 2.078293e+03 2.024821e+03 1.303188e-02 6.405011e+01 -1.053878e-01 6.985699e-03 -4.872661e-05 1.779973e-03
345.000 15.000 1.384585e+03 1.759094e+03 -1.191306e-01 5.566923e+01 1.390101e+03 1.753858e+03 -1.157003e-01 5.569446e+01 1.155793e-01 5.292039e-03 -4.356181e-05 -4.216151e-03
345.000 45.000 1.082888e+03 1.893790e+03 -2.724184e-01 5.249546e+01 1.097701e+03 1.879586e+03 -2.626167e-01 5.264932e+01 3.048139e-01 7.864329e-03 -1.318348e-04 -1.099585e-02
345.000 75.000 1.206370e+03 1.798894e+03 -1.971618e-01 5.374422e+01 1.231877e+03 1.780305e+03 -1.820698e-01 5.396601e+01 4.123739e-01 8.869019e-03 -1.981537e-04 -1.134142e-02
345.000 105.000 1.016558e+03 1.892679e+03 -3.011516e-01 5.143337e+01 1.034809e+03 1.869408e+03 -2.873748e-01 5.161758e+01 4.094387e-01 7.850435e-03 -1.890646e-04 -1.381574e-02
345.000 135.000 1.108286e+03 1.347716e+03 -9.748768e-02 4.932200e+01 1.121660e+03 1.336562e+03 -8.742205e-02 4.939063e+01 2.967947e-01 5.271369e-03 -1.442058e-04 -7.994045e-03
345.000 165.000 1.347761e+03 1.497312e+03 -5.256515e-02 5.326548e+01 1.355184e+03 1.492352e+03 -4.817068e-02 5.330036e+01 1.046248e-01 3.312929e-03 -5.831802e-05 -2.951065e-03
345.000 195.000 1.172600e+03 1.478987e+03 -1.155485e-01 5.114865e+01 1.168340e+03 1.484544e+03 -1.191926e-01 5.113898e+01 -1.155792e-01 5.292038e-03 5.038299e-05 6.012562e-07
345.000 225.000 1.757438e+03 1.304012e+03 1.481081e-01 5.472014e+01 1.741723e+03 1.317672e+03 1.386061e-01 5.477790e+01 -3.048139e-01 7.864329e-03 1.227216e-04 8.277061e-03
345.000 255.000 2.298844e+03 1.155995e+03 3.307966e-01 5.546880e+01 2.274108e+03 1.175241e+03 3.185722e-01 5.567118e+01 -4.123739e-01 8.869019e-03 1.555505e-04 1.339799e-02
345.000 285.000 1.730807e+03 1.539885e+03 5.837345e-02 5.709244e+01 1.710207e+03 1.569929e+03 4.276583e-02 5.722008e+01 -4.094387e-01 7.850435e-03 1.930890e-04 8.193941e-03
345.000 315.000 1.816622e+03 1.288556e+03 1.700596e-01 5.491243e+01 1.797861e+03 1.304061e+03 1.591916e-01 5.498466e+01 -2.967947e-01 5.271369e-03 1.398558e-04 8.501797e-03
345.000 345.000 1.809540e+03 1.558394e+03 7.456963e-02 5.787233e+01 1.802260e+03 1.565955e+03 7.015748e-02 5.789332e+01 -1.046248e-01 3.312929e-03 5.389962e-05 3.096375e-03
