  #t  #Q2   A1M1_AVG      A_1M1     dA_1M1   A0P1_AVG      A_0P1     dA_0P1   A2M1_AVG      A_2M1     dA_2M1   A3M1_AVG      A_3M1     dA_3M1   A1P1_AVG      A_1P1     dA_1P1       Asym      Astat          t         tp         xb         Q2          W     Dilute
   6    0 -8.172e-02 -1.338e-02 1.6013e-02  3.777e-01  4.940e-01 1.5178e-02 -1.372e-02 -4.393e-02 1.5376e-02 -1.026e-03  1.546e-03 1.4928e-02  2.984e-02  3.705e-02 1.4952e-02 1.3137e-01 1.0917e-02 3.7581e-01 5.0371e-02 4.2898e-01 5.2383e+00 2.7979e+00 7.1923e-01
   Phi   PhiS      N_U_avg      N_D_avg     Asym_avg    dAsym_avg      N_U_fit      N_D_fit     Asym_fit    dAsym_fit     Asym_cal    dAsym_cal     GOOD_fit     GOOD_cal
15.000 15.000 5.863591e+01 6.411245e+01 -4.461598e-02 1.106815e+01 5.835831e+01 6.477139e+01 -5.208391e-02 1.108132e+01 1.357847e-01 1.195287e-02 4.768172e-04 -1.629907e-02
15.000 45.000 1.976190e+01 1.103863e+02 -6.963171e-01 8.188094e+00 1.922101e+01 1.130169e+02 -7.092966e-01 8.106098e+00 3.994569e-01 1.904728e-02 1.126503e-03 -1.338249e-01
15.000 75.000 9.897941e+00 1.313331e+02 -8.598333e-01 6.067705e+00 9.616921e+00 1.355976e+02 -8.675487e-01 5.993341e+00 5.560950e-01 2.836787e-02 9.046504e-04 -2.333523e-01
15.000 105.000 1.083935e+01 0.000000e+00 1.000000e+00 2.000000e+00 1.038460e+01 0.000000e+00 1.000000e+00 2.000000e+00 5.637279e-01 3.204287e-02 0.000000e+00 2.181081e-01
15.000 135.000 1.938337e+01 1.038220e+02 -6.853488e-01 8.083036e+00 1.878485e+01 1.057492e+02 -6.983179e-01 7.987822e+00 4.203103e-01 2.840454e-02 1.141244e-03 -1.367868e-01
15.000 165.000 4.347738e+01 1.512121e+01 4.839054e-01 6.699021e+00 4.242652e+01 1.513392e+01 4.741556e-01 6.679782e+00 1.642710e-01 1.910185e-02 1.030611e-03 4.771342e-02
15.000 195.000 9.139254e+01 4.421654e+01 3.478823e-01 1.091776e+01 9.220307e+01 4.380054e+01 3.558915e-01 1.089851e+01 -1.357847e-01 1.195287e-02 -5.191813e-04 4.430093e-02
15.000 225.000 7.636989e+01 5.475343e+01 1.648560e-01 1.129423e+01 7.816645e+01 5.308924e+01 1.910562e-01 1.124564e+01 -3.994569e-01 1.904728e-02 -1.643869e-03 4.996462e-02
15.000 255.000 1.307425e+02 3.955841e+01 5.354293e-01 1.102172e+01 1.345911e+02 3.801150e+01 5.595490e-01 1.088860e+01 -5.560950e-01 2.836787e-02 -1.556789e-03 9.903362e-02
15.000 285.000 6.578835e+01 3.965332e+01 2.478624e-01 9.948054e+00 6.720196e+01 3.801852e+01 2.773551e-01 9.855268e+00 -5.637279e-01 3.204287e-02 -2.106140e-03 8.158239e-02
15.000 315.000 2.732474e+01 1.930677e+01 1.719431e-01 6.727026e+00 2.787306e+01 1.871318e+01 1.966221e-01 6.692175e+00 -4.203103e-01 2.840454e-02 -2.600836e-03 8.804013e-02
15.000 345.000 5.798089e+01 3.920734e+01 1.931669e-01 9.672735e+00 5.790026e+01 3.903351e+01 1.946355e-01 9.657206e+00 -1.642710e-01 1.910185e-02 -1.074488e-04 3.695306e-02
45.000 15.000 1.899664e+01 7.225672e+01 -5.836506e-01 7.756809e+00 1.885974e+01 7.375302e+01 -5.927183e-01 7.750904e+00 1.121586e-01 2.519773e-02 8.269177e-04 -8.970256e-02
45.000 45.000 0.000000e+00 5.193794e+01 -1.000000e+00 2.000000e+00 0.000000e+00 5.290776e+01 -1.000000e+00 2.000000e+00 3.568435e-01 2.607305e-02 0.000000e+00 -6.783641e-01
45.000 75.000 9.397970e+01 1.084712e+02 -7.158029e-02 1.419203e+01 8.951262e+01 1.113883e+02 -1.088880e-01 1.408967e+01 5.059126e-01 2.509356e-02 1.865545e-03 -4.069130e-02
45.000 105.000 5.233845e+01 1.541672e+02 -4.931038e-01 1.250174e+01 5.046131e+01 1.573290e+02 -5.143054e-01 1.236235e+01 5.194227e-01 2.312339e-02 1.205878e-03 -8.099071e-02
45.000 135.000 2.424561e+01 3.914685e+01 -2.350632e-01 7.738845e+00 2.391557e+01 3.955147e+01 -2.463624e-01 7.721071e+00 3.937540e-01 2.213171e-02 1.033604e-03 -8.125432e-02
45.000 165.000 1.417963e+02 1.393166e+02 8.820935e-03 1.676577e+01 1.428019e+02 1.394684e+02 1.180964e-02 1.679973e+01 1.625792e-01 2.323640e-02 -1.259228e-04 -9.170953e-03
45.000 195.000 5.071669e+01 4.202459e+01 9.372415e-02 9.587837e+00 5.168669e+01 4.157338e+01 1.084419e-01 9.600175e+00 -1.121586e-01 2.519773e-02 -1.084744e-03 2.147325e-02
45.000 225.000 7.278086e+01 8.121295e+01 -5.475606e-02 1.239081e+01 7.400039e+01 7.852606e+01 -2.967139e-02 1.234472e+01 -3.568435e-01 2.607305e-02 -1.434173e-03 2.437991e-02
45.000 255.000 3.977868e+01 7.754149e+01 -3.218782e-01 1.025501e+01 4.067110e+01 7.325085e+01 -2.859831e-01 1.022764e+01 -5.059125e-01 2.509356e-02 -2.478357e-03 1.794575e-02
45.000 285.000 4.131560e+01 0.000000e+00 1.000000e+00 2.000000e+00 4.247134e+01 0.000000e+00 1.000000e+00 2.000000e+00 -5.194227e-01 2.312339e-02 0.000000e+00 7.596606e-01
45.000 315.000 5.025218e+01 1.379551e+02 -4.659912e-01 1.213831e+01 5.087153e+01 1.350379e+02 -4.527279e-01 1.215751e+01 -3.937540e-01 2.213171e-02 -7.720349e-04 -5.951171e-03
45.000 345.000 2.955062e+01 7.370616e+01 -4.276286e-01 9.185565e+00 2.962825e+01 7.355304e+01 -4.257049e-01 9.191425e+00 -1.625792e-01 2.323640e-02 -1.480346e-04 -2.885489e-02
75.000 15.000 1.460957e+02 7.767274e+01 3.057756e-01 1.424241e+01 1.386992e+02 8.023930e+01 2.670152e-01 1.425934e+01 1.214830e-01 2.460139e-02 1.923230e-03 1.293968e-02
75.000 45.000 6.143962e+01 3.814103e+01 2.339670e-01 9.702038e+00 5.950617e+01 3.896864e+01 2.085562e-01 9.705234e+00 3.322739e-01 2.382322e-02 1.851691e-03 -1.013257e-02
75.000 75.000 9.096454e+01 2.095505e+01 6.255338e-01 8.253865e+00 8.846187e+01 2.122101e+01 6.130478e-01 8.274118e+00 4.540322e-01 2.339072e-02 1.068362e-03 2.077826e-02
75.000 105.000 4.974849e+01 6.827659e+01 -1.569844e-01 1.072923e+01 4.877156e+01 6.880021e+01 -1.703526e-01 1.068456e+01 4.541330e-01 2.375686e-02 8.828580e-04 -5.695802e-02
75.000 135.000 9.534201e+01 6.164272e+01 2.146660e-01 1.223726e+01 9.443366e+01 6.302115e+01 1.995018e-01 1.229585e+01 3.325493e-01 2.453713e-02 8.741419e-04 -9.633119e-03
75.000 165.000 5.246524e+01 1.676389e+02 -5.232689e-01 1.264268e+01 5.298345e+01 1.655412e+02 -5.150803e-01 1.267077e+01 1.218592e-01 2.494977e-02 -4.574782e-04 -5.102770e-02
75.000 195.000 1.898115e+02 1.897482e+02 1.667456e-04 1.948229e+01 1.966548e+02 1.830903e+02 3.571987e-02 1.947461e+01 -1.214830e-01 2.460139e-02 -1.290650e-03 6.244111e-03
75.000 225.000 3.539806e+01 1.447324e+02 -6.069731e-01 1.066618e+01 3.655542e+01 1.378519e+02 -5.808041e-01 1.075053e+01 -3.322738e-01 2.382322e-02 -1.728008e-03 -2.575416e-02
75.000 255.000 2.063839e+02 5.528790e+01 5.774255e-01 1.320701e+01 2.135439e+02 5.285766e+01 6.031731e-01 1.301845e+01 -4.540322e-01 2.339072e-02 -1.388406e-03 7.809914e-02
75.000 285.000 7.953555e+01 0.000000e+00 1.000000e+00 2.000000e+00 8.088315e+01 0.000000e+00 1.000000e+00 2.000000e+00 -4.541330e-01 2.375686e-02 0.000000e+00 7.270152e-01
75.000 315.000 1.590160e+02 1.265292e+02 1.137714e-01 1.678836e+01 1.601466e+02 1.269819e+02 1.155044e-01 1.683145e+01 -3.325493e-01 2.453713e-02 -7.290003e-05 2.658509e-02
75.000 345.000 1.595135e+02 1.072543e+02 1.958980e-01 1.601656e+01 1.577207e+02 1.096918e+02 1.796064e-01 1.608683e+01 -1.218592e-01 2.494977e-02 7.176732e-04 1.983926e-02
105.000 15.000 0.000000e+00 1.750491e+01 -1.000000e+00 2.000000e+00 0.000000e+00 1.813305e+01 -1.000000e+00 2.000000e+00 1.565939e-01 2.494977e-02 0.000000e+00 -5.782520e-01
105.000 45.000 4.055258e+01 0.000000e+00 1.000000e+00 2.000000e+00 3.825129e+01 0.000000e+00 1.000000e+00 2.000000e+00 3.433324e-01 2.453713e-02 0.000000e+00 3.283091e-01
105.000 75.000 5.111369e+01 2.872913e+01 2.803577e-01 8.577129e+00 4.600672e+01 2.960919e+01 2.168530e-01 8.488819e+00 4.380753e-01 2.375686e-02 5.262417e-03 -1.838808e-02
105.000 105.000 3.195631e+01 1.182523e+02 -5.745077e-01 1.003150e+01 3.142157e+01 1.222923e+02 -5.911681e-01 9.999700e+00 4.154362e-01 2.339072e-02 1.176232e-03 -9.868331e-02
105.000 135.000 4.444870e+01 2.563306e+01 2.684814e-01 8.064125e+00 4.464263e+01 2.542353e+01 2.742993e-01 8.049496e+00 2.814814e-01 2.382322e-02 -5.106112e-04 -1.612078e-03
105.000 165.000 8.365016e+00 0.000000e+00 1.000000e+00 2.000000e+00 8.553602e+00 0.000000e+00 1.000000e+00 2.000000e+00 7.210385e-02 2.460139e-02 0.000000e+00 4.639130e-01
105.000 195.000 1.263635e+02 0.000000e+00 1.000000e+00 2.000000e+00 1.329773e+02 0.000000e+00 1.000000e+00 2.000000e+00 -1.565939e-01 2.494977e-02 0.000000e+00 5.782519e-01
105.000 225.000 4.528173e+01 4.862222e+00 8.060695e-01 4.190826e+00 4.764388e+01 4.630812e+00 8.228278e-01 4.108813e+00 -3.433324e-01 2.453713e-02 -2.855380e-03 2.742615e-01
105.000 255.000 6.118054e+00 8.272390e+01 -8.622711e-01 4.773568e+00 6.206370e+00 7.695569e+01 -8.507403e-01 4.792991e+00 -4.380753e-01 2.375686e-02 -1.704570e-03 -8.886237e-02
105.000 285.000 1.510766e+02 8.431012e+00 8.942870e-01 5.651682e+00 1.584878e+02 8.381429e+00 8.995450e-01 5.642854e+00 -4.154363e-01 2.339072e-02 -6.583537e-04 2.317384e-01
105.000 315.000 1.993391e+02 1.262779e+02 2.243779e-01 1.758476e+01 2.006424e+02 1.248290e+02 2.329342e-01 1.754457e+01 -2.814814e-01 2.382322e-02 -3.444545e-04 2.876690e-02
105.000 345.000 0.000000e+00 6.848467e+01 -1.000000e+00 2.000000e+00 0.000000e+00 7.050493e+01 -1.000000e+00 2.000000e+00 -7.210387e-02 2.460139e-02 0.000000e+00 -4.639130e-01
135.000 15.000 0.000000e+00 5.994592e+00 -1.000000e+00 2.000000e+00 0.000000e+00 6.280291e+00 -1.000000e+00 2.000000e+00 1.780003e-01 2.323640e-02 0.000000e+00 -5.889604e-01
135.000 45.000 5.579576e+01 3.551994e+01 2.220409e-01 9.317384e+00 5.194863e+01 3.728665e+01 1.643071e-01 9.318058e+00 3.669939e-01 2.213171e-02 4.381327e-03 -1.555722e-02
135.000 75.000 1.097566e+01 6.073817e+01 -6.939038e-01 6.097823e+00 1.019885e+01 6.434459e+01 -7.263650e-01 5.934127e+00 4.576519e-01 2.312338e-02 3.815075e-03 -1.888457e-01
135.000 105.000 7.739392e+00 8.036183e+01 -8.243068e-01 5.313949e+00 7.358012e+00 8.370811e+01 -8.384029e-01 5.201344e+00 4.256823e-01 2.509356e-02 1.895686e-03 -2.352253e-01
135.000 135.000 0.000000e+00 6.020752e+01 -1.000000e+00 2.000000e+00 0.000000e+00 6.090134e+01 -1.000000e+00 2.000000e+00 2.796516e-01 2.607305e-02 0.000000e+00 -6.397714e-01
135.000 165.000 6.531765e+00 0.000000e+00 1.000000e+00 2.000000e+00 6.664952e+00 0.000000e+00 1.000000e+00 2.000000e+00 5.868839e-02 2.519773e-02 0.000000e+00 4.706185e-01
135.000 195.000 4.861040e+01 0.000000e+00 1.000000e+00 2.000000e+00 5.133795e+01 0.000000e+00 1.000000e+00 2.000000e+00 -1.780003e-01 2.323640e-02 0.000000e+00 5.889604e-01
135.000 225.000 1.890953e+01 6.094278e+01 -5.263873e-01 7.597799e+00 2.001254e+01 5.632941e+01 -4.757132e-01 7.685411e+00 -3.669939e-01 2.213171e-02 -4.688993e-03 -2.097880e-02
135.000 255.000 1.682279e+01 3.861054e+01 -3.930443e-01 6.846150e+00 1.767651e+01 3.461725e+01 -3.239535e-01 6.841472e+00 -4.576519e-01 2.312338e-02 -7.138509e-03 9.437007e-03
135.000 285.000 6.567067e+01 8.170244e+01 -1.087835e-01 1.206769e+01 6.858588e+01 7.540740e+01 -4.737387e-02 1.198625e+01 -4.256823e-01 2.509356e-02 -3.610463e-03 2.626005e-02
135.000 315.000 1.094594e+02 4.818843e+01 3.886574e-01 1.156868e+01 1.146911e+02 4.692876e+01 4.192699e-01 1.154163e+01 -2.796516e-01 2.607305e-02 -1.873305e-03 5.776866e-02
135.000 345.000 8.136954e+01 5.116779e+01 2.278736e-01 1.120960e+01 7.888003e+01 5.303728e+01 1.959011e-01 1.126298e+01 -5.868842e-02 2.519773e-02 2.012041e-03 2.556392e-02
165.000 15.000 0.000000e+00 3.558557e+01 -1.000000e+00 2.000000e+00 0.000000e+00 3.641859e+01 -1.000000e+00 2.000000e+00 1.535687e-01 1.910185e-02 0.000000e+00 -5.767580e-01
165.000 45.000 0.000000e+00 0.000000e+00         -nan         -nan 0.000000e+00 0.000000e+00         -nan         -nan 3.631774e-01 2.840454e-02         -nan         -nan
165.000 75.000 0.000000e+00 8.836169e+01 -1.000000e+00 2.000000e+00 0.000000e+00 9.499257e+01 -1.000000e+00 2.000000e+00 4.754731e-01 3.204287e-02 0.000000e+00 -7.376419e-01
165.000 105.000 4.271453e+01 2.925120e+01 1.870797e-01 8.333488e+00 3.778025e+01 3.107695e+01 9.735072e-02 8.258609e+00 4.603661e-01 2.836787e-02 7.647900e-03 -3.279357e-02
165.000 135.000 0.000000e+00 0.000000e+00         -nan         -nan 0.000000e+00 0.000000e+00         -nan         -nan 3.219044e-01 1.904728e-02         -nan         -nan
165.000 165.000 2.971597e+01 6.477758e+01 -3.710476e-01 9.026851e+00 2.908958e+01 6.538830e+01 -3.842034e-01 8.973950e+00 9.718871e-02 1.195287e-02 1.033568e-03 -5.187146e-02
165.000 195.000 0.000000e+00 7.625151e+00 -1.000000e+00 2.000000e+00 0.000000e+00 7.309253e+00 -1.000000e+00 2.000000e+00 -1.535687e-01 1.910185e-02 0.000000e+00 -4.231964e-01
165.000 225.000 3.105531e+01 0.000000e+00 1.000000e+00 2.000000e+00 3.272676e+01 0.000000e+00 1.000000e+00 2.000000e+00 -3.631774e-01 2.840454e-02 0.000000e+00 6.815200e-01
165.000 255.000 4.415495e+01 5.555743e+00 7.764769e-01 4.442893e+00 4.828007e+01 5.134744e+00 8.077408e-01 4.308663e+00 -4.754731e-01 3.204287e-02 -5.051521e-03 2.817798e-01
165.000 285.000 1.280934e+01 0.000000e+00 1.000000e+00 2.000000e+00 1.341368e+01 0.000000e+00 1.000000e+00 2.000000e+00 -4.603661e-01 2.836787e-02 0.000000e+00 7.301096e-01
165.000 315.000 6.471428e+01 0.000000e+00 1.000000e+00 2.000000e+00 7.012796e+01 0.000000e+00 1.000000e+00 2.000000e+00 -3.219045e-01 1.904728e-02 0.000000e+00 6.609223e-01
165.000 345.000 0.000000e+00 6.700567e+01 -1.000000e+00 2.000000e+00 0.000000e+00 6.610465e+01 -1.000000e+00 2.000000e+00 -9.718873e-02 1.195287e-02 0.000000e+00 -4.513976e-01
195.000 15.000 7.278707e+00 1.627801e+01 -3.820270e-01 4.485392e+00 7.198628e+00 1.658090e+01 -3.945526e-01 4.480818e+00 9.718869e-02 1.195287e-02 1.975618e-03 -1.068388e-01
195.000 45.000 1.017003e+01 0.000000e+00 1.000000e+00 2.000000e+00 9.680234e+00 0.000000e+00 1.000000e+00 2.000000e+00 3.219044e-01 1.904728e-02 0.000000e+00 3.390324e-01
195.000 75.000 1.719881e+01 0.000000e+00 1.000000e+00 2.000000e+00 1.596897e+01 0.000000e+00 1.000000e+00 2.000000e+00 4.603661e-01 2.836787e-02 0.000000e+00 2.697898e-01
195.000 105.000 6.043546e+01 0.000000e+00 1.000000e+00 2.000000e+00 5.216694e+01 0.000000e+00 1.000000e+00 2.000000e+00 4.754731e-01 3.204287e-02 0.000000e+00 2.622298e-01
195.000 135.000 7.398918e+01 0.000000e+00 1.000000e+00 2.000000e+00 6.577963e+01 0.000000e+00 1.000000e+00 2.000000e+00 3.631775e-01 2.840454e-02 0.000000e+00 3.183792e-01
195.000 165.000 0.000000e+00 8.268431e+00 -1.000000e+00 2.000000e+00 0.000000e+00 8.376660e+00 -1.000000e+00 2.000000e+00 1.535687e-01 1.910185e-02 0.000000e+00 -5.767580e-01
195.000 195.000 3.667852e+01 1.321312e+01 4.703273e-01 6.233396e+00 3.692875e+01 1.338117e+01 4.680506e-01 6.268051e+00 -9.718867e-02 1.195287e-02 2.575508e-04 9.104426e-02
195.000 225.000 2.183870e+01 3.276634e+01 -2.001215e-01 7.240040e+00 2.285386e+01 3.095161e+01 -1.505004e-01 7.251673e+00 -3.219044e-01 1.904728e-02 -4.842404e-03 1.682070e-02
195.000 255.000 1.788015e+01 0.000000e+00 1.000000e+00 2.000000e+00 1.907837e+01 0.000000e+00 1.000000e+00 2.000000e+00 -4.603661e-01 2.836787e-02 0.000000e+00 7.301096e-01
195.000 285.000 4.974679e+01 0.000000e+00 1.000000e+00 2.000000e+00 5.253436e+01 0.000000e+00 1.000000e+00 2.000000e+00 -4.754731e-01 3.204287e-02 0.000000e+00 7.376419e-01
195.000 315.000 9.751403e+01 7.345567e+01 1.407171e-01 1.294543e+01 1.083169e+02 6.665289e+01 2.381212e-01 1.284713e+01 -3.631775e-01 2.840454e-02 -5.340657e-03 3.892441e-02
195.000 345.000 1.235111e+02 0.000000e+00 1.000000e+00 2.000000e+00 1.290222e+02 0.000000e+00 1.000000e+00 2.000000e+00 -1.535687e-01 1.910185e-02 0.000000e+00 5.767581e-01
225.000 15.000 1.481815e+01 1.388451e+01 3.252825e-02 5.354651e+00 1.527864e+01 1.349554e+01 6.196886e-02 5.353847e+00 5.868837e-02 2.519773e-02 -3.888062e-03 -4.885441e-03
225.000 45.000 9.227491e+01 1.029195e+02 -5.453331e-02 1.395041e+01 8.877723e+01 1.073419e+02 -9.466027e-02 1.394137e+01 2.796515e-01 2.607305e-02 2.034581e-03 -2.395516e-02
225.000 75.000 3.905618e+01 5.850103e+00 7.394528e-01 4.511314e+00 3.649238e+01 5.956574e+00 7.193535e-01 4.525805e+00 4.256823e-01 2.509356e-02 3.145317e-03 6.955082e-02
225.000 105.000 7.298725e+01 0.000000e+00 1.000000e+00 2.000000e+00 6.460592e+01 0.000000e+00 1.000000e+00 2.000000e+00 4.576519e-01 2.312339e-02 0.000000e+00 2.711559e-01
225.000 135.000 6.606348e+00 1.151204e+02 -8.914561e-01 4.999123e+00 6.273573e+00 1.250970e+02 -9.044904e-01 4.888345e+00 3.669940e-01 2.213171e-02 1.864186e-03 -2.517317e-01
225.000 165.000 7.798841e+01 9.028409e+01 -7.307003e-02 1.293731e+01 7.391801e+01 9.657724e+01 -1.329024e-01 1.294155e+01 1.780003e-01 2.323640e-02 3.269686e-03 -1.940665e-02
225.000 195.000 0.000000e+00 8.039081e+01 -1.000000e+00 2.000000e+00 0.000000e+00 8.062905e+01 -1.000000e+00 2.000000e+00 -5.868835e-02 2.519773e-02 0.000000e+00 -4.706185e-01
225.000 225.000 0.000000e+00 0.000000e+00         -nan         -nan 0.000000e+00 0.000000e+00         -nan         -nan -2.796515e-01 2.607305e-02         -nan         -nan
225.000 255.000 6.371065e+01 3.237393e+01 3.261369e-01 9.266311e+00 6.675587e+01 2.989382e+01 3.813985e-01 9.087935e+00 -4.256823e-01 2.509356e-02 -4.257763e-03 8.113439e-02
225.000 285.000 7.877982e+01 0.000000e+00 1.000000e+00 2.000000e+00 8.514072e+01 0.000000e+00 1.000000e+00 2.000000e+00 -4.576519e-01 2.312339e-02 0.000000e+00 7.287772e-01
225.000 315.000 2.133194e+01 7.365485e+01 -5.508440e-01 8.134189e+00 2.254800e+01 6.643726e+01 -4.932195e-01 8.205987e+00 -3.669940e-01 2.213171e-02 -4.987253e-03 -2.260205e-02
225.000 345.000 0.000000e+00 1.769846e+01 -1.000000e+00 2.000000e+00 0.000000e+00 1.669955e+01 -1.000000e+00 2.000000e+00 -1.780004e-01 2.323640e-02 0.000000e+00 -4.109721e-01
255.000 15.000 0.000000e+00 9.726847e+01 -1.000000e+00 2.000000e+00 0.000000e+00 9.565791e+01 -1.000000e+00 2.000000e+00 7.210382e-02 2.460139e-02 0.000000e+00 -5.360114e-01
255.000 45.000 7.806654e+01 4.406381e+01 2.784134e-01 1.061431e+01 7.546696e+01 4.441492e+01 2.590220e-01 1.057538e+01 2.814814e-01 2.382322e-02 1.294197e-03 -2.890379e-04
255.000 75.000 4.124032e+01 6.825632e+01 -2.467290e-01 1.014056e+01 3.980938e+01 7.170243e+01 -2.860061e-01 1.011880e+01 4.154362e-01 2.339072e-02 2.741749e-03 -6.529850e-02
255.000 105.000 5.959519e+01 1.143227e+02 -3.146743e-01 1.251785e+01 5.464151e+01 1.189261e+02 -3.703722e-01 1.223758e+01 4.380753e-01 2.375686e-02 3.181671e-03 -6.013400e-02
255.000 135.000 7.668314e+00 1.627428e+01 -3.594417e-01 4.566098e+00 7.353187e+00 1.688494e+01 -3.932546e-01 4.526557e+00 3.433324e-01 2.453713e-02 5.258989e-03 -1.539091e-01
255.000 165.000 2.360581e+02 2.524027e+01 8.068089e-01 9.550323e+00 2.194472e+02 2.626804e+01 7.861913e-01 9.687078e+00 1.565939e-01 2.494977e-02 1.515640e-03 6.808280e-02
255.000 195.000 5.960049e+01 0.000000e+00 1.000000e+00 2.000000e+00 5.741804e+01 0.000000e+00 1.000000e+00 2.000000e+00 -7.210380e-02 2.460139e-02 0.000000e+00 5.360113e-01
255.000 225.000 1.824230e+02 3.485615e+01 6.791578e-01 1.081933e+01 1.842436e+02 3.494748e+01 6.811232e-01 1.083984e+01 -2.814814e-01 2.382322e-02 -1.283279e-04 8.878892e-02
255.000 255.000 1.433279e+02 1.438493e+02 -1.815448e-03 1.694628e+01 1.484729e+02 1.375166e+02 3.831001e-02 1.689881e+01 -4.154362e-01 2.339072e-02 -1.676637e-03 2.440774e-02
255.000 285.000 6.272783e+00 8.982926e+00 -1.776478e-01 3.843730e+00 6.375979e+00 8.697555e+00 -1.540167e-01 3.836140e+00 -4.380753e-01 2.375686e-02 -4.351560e-03 6.775257e-02
255.000 315.000 1.536924e+02 4.713460e+01 5.305950e-01 1.201199e+01 1.630073e+02 4.443030e+01 5.716274e-01 1.181760e+01 -3.433324e-01 2.453713e-02 -2.435063e-03 7.275443e-02
255.000 345.000 1.055788e+02 3.532646e+01 4.985785e-01 1.028975e+01 1.128520e+02 3.407476e+01 5.361666e-01 1.023177e+01 -1.565939e-01 2.494977e-02 -2.590323e-03 6.367216e-02
285.000 15.000 1.567713e+02 1.185241e+02 1.389313e-01 1.643112e+01 1.592860e+02 1.164502e+02 1.553509e-01 1.640371e+01 1.218592e-01 2.494977e-02 -7.072028e-04 1.039010e-03
285.000 45.000 3.388099e+01 1.631651e+02 -6.561110e-01 1.059346e+01 3.401557e+01 1.642131e+02 -6.568047e-01 1.061670e+01 3.325492e-01 2.453713e-02 4.625511e-05 -9.332718e-02
285.000 75.000 8.453026e+01 1.241498e+02 -1.898579e-01 1.418302e+01 8.243968e+01 1.270800e+02 -2.130602e-01 1.414244e+01 4.541330e-01 2.375686e-02 1.158425e-03 -4.540571e-02
285.000 105.000 3.282554e+01 1.228055e+02 -5.781622e-01 1.017880e+01 3.199421e+01 1.270337e+02 -5.976277e-01 1.011087e+01 4.540322e-01 2.339072e-02 1.356758e-03 -1.014060e-01
285.000 135.000 1.603825e+02 1.057681e+02 2.052011e-01 1.596695e+01 1.536518e+02 1.106141e+02 1.628578e-01 1.603923e+01 3.322739e-01 2.382322e-02 1.870960e-03 -7.958476e-03
285.000 165.000 9.912529e+01 1.078890e+02 -4.233375e-02 1.437509e+01 9.526848e+01 1.112008e+02 -7.716556e-02 1.432619e+01 1.214830e-01 2.460139e-02 1.716284e-03 -1.139586e-02
285.000 195.000 1.161288e+02 6.962735e+01 2.503361e-01 1.319527e+01 1.147961e+02 7.087698e+01 2.365399e-01 1.323950e+01 -1.218591e-01 2.494977e-02 7.380695e-04 2.820666e-02
285.000 225.000 9.654898e+01 6.310701e+01 2.094627e-01 1.235521e+01 9.682729e+01 6.246268e+01 2.157361e-01 1.232381e+01 -3.325492e-01 2.453713e-02 -3.594967e-04 4.386902e-02
285.000 255.000 6.562224e+01 6.177296e+01 3.021531e-02 1.128179e+01 6.721607e+01 6.006692e+01 5.616734e-02 1.126417e+01 -4.541330e-01 2.375686e-02 -1.627862e-03 4.293175e-02
285.000 285.000 1.366112e+02 1.675146e+02 -1.016137e-01 1.734894e+01 1.410846e+02 1.563291e+02 -5.125668e-02 1.722302e+01 -4.540322e-01 2.339072e-02 -2.059908e-03 2.031354e-02
285.000 315.000 4.148484e+01 1.433931e+02 -5.512192e-01 1.134479e+01 4.218853e+01 1.360756e+02 -5.266740e-01 1.134973e+01 -3.322739e-01 2.382322e-02 -1.529535e-03 -1.929916e-02
285.000 345.000 1.470596e+02 1.221577e+01 8.466081e-01 6.716807e+00 1.505908e+02 1.204615e+01 8.518645e-01 6.679496e+00 -1.214830e-01 2.460139e-02 -5.549084e-04 1.441287e-01
315.000 15.000 4.022723e+01 3.692632e+01 4.278373e-02 8.775667e+00 4.017828e+01 3.680759e+01 4.378326e-02 8.765745e+00 1.625791e-01 2.323640e-02 -8.058317e-05 -1.365081e-02
315.000 45.000 8.417620e+01 4.553811e+01 2.978707e-01 1.087222e+01 8.181510e+01 4.619034e+01 2.783066e-01 1.086696e+01 3.937539e-01 2.213171e-02 1.272715e-03 -8.819088e-03
315.000 75.000 5.419416e+01 9.703593e+01 -2.832887e-01 1.179379e+01 5.204414e+01 9.918722e+01 -3.117283e-01 1.168484e+01 5.194227e-01 2.312338e-02 1.713012e-03 -6.806207e-02
315.000 105.000 1.012179e+02 6.116229e+01 2.466779e-01 1.234906e+01 9.612933e+01 6.306664e+01 2.076855e-01 1.234218e+01 5.059125e-01 2.509356e-02 2.233330e-03 -2.099220e-02
315.000 135.000 6.030068e+01 9.061468e+01 -2.008675e-01 1.203438e+01 5.896186e+01 9.277958e+01 -2.228641e-01 1.200853e+01 3.568436e-01 2.607305e-02 1.293847e-03 -4.634305e-02
315.000 165.000 2.119199e+01 1.458648e+02 -7.462900e-01 8.603181e+00 2.091021e+01 1.477154e+02 -7.519924e-01 8.559735e+00 1.121586e-01 2.519773e-02 4.698786e-04 -9.978227e-02
315.000 195.000 7.269580e+01 5.705017e+01 1.205867e-01 1.130749e+01 7.298427e+01 5.704851e+01 1.225519e-01 1.131724e+01 -1.625791e-01 2.323640e-02 -1.228381e-04 2.504227e-02
315.000 225.000 1.297119e+02 7.847941e+01 2.460838e-01 1.398513e+01 1.310985e+02 7.765683e+01 2.560013e-01 1.396690e+01 -3.937539e-01 2.213171e-02 -5.017717e-04 4.575123e-02
315.000 255.000 1.427133e+02 1.772630e+01 7.790284e-01 7.941737e+00 1.458787e+02 1.730199e+01 7.879407e-01 7.865739e+00 -5.194227e-01 2.312338e-02 -7.973328e-04 1.634964e-01
315.000 285.000 8.213805e+01 6.224244e+01 1.377999e-01 1.190121e+01 8.529278e+01 5.877904e+01 1.840314e-01 1.179799e+01 -5.059126e-01 2.509356e-02 -2.758769e-03 5.408785e-02
315.000 315.000 1.577357e+02 5.818024e+01 4.610842e-01 1.303888e+01 1.643278e+02 5.612872e+01 4.907955e-01 1.293649e+01 -3.568436e-01 2.607305e-02 -1.617598e-03 6.272977e-02
315.000 345.000 2.073209e+01 2.187942e+02 -8.268909e-01 8.703479e+00 2.079447e+01 2.152454e+02 -8.238054e-01 8.709199e+00 -1.121587e-01 2.519773e-02 -2.505929e-04 -8.211995e-02
345.000 15.000 1.217354e+02 1.140242e+01 8.287125e-01 6.457824e+00 1.206006e+02 1.150709e+01 8.257923e-01 6.482214e+00 1.642709e-01 1.910185e-02 3.191433e-04 1.028889e-01
345.000 45.000 9.534146e+00 3.272171e+01 -5.487421e-01 5.434323e+00 9.317476e+00 3.325686e+01 -5.622961e-01 5.395675e+00 4.203103e-01 2.840454e-02 1.769914e-03 -1.783183e-01
345.000 75.000 2.102531e+01 2.984969e+01 -1.734522e-01 7.024556e+00 2.020500e+01 3.043175e+01 -2.019632e-01 6.969313e+00 5.637278e-01 3.204287e-02 2.881282e-03 -1.049422e-01
345.000 105.000 1.141081e+02 0.000000e+00 1.000000e+00 2.000000e+00 1.085932e+02 0.000000e+00 1.000000e+00 2.000000e+00 5.560950e-01 2.836787e-02 0.000000e+00 2.219302e-01
345.000 135.000 2.567511e+01 1.396691e+01 2.953482e-01 6.015316e+00 2.498027e+01 1.428841e+01 2.722745e-01 6.029723e+00 3.994569e-01 1.904728e-02 2.709086e-03 -1.730719e-02
345.000 165.000 6.332069e+01 2.971008e+01 3.612849e-01 8.993762e+00 6.260822e+01 3.023580e+01 3.486754e-01 9.030866e+00 1.357847e-01 1.195287e-02 9.893408e-04 2.507293e-02
345.000 195.000 7.213477e+01 1.290571e+01 6.964808e-01 6.617294e+00 7.268331e+01 1.273433e+01 7.018336e-01 6.583573e+00 -1.642709e-01 1.910185e-02 -5.734483e-04 1.300756e-01
345.000 225.000 4.658403e+01 3.083627e+01 2.034062e-01 8.614935e+00 4.741547e+01 2.984509e+01 2.274172e-01 8.559484e+00 -4.203103e-01 2.840454e-02 -1.977157e-03 7.239904e-02
345.000 255.000 4.828683e+01 2.037203e+01 4.065724e-01 7.570302e+00 4.944481e+01 1.954882e+01 4.333152e-01 7.485936e+00 -5.637278e-01 3.204287e-02 -2.511881e-03 1.281708e-01
345.000 285.000 1.689252e+02 5.005308e+01 5.428490e-01 1.242774e+01 1.733381e+02 4.779065e+01 5.677573e-01 1.224125e+01 -5.560950e-01 2.836787e-02 -1.427890e-03 8.842648e-02
345.000 315.000 3.777678e+01 6.809148e+01 -2.863436e-01 9.858390e+00 3.829994e+01 6.512635e+01 -2.593771e-01 9.821819e+00 -3.994569e-01 1.904728e-02 -1.937802e-03 1.147380e-02
345.000 345.000 7.698084e+01 3.552254e+01 3.685072e-01 9.860309e+00 7.845215e+01 3.516236e+01 3.810234e-01 9.854952e+00 -1.357847e-01 1.195287e-02 -8.978158e-04 5.114358e-02
