  #t  #Q2   A1M1_AVG      A_1M1     dA_1M1   A0P1_AVG      A_0P1     dA_0P1   A2M1_AVG      A_2M1     dA_2M1   A3M1_AVG      A_3M1     dA_3M1   A1P1_AVG      A_1P1     dA_1P1       Asym      Astat          t         tp         xb         Q2          W     Dilute
   1    0 -5.400e-03 -7.101e-02 8.1170e-03  3.965e-01  3.653e-01 8.1054e-03  1.114e-03 -1.404e-02 8.0597e-03  1.138e-03 -4.282e-02 8.0194e-03  4.290e-03 -2.205e-02 7.9991e-03 1.6687e-02 2.6213e-03 2.8545e-01 2.0009e-03 4.2635e-01 5.2173e+00 2.8203e+00 7.8837e-01
   Phi   PhiS      N_U_avg      N_D_avg     Asym_avg    dAsym_avg      N_U_fit      N_D_fit     Asym_fit    dAsym_fit     Asym_cal    dAsym_cal     GOOD_fit     GOOD_cal
15.000 15.000 1.512801e+03 1.027070e+03 1.912422e-01 4.946695e+01 1.552338e+03 1.007158e+03 2.130026e-01 4.943047e+01 5.847778e-02 6.389554e-03 -3.111692e-04 2.683901e-03
15.000 45.000 1.116650e+03 1.288026e+03 -7.126762e-02 4.891281e+01 1.127035e+03 1.286444e+03 -6.604959e-02 4.901989e+01 2.783491e-01 1.008270e-02 -7.535182e-05 -7.147753e-03
15.000 75.000 8.535367e+02 1.948898e+03 -3.908605e-01 4.872680e+01 8.365193e+02 1.975039e+03 -4.049425e-01 4.848219e+01 4.236369e-01 1.494167e-02 2.048668e-04 -1.671559e-02
15.000 105.000 1.706552e+03 1.434035e+03 8.677268e-02 5.582956e+01 1.639453e+03 1.461529e+03 5.737667e-02 5.559473e+01 4.554117e-01 1.685265e-02 3.730978e-04 -6.602935e-03
15.000 135.000 1.275330e+03 9.683327e+02 1.368287e-01 4.692182e+01 1.223807e+03 9.946870e+02 1.032774e-01 4.684903e+01 3.651592e-01 1.493913e-02 5.060065e-04 -4.866190e-03
15.000 165.000 1.346322e+03 1.692352e+03 -1.138755e-01 5.476559e+01 1.297755e+03 1.745428e+03 -1.471069e-01 5.456489e+01 1.770626e-01 1.007893e-02 4.298536e-04 -5.312426e-03
15.000 195.000 1.521701e+03 8.902671e+02 2.617920e-01 4.739899e+01 1.491841e+03 9.137287e+02 2.403223e-01 4.760920e+01 -5.847775e-02 6.389554e-03 3.195794e-04 6.756890e-03
15.000 225.000 1.015543e+03 9.527181e+02 3.191896e-02 4.434248e+01 1.008970e+03 9.530242e+02 2.851459e-02 4.427639e+01 -2.783490e-01 1.008270e-02 5.432821e-05 6.997082e-03
15.000 255.000 1.301317e+03 8.036513e+02 2.364243e-01 4.457923e+01 1.315938e+03 7.927019e+02 2.481393e-01 4.448376e+01 -4.236369e-01 1.494167e-02 -1.860188e-04 1.480647e-02
15.000 285.000 1.338571e+03 1.124551e+03 8.688946e-02 4.944215e+01 1.366539e+03 1.086849e+03 1.140013e-01 4.920877e+01 -4.554117e-01 1.685265e-02 -3.886622e-04 1.096840e-02
15.000 315.000 1.518313e+03 1.499587e+03 6.205028e-03 5.493436e+01 1.567068e+03 1.432611e+03 4.482383e-02 5.471428e+01 -3.651592e-01 1.493913e-02 -4.980921e-04 6.760144e-03
15.000 345.000 1.734354e+03 1.163761e+03 1.968844e-01 5.278043e+01 1.791982e+03 1.121988e+03 2.299250e-01 5.253496e+01 -1.770626e-01 1.007893e-02 -4.436808e-04 7.084956e-03
45.000 15.000 9.461074e+02 1.448444e+03 -2.097832e-01 4.784527e+01 9.952016e+02 1.380697e+03 -1.622524e-01 4.809731e+01 -1.069907e-02 1.333049e-02 -7.006113e-04 -4.160999e-03
45.000 45.000 1.307164e+03 1.241301e+03 2.584407e-02 5.046546e+01 1.372199e+03 1.200362e+03 6.679597e-02 5.060715e+01 1.835083e-01 1.391490e-02 -5.730007e-04 -3.124201e-03
45.000 75.000 8.731013e+02 1.067816e+03 -1.003209e-01 4.383359e+01 9.034263e+02 1.049729e+03 -7.490569e-02 4.407035e+01 3.285448e-01 1.335446e-02 -4.088835e-04 -9.783953e-03
45.000 105.000 6.369375e+02 1.576406e+03 -4.244567e-01 4.259788e+01 6.394911e+02 1.576749e+03 -4.229045e-01 4.265993e+01 3.855480e-01 1.212998e-02 -2.574776e-05 -1.901514e-02
45.000 135.000 1.143559e+03 7.105776e+02 2.335219e-01 4.186915e+01 1.111429e+03 7.237732e+02 2.112331e-01 4.187262e+01 3.392439e-01 1.145486e-02 3.764090e-04 -2.525057e-03
45.000 165.000 6.722420e+02 9.888157e+02 -1.905856e-01 4.000904e+01 6.427815e+02 1.032425e+03 -2.325945e-01 3.980676e+01 2.020397e-01 1.210358e-02 7.443302e-04 -9.813415e-03
45.000 195.000 1.034311e+03 8.795240e+02 8.087808e-02 4.360409e+01 9.826800e+02 9.276316e+02 2.881647e-02 4.368896e+01 1.069909e-02 1.333049e-02 8.434371e-04 1.609459e-03
45.000 225.000 1.869365e+03 1.512425e+03 1.055475e-01 5.782833e+01 1.801925e+03 1.582770e+03 6.474857e-02 5.805605e+01 -1.835083e-01 1.391490e-02 4.978958e-04 4.998516e-03
45.000 255.000 1.359579e+03 8.593771e+02 2.254223e-01 4.589335e+01 1.332660e+03 8.958413e+02 1.960144e-01 4.629123e+01 -3.285448e-01 1.335446e-02 4.511447e-04 1.207075e-02
45.000 285.000 1.217452e+03 8.724572e+02 1.650764e-01 4.508834e+01 1.224405e+03 8.688939e+02 1.698329e-01 4.508793e+01 -3.855480e-01 1.212998e-02 -7.459538e-05 1.221212e-02
45.000 315.000 1.208686e+03 9.534523e+02 1.180471e-01 4.617368e+01 1.236788e+03 9.292275e+02 1.419938e-01 4.606891e+01 -3.392439e-01 1.145486e-02 -3.671380e-04 9.903714e-03
45.000 345.000 1.920579e+03 8.940685e+02 3.647031e-01 4.939915e+01 2.003006e+03 8.553456e+02 4.015113e-01 4.896481e+01 -2.020397e-01 1.210358e-02 -5.291987e-04 1.147272e-02
75.000 15.000 8.682237e+02 1.010411e+03 -7.568639e-02 4.321889e+01 8.993865e+02 9.724693e+02 -3.904296e-02 4.323196e+01 2.248235e-02 1.289798e-02 -5.994347e-04 -2.271431e-03
75.000 45.000 1.304707e+03 1.430554e+03 -4.600911e-02 5.224433e+01 1.358146e+03 1.379649e+03 -7.854358e-03 5.232233e+01 1.901436e-01 1.256649e-02 -5.160244e-04 -4.520160e-03
75.000 75.000 9.037184e+02 1.411438e+03 -2.193025e-01 4.694478e+01 9.384830e+02 1.365775e+03 -1.854358e-01 4.717015e+01 3.068561e-01 1.240879e-02 -5.088948e-04 -1.120803e-02
75.000 105.000 8.382059e+02 1.147871e+03 -1.559181e-01 4.402039e+01 8.612278e+02 1.129694e+03 -1.348452e-01 4.421222e+01 3.413467e-01 1.258890e-02 -3.377595e-04 -1.129624e-02
75.000 135.000 8.980752e+02 1.333074e+03 -1.949664e-01 4.632860e+01 8.974706e+02 1.337116e+03 -1.967459e-01 4.634748e+01 2.843738e-01 1.291981e-02 2.715368e-05 -1.034653e-02
75.000 165.000 1.318364e+03 1.136335e+03 7.415562e-02 4.940851e+01 1.283859e+03 1.164561e+03 4.872470e-02 4.942274e+01 1.512031e-01 1.307135e-02 3.639006e-04 -1.559397e-03
75.000 195.000 1.385512e+03 8.868276e+02 2.194585e-01 4.650698e+01 1.333006e+03 9.235175e+02 1.814688e-01 4.671418e+01 -2.248233e-02 1.289798e-02 5.763227e-04 5.202248e-03
75.000 225.000 1.191669e+03 9.938084e+02 9.053422e-02 4.655711e+01 1.139361e+03 1.036482e+03 4.728234e-02 4.659377e+01 -1.901436e-01 1.256649e-02 6.566486e-04 6.028679e-03
75.000 255.000 7.735945e+02 8.912099e+02 -7.064822e-02 4.070006e+01 7.454505e+02 9.232689e+02 -1.065598e-01 4.061737e+01 -3.068561e-01 1.240879e-02 6.245474e-04 5.803624e-03
75.000 285.000 1.154462e+03 6.807457e+02 2.581270e-01 4.138755e+01 1.134286e+03 6.956380e+02 2.397083e-01 4.153043e+01 -3.413467e-01 1.258890e-02 3.141408e-04 1.448440e-02
75.000 315.000 9.853746e+02 8.941296e+02 4.854739e-02 4.330213e+01 9.898334e+02 8.986006e+02 4.831134e-02 4.340537e+01 -2.843738e-01 1.291981e-02 3.850001e-06 7.688332e-03
75.000 345.000 1.696253e+03 8.327963e+02 3.414156e-01 4.726787e+01 1.736286e+03 8.165753e+02 3.602666e-01 4.713301e+01 -1.512031e-01 1.307135e-02 -2.824053e-04 1.042185e-02
105.000 15.000 1.358675e+03 1.039156e+03 1.332535e-01 4.853095e+01 1.393019e+03 1.009954e+03 1.594128e-01 4.839326e+01 4.515776e-02 1.307135e-02 -3.816880e-04 1.815248e-03
105.000 45.000 5.025305e+02 1.185437e+03 -4.045731e-01 3.757235e+01 5.222510e+02 1.155891e+03 -3.775842e-01 3.793269e+01 2.249708e-01 1.291981e-02 -5.054994e-04 -1.675551e-02
105.000 75.000 1.241995e+03 1.363061e+03 -4.647365e-02 5.098460e+01 1.265960e+03 1.332553e+03 -2.562763e-02 5.095887e+01 3.445031e-01 1.258890e-02 -2.891870e-04 -7.668527e-03
105.000 105.000 9.868390e+02 1.395078e+03 -1.713911e-01 4.808273e+01 9.935524e+02 1.389399e+03 -1.661162e-01 4.813725e+01 3.717261e-01 1.240879e-02 -7.752968e-05 -1.129547e-02
105.000 135.000 9.023047e+02 1.153504e+03 -1.221900e-01 4.500127e+01 8.953013e+02 1.165239e+03 -1.310032e-01 4.500197e+01 2.993454e-01 1.256649e-02 1.384813e-04 -9.367187e-03
105.000 165.000 6.466199e+02 1.451675e+03 -3.836709e-01 4.230152e+01 6.332305e+02 1.479115e+03 -4.004478e-01 4.211428e+01 1.467553e-01 1.289798e-02 2.810617e-04 -1.253918e-02
105.000 195.000 1.402223e+03 1.000792e+03 1.670532e-01 4.833171e+01 1.367118e+03 1.028607e+03 1.412979e-01 4.845507e+01 -4.515774e-02 1.307135e-02 3.763265e-04 4.390719e-03
105.000 225.000 7.866809e+02 9.699467e+02 -1.043282e-01 4.168342e+01 7.672191e+02 1.001009e+03 -1.322168e-01 4.168113e+01 -2.249708e-01 1.291981e-02 4.731092e-04 2.894259e-03
105.000 255.000 1.314033e+03 8.756549e+02 2.002011e-01 4.584675e+01 1.289859e+03 8.916758e+02 1.825244e-01 4.592229e+01 -3.445031e-01 1.258890e-02 2.724079e-04 1.188098e-02
105.000 285.000 1.485872e+03 1.080281e+03 1.580541e-01 5.002047e+01 1.479496e+03 1.085006e+03 1.538270e-01 5.003817e+01 -3.717261e-01 1.240879e-02 5.974545e-05 1.059127e-02
105.000 315.000 1.163532e+03 1.108601e+03 2.417603e-02 4.765296e+01 1.172180e+03 1.095508e+03 3.381049e-02 4.759303e+01 -2.993454e-01 1.256649e-02 -1.430525e-04 6.789114e-03
105.000 345.000 8.076218e+02 8.650415e+02 -3.432832e-02 4.087410e+01 8.215251e+02 8.454872e+02 -1.437430e-02 4.082484e+01 -1.467553e-01 1.289798e-02 -3.454053e-04 2.750568e-03
135.000 15.000 1.093531e+03 5.695681e+02 3.150519e-01 3.870431e+01 1.134144e+03 5.469060e+02 3.493282e-01 3.841759e+01 1.417673e-02 1.210358e-02 -6.285318e-04 7.773688e-03
135.000 45.000 9.044741e+02 8.072949e+02 5.677121e-02 4.130680e+01 9.476266e+02 7.801856e+02 9.690923e-02 4.137131e+01 1.972239e-01 1.145486e-02 -6.865628e-04 -3.400231e-03
135.000 75.000 5.529487e+02 1.043067e+03 -3.070884e-01 3.801981e+01 5.733134e+02 1.026057e+03 -2.830760e-01 3.835634e+01 3.274251e-01 1.212998e-02 -4.446210e-04 -1.668902e-02
135.000 105.000 6.788776e+02 1.120485e+03 -2.454242e-01 4.112154e+01 6.843288e+02 1.118614e+03 -2.408756e-01 4.121084e+01 3.698930e-01 1.335446e-02 -7.813039e-05 -1.496338e-02
135.000 135.000 6.244642e+02 1.026466e+03 -2.435001e-01 3.940866e+01 6.131782e+02 1.040441e+03 -2.583802e-01 3.928387e+01 3.132483e-01 1.391490e-02 2.674156e-04 -1.412757e-02
135.000 165.000 8.768257e+02 1.067529e+03 -9.808040e-02 4.388223e+01 8.487040e+02 1.100068e+03 -1.289858e-01 4.377613e+01 1.726691e-01 1.333049e-02 4.986043e-04 -6.169911e-03
135.000 195.000 8.668397e+02 7.837023e+02 5.036980e-02 4.057529e+01 8.358527e+02 8.134590e+02 1.357755e-02 4.060798e+01 -1.417671e-02 1.210358e-02 6.409214e-04 1.590784e-03
135.000 225.000 7.347142e+02 7.535186e+02 -1.263536e-02 3.857454e+01 7.155053e+02 7.817842e+02 -4.426593e-02 3.865690e+01 -1.972239e-01 1.145486e-02 5.791988e-04 4.785242e-03
135.000 255.000 1.029774e+03 6.790375e+02 2.052515e-01 4.045766e+01 1.008455e+03 7.008788e+02 1.799394e-01 4.066926e+01 -3.274251e-01 1.212998e-02 4.412412e-04 1.316627e-02
135.000 285.000 8.054400e+02 5.623446e+02 1.777293e-01 3.639477e+01 8.018920e+02 5.659943e+02 1.724542e-01 3.643082e+01 -3.698930e-01 1.335446e-02 1.024390e-04 1.504673e-02
135.000 315.000 9.627166e+02 7.084890e+02 1.521223e-01 4.040460e+01 9.760186e+02 7.053413e+02 1.609871e-01 4.046955e+01 -3.132483e-01 1.391490e-02 -1.550159e-04 1.151776e-02
135.000 345.000 6.973798e+02 8.475193e+02 -9.718402e-02 3.911915e+01 7.160815e+02 8.201851e+02 -6.776402e-02 3.910514e+01 -1.726691e-01 1.333049e-02 -5.318829e-04 1.929619e-03
165.000 15.000 5.605089e+02 4.841289e+02 7.311623e-02 3.223435e+01 5.791318e+02 4.688018e+02 1.052834e-01 3.219189e+01 3.188616e-02 1.007893e-02 -7.060982e-04 1.279073e-03
165.000 45.000 6.438394e+02 4.323702e+02 1.964944e-01 3.216609e+01 6.802504e+02 4.143725e+02 2.428945e-01 3.209428e+01 1.785762e-01 1.493913e-02 -1.021153e-03 5.570502e-04
165.000 75.000 6.280333e+02 7.849465e+02 -1.110512e-01 3.735712e+01 6.630525e+02 7.552338e+02 -6.499479e-02 3.758051e+01 2.774170e-01 1.685265e-02 -8.691677e-04 -1.039877e-02
165.000 105.000 4.751176e+02 4.636185e+02 1.224953e-02 3.063650e+01 4.983842e+02 4.467650e+02 5.461488e-02 3.069740e+01 3.019240e-01 1.494167e-02 -9.768434e-04 -9.455207e-03
165.000 135.000 6.560158e+02 5.923685e+02 5.098380e-02 3.528653e+01 6.648085e+02 5.859725e+02 6.302945e-02 3.529606e+01 2.455308e-01 1.008270e-02 -2.413502e-04 -5.513350e-03
165.000 165.000 5.117980e+02 9.952206e+02 -3.207808e-01 3.676882e+01 5.055706e+02 1.007657e+03 -3.317985e-01 3.669655e+01 1.233478e-01 6.389555e-03 2.120917e-04 -1.207895e-02
165.000 195.000 9.350933e+02 4.773951e+02 3.240368e-01 3.555527e+01 9.040776e+02 4.922526e+02 2.949339e-01 3.570531e+01 -3.188614e-02 1.007893e-02 5.775653e-04 1.001041e-02
165.000 225.000 6.141142e+02 3.953857e+02 2.166701e-01 3.101787e+01 5.882512e+02 4.196956e+02 1.672266e-01 3.130112e+01 -1.785762e-01 1.493913e-02 1.122017e-03 1.274254e-02
165.000 255.000 5.240788e+02 6.426704e+02 -1.016428e-01 3.398081e+01 5.033199e+02 6.744216e+02 -1.452795e-01 3.395415e+01 -2.774169e-01 1.685265e-02 9.083927e-04 5.172748e-03
165.000 285.000 7.505545e+02 4.107785e+02 2.925742e-01 3.258717e+01 7.301117e+02 4.261717e+02 2.628595e-01 3.280838e+01 -3.019240e-01 1.494167e-02 6.425923e-04 1.824332e-02
165.000 315.000 6.653914e+02 6.235462e+02 3.246487e-02 3.588285e+01 6.560955e+02 6.380047e+02 1.397944e-02 3.597009e+01 -2.455308e-01 1.008270e-02 3.638311e-04 7.747312e-03
165.000 345.000 7.290582e+02 6.779024e+02 3.635910e-02 3.748467e+01 7.372298e+02 6.736472e+02 4.506606e-02 3.752348e+01 -1.233478e-01 6.389555e-03 -1.641623e-04 4.260592e-03
195.000 15.000 6.154186e+02 8.356536e+02 -1.517740e-01 3.765164e+01 6.061056e+02 8.432555e+02 -1.636237e-01 3.755739e+01 1.233478e-01 6.389553e-03 2.228194e-04 -7.307032e-03
195.000 45.000 5.330529e+02 6.210239e+02 -7.622627e-02 3.387287e+01 5.450586e+02 6.123392e+02 -5.813091e-02 3.396302e+01 2.455308e-01 1.008270e-02 -3.772439e-04 -9.498961e-03
195.000 75.000 5.288432e+02 5.899154e+02 -5.458929e-02 3.339797e+01 5.508673e+02 5.692166e+02 -1.638210e-02 3.346316e+01 3.019240e-01 1.494167e-02 -8.081391e-04 -1.067470e-02
195.000 105.000 7.056479e+02 6.402247e+02 4.861028e-02 3.664277e+01 7.469929e+02 6.121319e+02 9.922635e-02 3.668437e+01 2.774170e-01 1.685265e-02 -9.761995e-04 -6.244252e-03
195.000 135.000 4.119861e+02 5.542398e+02 -1.472261e-01 3.074545e+01 4.308538e+02 5.324741e+02 -1.054888e-01 3.086435e+01 1.785763e-01 1.493913e-02 -9.580504e-04 -1.059676e-02
195.000 165.000 4.424494e+02 7.088801e+02 -2.314114e-01 3.301022e+01 4.570522e+02 6.887955e+02 -2.022462e-01 3.315084e+01 3.188619e-02 1.007893e-02 -6.234135e-04 -7.976245e-03
195.000 195.000 7.394335e+02 6.141966e+02 9.251925e-02 3.663391e+01 7.493456e+02 6.093036e+02 1.030744e-01 3.666353e+01 -1.233478e-01 6.389553e-03 -2.036524e-04 5.892546e-03
195.000 225.000 9.981643e+02 4.997526e+02 3.327366e-01 3.649763e+01 9.858191e+02 5.110332e+02 3.171895e-01 3.669135e+01 -2.455308e-01 1.008270e-02 3.004112e-04 1.584397e-02
195.000 255.000 7.582515e+02 4.030170e+02 3.059021e-01 3.244382e+01 7.367934e+02 4.239610e+02 2.695078e-01 3.280920e+01 -3.019240e-01 1.494167e-02 7.887531e-04 1.873472e-02
195.000 285.000 3.897392e+02 3.803958e+02 1.213213e-02 2.774926e+01 3.746479e+02 4.016357e+02 -3.476532e-02 2.784502e+01 -2.774170e-01 1.685265e-02 1.192981e-03 1.043448e-02
195.000 315.000 5.386472e+02 7.199690e+02 -1.440645e-01 3.510690e+01 5.162262e+02 7.589197e+02 -1.903260e-01 3.505646e+01 -1.785763e-01 1.493913e-02 9.324482e-04 9.830491e-04
195.000 345.000 7.585043e+02 4.048224e+02 3.040262e-01 3.249305e+01 7.365907e+02 4.154529e+02 2.787549e-01 3.259639e+01 -3.188621e-02 1.007893e-02 5.490759e-04 1.033798e-02
225.000 15.000 7.302804e+02 5.946527e+02 1.023657e-01 3.620842e+01 7.060238e+02 6.121575e+02 7.120892e-02 3.621460e+01 1.726691e-01 1.333049e-02 6.084017e-04 -1.941631e-03
225.000 45.000 6.917036e+02 1.353292e+03 -3.235158e-01 4.278973e+01 6.757087e+02 1.369448e+03 -3.392107e-01 4.254213e+01 3.132483e-01 1.391490e-02 2.601122e-04 -1.488124e-02
225.000 75.000 8.272212e+02 7.779419e+02 3.070048e-02 4.004560e+01 8.279623e+02 7.711806e+02 3.550759e-02 3.996407e+01 3.698929e-01 1.335446e-02 -8.496819e-05 -8.470155e-03
225.000 105.000 5.976083e+02 1.372756e+03 -3.934031e-01 4.080954e+01 6.135602e+02 1.353638e+03 -3.762090e-01 4.109470e+01 3.274251e-01 1.212998e-02 -2.968836e-04 -1.766323e-02
225.000 135.000 7.154608e+02 1.091465e+03 -2.080907e-01 4.157743e+01 7.491548e+02 1.055193e+03 -1.696113e-01 4.186215e+01 1.972239e-01 1.145486e-02 -6.521809e-04 -9.748427e-03
225.000 165.000 9.730086e+02 1.201025e+03 -1.048819e-01 4.636938e+01 1.013355e+03 1.161669e+03 -6.818977e-02 4.652860e+01 1.417675e-02 1.210358e-02 -5.585736e-04 -2.567613e-03
225.000 195.000 8.783113e+02 4.411040e+02 3.313645e-01 3.427157e+01 9.030340e+02 4.265036e+02 3.584181e-01 3.404028e+01 -1.726690e-01 1.333049e-02 -5.600692e-04 1.470705e-02
225.000 225.000 8.471788e+02 1.109039e+03 -1.338604e-01 4.383110e+01 8.632232e+02 1.084639e+03 -1.136711e-01 4.384853e+01 -3.132483e-01 1.391490e-02 -3.256406e-04 4.092708e-03
225.000 255.000 1.014239e+03 4.792540e+02 3.582105e-01 3.608124e+01 1.016455e+03 4.849951e+02 3.539644e-01 3.623993e+01 -3.698929e-01 1.335446e-02 8.303167e-05 2.017956e-02
225.000 285.000 1.161107e+03 9.215246e+02 1.150382e-01 4.533288e+01 1.135959e+03 9.514291e+02 8.840220e-02 4.550907e+01 -3.274251e-01 1.212998e-02 4.146645e-04 9.760316e-03
225.000 315.000 1.341915e+03 6.739374e+02 3.313624e-01 4.236166e+01 1.302388e+03 6.994473e+02 3.011940e-01 4.266419e+01 -1.972239e-01 1.145486e-02 5.017807e-04 1.247794e-02
225.000 345.000 9.500184e+02 6.592810e+02 1.806608e-01 3.945598e+01 9.173491e+02 6.877594e+02 1.430369e-01 3.965184e+01 -1.417677e-02 1.210358e-02 6.726026e-04 4.938100e-03
255.000 15.000 8.048013e+02 1.151493e+03 -1.772186e-01 4.352992e+01 7.886855e+02 1.172624e+03 -1.957561e-01 4.342984e+01 1.467553e-01 1.289798e-02 3.014717e-04 -7.442556e-03
255.000 45.000 7.709116e+02 8.438867e+02 -4.519147e-02 4.014350e+01 7.586934e+02 8.485583e+02 -5.591219e-02 4.002783e+01 2.993454e-01 1.256649e-02 1.891122e-04 -8.582631e-03
255.000 75.000 9.783906e+02 1.870194e+03 -3.130688e-01 5.068914e+01 9.883583e+02 1.869126e+03 -3.082319e-01 5.085276e+01 3.717261e-01 1.240879e-02 -6.736535e-05 -1.350970e-02
255.000 105.000 8.115113e+02 8.189718e+02 -4.575631e-03 4.037882e+01 8.325810e+02 8.072133e+02 1.547004e-02 4.048953e+01 3.445031e-01 1.258890e-02 -3.505553e-04 -8.645096e-03
255.000 135.000 1.141698e+03 1.299296e+03 -6.456302e-02 4.930334e+01 1.172600e+03 1.268476e+03 -3.927616e-02 4.936912e+01 2.249708e-01 1.291981e-02 -3.624215e-04 -5.872500e-03
255.000 165.000 1.262154e+03 1.220706e+03 1.669340e-02 4.982136e+01 1.295156e+03 1.187454e+03 4.338257e-02 4.977888e+01 4.515778e-02 1.307135e-02 -3.789566e-04 -5.713287e-04
255.000 195.000 1.514612e+03 8.263748e+02 2.939944e-01 4.624553e+01 1.546063e+03 8.102816e+02 3.122553e-01 4.611499e+01 -1.467553e-01 1.289798e-02 -2.796092e-04 9.530644e-03
255.000 225.000 1.002334e+03 1.150724e+03 -6.892059e-02 4.629073e+01 1.010669e+03 1.137775e+03 -5.916170e-02 4.627012e+01 -2.993454e-01 1.256649e-02 -1.491035e-04 4.977774e-03
255.000 255.000 1.094886e+03 8.635546e+02 1.181201e-01 4.394446e+01 1.080167e+03 8.727202e+02 1.062255e-01 4.394145e+01 -3.717261e-01 1.240879e-02 1.914009e-04 1.114694e-02
255.000 285.000 1.248853e+03 8.408230e+02 1.952599e-01 4.483307e+01 1.224431e+03 8.592226e+02 1.752732e-01 4.494043e+01 -3.445031e-01 1.258890e-02 3.148523e-04 1.203939e-02
255.000 315.000 1.372505e+03 1.316779e+03 2.072163e-02 5.184717e+01 1.346386e+03 1.360084e+03 -5.061103e-03 5.202308e+01 -2.249709e-01 1.291981e-02 3.510365e-04 4.738783e-03
255.000 345.000 1.210829e+03 7.044002e+02 2.644221e-01 4.220567e+01 1.179706e+03 7.243759e+02 2.391338e-01 4.236977e+01 -4.515780e-02 1.307135e-02 4.228530e-04 7.335030e-03
285.000 15.000 9.006828e+02 1.380852e+03 -2.104590e-01 4.669560e+01 8.777625e+02 1.411659e+03 -2.332014e-01 4.652866e+01 1.512031e-01 1.307135e-02 3.450018e-04 -7.745099e-03
285.000 45.000 1.049231e+03 1.128166e+03 -3.625196e-02 4.663192e+01 1.049168e+03 1.130083e+03 -3.713016e-02 4.665026e+01 2.843737e-01 1.291981e-02 1.331412e-05 -6.875669e-03
285.000 75.000 4.135657e+02 9.968941e+02 -4.135732e-01 3.419373e+01 4.252058e+02 9.862352e+02 -3.974869e-01 3.447375e+01 3.413467e-01 1.258890e-02 -3.312949e-04 -2.207773e-02
285.000 105.000 9.134151e+02 1.134437e+03 -1.079288e-01 4.498886e+01 9.597466e+02 1.109502e+03 -7.237175e-02 4.536971e+01 3.068561e-01 1.240879e-02 -5.565038e-04 -9.219725e-03
285.000 135.000 1.318503e+03 7.562249e+02 2.710129e-01 4.384453e+01 1.382341e+03 7.230385e+02 3.131514e-01 4.357658e+01 1.901437e-01 1.256649e-02 -6.816723e-04 1.844454e-03
285.000 165.000 7.799226e+02 9.761622e+02 -1.117484e-01 4.164319e+01 8.107015e+02 9.421827e+02 -7.500848e-02 4.174952e+01 2.248238e-02 1.289798e-02 -6.230521e-04 -3.223354e-03
285.000 195.000 6.836236e+02 1.322655e+03 -3.185157e-01 4.245865e+01 6.997307e+02 1.287384e+03 -2.957320e-01 4.258318e+01 -1.512030e-01 1.307135e-02 -3.788851e-04 -3.940603e-03
285.000 225.000 9.006770e+02 1.039098e+03 -7.135923e-02 4.393059e+01 9.000480e+02 1.031178e+03 -6.790005e-02 4.384430e+01 -2.843737e-01 1.291981e-02 -5.573355e-05 4.848887e-03
285.000 255.000 1.360552e+03 8.657959e+02 2.222275e-01 4.600434e+01 1.343488e+03 8.853532e+02 2.055484e-01 4.620251e+01 -3.413467e-01 1.258890e-02 2.558143e-04 1.225046e-02
285.000 285.000 1.346106e+03 1.112953e+03 9.481397e-02 4.936550e+01 1.305583e+03 1.148232e+03 6.412478e-02 4.943405e+01 -3.068561e-01 1.240879e-02 4.392841e-04 8.136657e-03
285.000 315.000 1.083549e+03 9.498286e+02 6.576291e-02 4.499538e+01 1.042476e+03 9.931348e+02 2.423896e-02 4.510449e+01 -1.901437e-01 1.256649e-02 6.517622e-04 5.687397e-03
285.000 345.000 9.688783e+02 1.333836e+03 -1.584901e-01 4.738008e+01 9.336527e+02 1.387604e+03 -1.955626e-01 4.724913e+01 -2.248240e-02 1.289798e-02 5.540398e-04 -2.870567e-03
315.000 15.000 9.184286e+02 1.079344e+03 -8.054739e-02 4.455122e+01 8.752374e+02 1.124442e+03 -1.246224e-01 4.436917e+01 2.020397e-01 1.210358e-02 7.009790e-04 -6.342969e-03
315.000 45.000 8.775601e+02 1.699366e+03 -3.189094e-01 4.811283e+01 8.573085e+02 1.734022e+03 -3.383257e-01 4.790319e+01 3.392439e-01 1.145486e-02 2.859803e-04 -1.367937e-02
315.000 75.000 6.034353e+02 9.948300e+02 -2.448872e-01 3.876103e+01 6.080980e+02 9.915020e+02 -2.396874e-01 3.882915e+01 3.855480e-01 1.212998e-02 -9.477515e-05 -1.626466e-02
315.000 105.000 8.701053e+02 1.311708e+03 -2.024017e-01 4.574311e+01 9.013665e+02 1.280305e+03 -1.736919e-01 4.599840e+01 3.285448e-01 1.335447e-02 -4.425651e-04 -1.160713e-02
315.000 135.000 7.660328e+02 1.749228e+03 -3.908921e-01 4.616208e+01 8.050135e+02 1.680638e+03 -3.522716e-01 4.666041e+01 1.835083e-01 1.391490e-02 -5.883998e-04 -1.244312e-02
315.000 165.000 9.629781e+02 8.310862e+02 7.351575e-02 4.224178e+01 1.013344e+03 7.916693e+02 1.228105e-01 4.216384e+01 -1.069905e-02 1.333049e-02 -8.259321e-04 1.993637e-03
315.000 195.000 1.787548e+03 1.344686e+03 1.413884e-01 5.540414e+01 1.864597e+03 1.279694e+03 1.860204e-01 5.509526e+01 -2.020396e-01 1.210358e-02 -5.712158e-04 6.198598e-03
315.000 225.000 1.074809e+03 9.677671e+02 5.240542e-02 4.513277e+01 1.094780e+03 9.467859e+02 7.249032e-02 4.506481e+01 -3.392439e-01 1.145486e-02 -3.149123e-04 8.677714e-03
315.000 255.000 1.621972e+03 1.099172e+03 1.921249e-01 5.119279e+01 1.624052e+03 1.089002e+03 1.972131e-01 5.106404e+01 -3.855480e-01 1.212998e-02 -7.036886e-05 1.128426e-02
315.000 285.000 1.950001e+03 1.162869e+03 2.528637e-01 5.397994e+01 1.911273e+03 1.199320e+03 2.288801e-01 5.429219e+01 -3.285448e-01 1.335446e-02 3.132638e-04 1.077083e-02
315.000 315.000 1.135794e+03 1.038491e+03 4.475201e-02 4.658251e+01 1.084614e+03 1.090974e+03 -2.923359e-03 4.664300e+01 -1.835084e-01 1.391490e-02 7.232262e-04 4.900130e-03
315.000 345.000 1.435451e+03 1.184014e+03 9.598771e-02 5.094439e+01 1.365155e+03 1.251611e+03 4.339087e-02 5.110615e+01 1.069903e-02 1.333049e-02 7.288847e-04 1.674153e-03
345.000 15.000 1.345143e+03 1.169605e+03 6.980350e-02 5.002494e+01 1.297119e+03 1.211936e+03 3.395017e-02 5.006159e+01 1.770626e-01 1.007893e-02 5.066043e-04 -2.144112e-03
345.000 45.000 1.025293e+03 1.324429e+03 -1.273068e-01 4.807951e+01 9.830038e+02 1.366276e+03 -1.631445e-01 4.781999e+01 3.651592e-01 1.493913e-02 5.284914e-04 -1.024274e-02
345.000 75.000 9.499570e+02 1.737771e+03 -2.931153e-01 4.956620e+01 9.146701e+02 1.777794e+03 -3.205702e-01 4.915050e+01 4.554116e-01 1.685265e-02 3.933153e-04 -1.510156e-02
345.000 105.000 4.125898e+02 1.508745e+03 -5.705175e-01 3.599943e+01 4.131410e+02 1.521653e+03 -5.729354e-01 3.605119e+01 4.236369e-01 1.494167e-02 4.745936e-05 -2.761584e-02
345.000 135.000 1.221335e+03 1.957143e+03 -2.314969e-01 5.484653e+01 1.225186e+03 1.942410e+03 -2.264251e-01 5.481969e+01 2.783491e-01 1.008270e-02 -6.540379e-05 -9.295866e-03
345.000 165.000 1.724336e+03 1.076179e+03 2.314420e-01 5.148305e+01 1.769772e+03 1.059573e+03 2.510117e-01 5.148861e+01 5.847778e-02 6.389557e-03 -2.687710e-04 3.359634e-03
345.000 195.000 1.603504e+03 9.171773e+02 2.722783e-01 4.830952e+01 1.656643e+03 8.837523e+02 3.042403e-01 4.801303e+01 -1.770626e-01 1.007893e-02 -4.692665e-04 9.301290e-03
345.000 225.000 2.033512e+03 1.233263e+03 2.449662e-01 5.541426e+01 2.102674e+03 1.185919e+03 2.787682e-01 5.507296e+01 -3.651592e-01 1.493913e-02 -4.326565e-04 1.101026e-02
345.000 255.000 1.873405e+03 1.159394e+03 2.354296e-01 5.352289e+01 1.910259e+03 1.111150e+03 2.644821e-01 5.300999e+01 -4.554116e-01 1.685265e-02 -3.856641e-04 1.290740e-02
345.000 285.000 9.053278e+02 9.248873e+02 -1.068703e-02 4.277857e+01 9.128765e+02 9.132038e+02 -1.792545e-04 4.273266e+01 -4.236369e-01 1.494167e-02 -1.737812e-04 9.653195e-03
345.000 315.000 1.172205e+03 1.421231e+03 -9.602140e-02 5.069047e+01 1.160279e+03 1.416150e+03 -9.931236e-02 5.050760e+01 -2.783491e-01 1.008270e-02 4.599018e-05 3.596883e-03
345.000 345.000 1.453228e+03 1.075698e+03 1.492849e-01 4.972491e+01 1.427747e+03 1.104059e+03 1.278486e-01 4.990414e+01 -5.847780e-02 6.389557e-03 3.042833e-04 4.178241e-03
