  #t  #Q2   A1M1_AVG      A_1M1     dA_1M1   A0P1_AVG      A_0P1     dA_0P1   A2M1_AVG      A_2M1     dA_2M1   A3M1_AVG      A_3M1     dA_3M1   A1P1_AVG      A_1P1     dA_1P1       Asym      Astat          t         tp         xb         Q2          W     Dilute
   3    0 -3.017e-02 -7.176e-02 4.4676e-03  3.956e-01  3.719e-01 4.4144e-03 -2.628e-03 -1.276e-02 4.4322e-03  6.035e-04 -1.080e-02 4.3250e-03  1.194e-02  4.559e-03 4.3067e-03 -3.6250e-02 2.3827e-03 3.1940e-01 1.2843e-02 4.3188e-01 5.3050e+00 2.8095e+00 7.7297e-01
   Phi   PhiS      N_U_avg      N_D_avg     Asym_avg    dAsym_avg      N_U_fit      N_D_fit     Asym_fit    dAsym_fit     Asym_cal    dAsym_cal     GOOD_fit     GOOD_cal
15.000 15.000 1.284270e+03 1.552218e+03 -9.446488e-02 5.302052e+01 1.297463e+03 1.537472e+03 -8.466120e-02 5.305296e+01 8.983177e-02 3.454652e-03 -1.307065e-04 -3.475949e-03
15.000 45.000 1.201427e+03 1.421921e+03 -8.405067e-02 5.103739e+01 1.205156e+03 1.411836e+03 -7.897640e-02 5.099676e+01 3.061037e-01 5.473573e-03 -7.033038e-05 -7.644482e-03
15.000 75.000 1.156966e+03 1.523038e+03 -1.365940e-01 5.128353e+01 1.154671e+03 1.527705e+03 -1.390683e-01 5.128839e+01 4.403555e-01 8.136179e-03 3.411384e-05 -1.125019e-02
15.000 105.000 1.347138e+03 1.166573e+03 7.183188e-02 5.000740e+01 1.325851e+03 1.173673e+03 6.088286e-02 4.990249e+01 4.566143e-01 9.187461e-03 1.549820e-04 -7.694509e-03
15.000 135.000 1.042182e+03 1.405805e+03 -1.485395e-01 4.892826e+01 1.029039e+03 1.420791e+03 -1.599098e-01 4.885882e+01 3.505237e-01 8.147642e-03 1.644388e-04 -1.019990e-02
15.000 165.000 1.485176e+03 1.346543e+03 4.895704e-02 5.315009e+01 1.464927e+03 1.364535e+03 3.548107e-02 5.315919e+01 1.505106e-01 5.490597e-03 1.792684e-04 -1.910694e-03
15.000 195.000 1.064535e+03 1.253662e+03 -8.158353e-02 4.798715e+01 1.053636e+03 1.261363e+03 -8.973076e-02 4.792035e+01 -8.983175e-02 3.454652e-03 1.201358e-04 1.718838e-04
15.000 225.000 1.702306e+03 1.337075e+03 1.201662e-01 5.473110e+01 1.690437e+03 1.342982e+03 1.145425e-01 5.471399e+01 -3.061037e-01 5.473572e-03 7.266733e-05 7.788440e-03
15.000 255.000 1.746978e+03 8.817015e+02 3.291678e-01 4.841341e+01 1.749004e+03 8.871433e+02 3.269395e-01 4.852186e+01 -4.403555e-01 8.136179e-03 3.250999e-05 1.589484e-02
15.000 285.000 1.488342e+03 1.139517e+03 1.327411e-01 5.080901e+01 1.500614e+03 1.130944e+03 1.404759e-01 5.079004e+01 -4.566143e-01 9.187461e-03 -1.076650e-04 1.159943e-02
15.000 315.000 1.086034e+03 1.059724e+03 1.226132e-02 4.631885e+01 1.095933e+03 1.047315e+03 2.268450e-02 4.628331e+01 -3.505237e-01 8.147642e-03 -1.591821e-04 7.832342e-03
15.000 345.000 1.038715e+03 1.293718e+03 -1.093294e-01 4.800576e+01 1.050592e+03 1.275237e+03 -9.658731e-02 4.800136e+01 -1.505106e-01 5.490598e-03 -1.876952e-04 8.578381e-04
45.000 15.000 1.312333e+03 1.573398e+03 -9.046753e-02 5.349872e+01 1.343181e+03 1.535227e+03 -6.671929e-02 5.353125e+01 4.264472e-02 7.250081e-03 -3.137913e-04 -2.488139e-03
45.000 45.000 9.829118e+02 1.746498e+03 -2.797623e-01 5.015762e+01 1.013030e+03 1.715630e+03 -2.574891e-01 5.047522e+01 2.477093e-01 7.537835e-03 -3.130076e-04 -1.051628e-02
45.000 75.000 1.665010e+03 1.862879e+03 -5.608710e-02 5.930254e+01 1.685543e+03 1.848036e+03 -4.598542e-02 5.938103e+01 3.864004e-01 7.240670e-03 -1.203700e-04 -7.461527e-03
45.000 105.000 1.368516e+03 2.244802e+03 -2.425156e-01 5.831642e+01 1.375273e+03 2.244789e+03 -2.401937e-01 5.840556e+01 4.215558e-01 6.616675e-03 -2.813207e-05 -1.138738e-02
45.000 135.000 1.338861e+03 1.474407e+03 -4.818115e-02 5.297865e+01 1.322896e+03 1.489666e+03 -5.929493e-02 5.294028e+01 3.437557e-01 6.286900e-03 1.483896e-04 -7.398015e-03
45.000 165.000 1.961592e+03 2.082700e+03 -2.994546e-02 6.356623e+01 1.914588e+03 2.125948e+03 -5.230996e-02 6.347818e+01 1.738465e-01 6.626972e-03 2.489537e-04 -3.205979e-03
45.000 195.000 1.641365e+03 1.795325e+03 -4.479881e-02 5.856443e+01 1.606687e+03 1.841875e+03 -6.819866e-02 5.858774e+01 -4.264470e-02 7.250081e-03 2.824735e-04 -3.678186e-05
45.000 225.000 1.619732e+03 1.659355e+03 -1.208340e-02 5.725913e+01 1.589721e+03 1.698102e+03 -3.296427e-02 5.730838e+01 -2.477093e-01 7.537835e-03 2.577521e-04 4.115080e-03
45.000 255.000 1.777408e+03 1.296584e+03 1.564167e-01 5.476115e+01 1.761777e+03 1.318876e+03 1.437686e-01 5.492702e+01 -3.864004e-01 7.240670e-03 1.630730e-04 9.912450e-03
45.000 285.000 2.312321e+03 1.143258e+03 3.383117e-01 5.531791e+01 2.317511e+03 1.140669e+03 3.403068e-01 5.529640e+01 -4.215558e-01 6.616675e-03 -2.550730e-05 1.373638e-02
45.000 315.000 1.697166e+03 1.473754e+03 7.045672e-02 5.617098e+01 1.712255e+03 1.446651e+03 8.408086e-02 5.600512e+01 -3.437557e-01 6.286900e-03 -1.717605e-04 7.374136e-03
45.000 345.000 1.664442e+03 1.203300e+03 1.608031e-01 5.285442e+01 1.698270e+03 1.177296e+03 1.811725e-01 5.273689e+01 -1.738465e-01 6.626972e-03 -2.728128e-04 6.331537e-03
75.000 15.000 1.416440e+03 1.398097e+03 6.517267e-03 5.305108e+01 1.451046e+03 1.363098e+03 3.125222e-02 5.302260e+01 3.504514e-02 7.022908e-03 -3.297756e-04 -5.377434e-04
75.000 45.000 1.643896e+03 1.887969e+03 -6.910574e-02 5.928742e+01 1.681524e+03 1.852603e+03 -4.840759e-02 5.937883e+01 2.187160e-01 6.853652e-03 -2.466717e-04 -4.854685e-03
75.000 75.000 1.180658e+03 2.460535e+03 -3.514995e-01 5.649174e+01 1.213124e+03 2.420892e+03 -3.323507e-01 5.685608e+01 3.437821e-01 6.769294e-03 -2.389138e-04 -1.230767e-02
75.000 105.000 1.646764e+03 2.139873e+03 -1.302235e-01 6.101166e+01 1.660219e+03 2.132555e+03 -1.245358e-01 6.110607e+01 3.767321e-01 6.857320e-03 -6.586724e-05 -8.309158e-03
75.000 135.000 1.155053e+03 2.193306e+03 -3.100783e-01 5.501290e+01 1.147674e+03 2.201461e+03 -3.146443e-01 5.493239e+01 3.087370e-01 7.026487e-03 5.873253e-05 -1.124855e-02
75.000 165.000 1.715940e+03 1.737159e+03 -6.144768e-03 5.876197e+01 1.684979e+03 1.764756e+03 -2.312569e-02 5.871874e+01 1.580161e-01 7.107793e-03 2.044135e-04 -2.793658e-03
75.000 195.000 1.574514e+03 1.579217e+03 -1.491444e-03 5.615803e+01 1.537718e+03 1.616827e+03 -2.507777e-02 5.614768e+01 -3.504512e-02 7.022908e-03 2.970116e-04 5.974866e-04
75.000 225.000 1.909989e+03 1.608366e+03 8.572848e-02 5.909735e+01 1.867110e+03 1.652842e+03 6.087238e-02 5.921917e+01 -2.187160e-01 6.853652e-03 2.970998e-04 5.151576e-03
75.000 255.000 1.929888e+03 1.211462e+03 2.286999e-01 5.456231e+01 1.907171e+03 1.242630e+03 2.109787e-01 5.485980e+01 -3.437821e-01 6.769294e-03 2.290344e-04 1.049226e-02
75.000 285.000 1.808936e+03 1.222214e+03 1.935641e-01 5.401465e+01 1.798084e+03 1.237193e+03 1.847906e-01 5.414453e+01 -3.767321e-01 6.857319e-03 1.147167e-04 1.055818e-02
75.000 315.000 2.022895e+03 1.146831e+03 2.763846e-01 5.410726e+01 2.031418e+03 1.140727e+03 2.807848e-01 5.405602e+01 -3.087370e-01 7.026487e-03 -5.753260e-05 1.081410e-02
75.000 345.000 1.993427e+03 2.086645e+03 -2.284708e-02 6.385877e+01 2.024134e+03 2.052629e+03 -6.989584e-03 6.384797e+01 -1.580161e-01 7.107793e-03 -1.756046e-04 2.116687e-03
105.000 15.000 1.068058e+03 1.099464e+03 -1.448959e-02 4.655177e+01 1.092637e+03 1.077625e+03 6.916937e-03 4.658496e+01 4.109862e-02 7.107793e-03 -3.250425e-04 -1.194116e-03
105.000 45.000 1.217097e+03 1.604936e+03 -1.374325e-01 5.261873e+01 1.243120e+03 1.578723e+03 -1.189304e-01 5.274401e+01 2.106040e-01 7.026487e-03 -2.483417e-04 -6.614308e-03
105.000 75.000 7.109129e+02 1.678116e+03 -4.048520e-01 4.469289e+01 7.380895e+02 1.655710e+03 -3.833323e-01 4.518900e+01 3.236782e-01 6.857319e-03 -3.385879e-04 -1.630080e-02
105.000 105.000 8.112298e+02 2.249183e+03 -4.698560e-01 4.883423e+01 8.218365e+02 2.242102e+03 -4.635424e-01 4.904676e+01 3.500231e-01 6.769294e-03 -9.122051e-05 -1.678902e-02
105.000 135.000 1.311095e+03 1.726995e+03 -1.368953e-01 5.459996e+01 1.306281e+03 1.734433e+03 -1.408064e-01 5.459329e+01 2.825796e-01 6.853652e-03 5.065538e-05 -7.682695e-03
105.000 165.000 1.172314e+03 1.421907e+03 -9.621116e-02 5.069722e+01 1.158091e+03 1.438563e+03 -1.080129e-01 5.065925e+01 1.394191e-01 7.022908e-03 1.646680e-04 -4.647795e-03
105.000 195.000 1.063336e+03 1.321358e+03 -1.081990e-01 4.854664e+01 1.045417e+03 1.346344e+03 -1.258182e-01 4.851700e+01 -4.109860e-02 7.107793e-03 2.567119e-04 -1.382184e-03
105.000 225.000 1.542327e+03 1.554500e+03 -3.930880e-03 5.564871e+01 1.512311e+03 1.583156e+03 -2.288678e-02 5.562235e+01 -2.106040e-01 7.026487e-03 2.409224e-04 3.713888e-03
105.000 255.000 1.832214e+03 1.247482e+03 1.898666e-01 5.448555e+01 1.809742e+03 1.269046e+03 1.756198e-01 5.462445e+01 -3.236782e-01 6.857319e-03 1.846576e-04 9.425339e-03
105.000 285.000 1.390273e+03 1.221085e+03 6.478959e-02 5.099408e+01 1.380492e+03 1.225142e+03 5.962106e-02 5.095461e+01 -3.500231e-01 6.769294e-03 7.169692e-05 8.134526e-03
105.000 315.000 1.711269e+03 1.299278e+03 1.368490e-01 5.435225e+01 1.720684e+03 1.299596e+03 1.394201e-01 5.442033e+01 -2.825796e-01 6.853652e-03 -3.342830e-05 7.716858e-03
105.000 345.000 1.394604e+03 1.284462e+03 4.111204e-02 5.171593e+01 1.410135e+03 1.269680e+03 5.241223e-02 5.169578e+01 -1.394191e-01 7.022908e-03 -1.545365e-04 3.490823e-03
135.000 15.000 9.832693e+02 1.197345e+03 -9.817230e-02 4.647148e+01 9.986192e+02 1.178144e+03 -8.247317e-02 4.649685e+01 4.331353e-02 6.626972e-03 -2.388118e-04 -3.044574e-03
135.000 45.000 9.746527e+02 8.748906e+02 5.393877e-02 4.294371e+01 9.921667e+02 8.607099e+02 7.094745e-02 4.293658e+01 2.002357e-01 6.286900e-03 -2.800865e-04 -3.406714e-03
135.000 75.000 6.816228e+02 1.547199e+03 -3.883559e-01 4.350483e+01 6.991511e+02 1.529067e+03 -3.724572e-01 4.380765e+01 3.035049e-01 6.616675e-03 -2.575117e-04 -1.590308e-02
135.000 105.000 9.835894e+02 1.665544e+03 -2.574255e-01 4.973511e+01 9.996286e+02 1.654210e+03 -2.466544e-01 4.992377e+01 3.254502e-01 7.240670e-03 -1.528468e-04 -1.171960e-02
135.000 135.000 9.711318e+02 1.170569e+03 -9.312104e-02 4.607743e+01 9.685322e+02 1.172179e+03 -9.513040e-02 4.605799e+01 2.601913e-01 7.537835e-03 3.084226e-05 -7.667797e-03
135.000 165.000 7.677548e+02 1.246917e+03 -2.378364e-01 4.359713e+01 7.605470e+02 1.259592e+03 -2.470351e-01 4.355293e+01 1.252145e-01 7.250081e-03 1.492700e-04 -8.327404e-03
135.000 195.000 1.496410e+03 9.397351e+02 2.285066e-01 4.805145e+01 1.471738e+03 9.567398e+02 2.120662e-01 4.815874e+01 -4.331351e-02 6.626972e-03 2.416606e-04 5.656855e-03
135.000 225.000 1.129686e+03 9.376001e+02 9.291714e-02 4.527072e+01 1.111310e+03 9.576625e+02 7.426284e-02 4.536036e+01 -2.002357e-01 6.286900e-03 2.910828e-04 6.475549e-03
135.000 255.000 1.394002e+03 8.400655e+02 2.479499e-01 4.578995e+01 1.381581e+03 8.589321e+02 2.332720e-01 4.602818e+01 -3.035049e-01 6.616675e-03 2.260740e-04 1.204314e-02
135.000 285.000 1.463646e+03 8.922104e+02 2.425596e-01 4.708768e+01 1.454920e+03 9.009801e+02 2.351287e-01 4.717682e+01 -3.254502e-01 7.240670e-03 1.114824e-04 1.206281e-02
135.000 315.000 7.294579e+02 8.270933e+02 -6.272544e-02 3.937546e+01 7.253832e+02 8.229922e+02 -6.303964e-02 3.927114e+01 -2.601914e-01 7.537835e-03 5.649858e-06 5.014948e-03
135.000 345.000 9.206454e+02 1.014883e+03 -4.868823e-02 4.394246e+01 9.300492e+02 1.004263e+03 -3.836691e-02 4.394843e+01 -1.252145e-01 7.250081e-03 -1.660759e-04 1.741510e-03
165.000 15.000 3.737517e+02 1.909711e+02 3.236642e-01 2.248474e+01 3.771407e+02 1.894481e+02 3.312678e-01 2.245912e+01 6.004441e-02 5.490598e-03 -2.392561e-04 1.172439e-02
165.000 45.000 2.095532e+02 3.413942e+02 -2.392986e-01 2.279031e+01 2.116311e+02 3.379242e+02 -2.298096e-01 2.281517e+01 2.000727e-01 8.147642e-03 -2.942506e-04 -1.927887e-02
165.000 75.000 4.180839e+02 6.721210e+02 -2.330178e-01 3.210934e+01 4.214483e+02 6.622213e+02 -2.221830e-01 3.209632e+01 2.864917e-01 9.187461e-03 -2.386502e-04 -1.617939e-02
165.000 105.000 4.427779e+01 6.210167e+02 -8.668927e-01 1.285783e+01 4.677040e+01 6.163485e+02 -8.589381e-01 1.318660e+01 2.961455e-01 8.136179e-03 -4.318967e-04 -9.045368e-02
165.000 135.000 3.901826e+02 3.034903e+02 1.249758e-01 2.613118e+01 3.917600e+02 3.028434e+02 1.280105e-01 2.613850e+01 2.264473e-01 5.473573e-03 -8.210857e-05 -3.883160e-03
165.000 165.000 4.006655e+02 1.869049e+02 3.638041e-01 2.257883e+01 3.993942e+02 1.877532e+02 3.604563e-01 2.260221e+01 9.607279e-02 3.454653e-03 1.047913e-04 1.185763e-02
165.000 195.000 3.218631e+02 3.506328e+02 -4.278045e-02 2.590878e+01 3.202043e+02 3.540217e+02 -5.015743e-02 2.593318e+01 -6.004439e-02 5.490597e-03 2.012391e-04 6.663354e-04
165.000 225.000 4.569097e+02 2.726743e+02 2.525212e-01 2.613543e+01 4.537664e+02 2.752856e+02 2.448121e-01 2.617934e+01 -2.000727e-01 8.147641e-03 2.083977e-04 1.731725e-02
165.000 255.000 2.330743e+02 4.181913e+02 -2.842419e-01 2.446728e+01 2.263093e+02 4.225357e+02 -3.024243e-01 2.427965e+01 -2.864917e-01 9.187461e-03 5.274904e-04 9.195210e-05
165.000 285.000 1.883587e+02 1.897087e+02 -3.570732e-03 1.944383e+01 1.877689e+02 1.912725e+02 -9.243387e-03 1.946815e+01 -2.961455e-01 8.136179e-03 2.061664e-04 1.504718e-02
165.000 315.000 1.007549e+02 1.465667e+02 -1.852316e-01 1.545431e+01 1.002816e+02 1.482074e+02 -1.928690e-01 1.546756e+01 -2.264474e-01 5.473573e-03 3.492985e-04 2.666943e-03
165.000 345.000 1.573263e+02 4.312435e+02 -4.653946e-01 2.147301e+01 1.578259e+02 4.293552e+02 -4.624286e-01 2.148530e+01 -9.607280e-02 3.454653e-03 -9.764234e-05 -1.719935e-02
195.000 15.000 1.207410e+02 3.772615e+02 -5.150987e-01 1.912771e+01 1.201255e+02 3.790097e+02 -5.186655e-01 1.910133e+01 9.607277e-02 3.454652e-03 1.319479e-04 -3.195215e-02
195.000 45.000 2.515373e+02 5.305453e+02 -3.567500e-01 2.612559e+01 2.513399e+02 5.291511e+02 -3.559441e-01 2.610758e+01 2.264473e-01 5.473573e-03 -2.182121e-05 -2.232284e-02
195.000 75.000 4.012757e+02 4.223391e+02 -2.557429e-02 2.868930e+01 4.060618e+02 4.229707e+02 -2.039592e-02 2.878693e+01 2.961455e-01 8.136179e-03 -1.274147e-04 -1.121393e-02
195.000 105.000 2.159873e+02 2.035608e+02 2.961886e-02 2.047389e+01 2.183197e+02 1.986466e+02 4.718167e-02 2.039701e+01 2.864917e-01 9.187461e-03 -6.077066e-04 -1.254636e-02
195.000 135.000 3.097121e+02 5.165089e+02 -2.502923e-01 2.782915e+01 3.177360e+02 5.120519e+02 -2.341754e-01 2.800507e+01 2.000728e-01 8.147642e-03 -4.082197e-04 -1.618322e-02
195.000 165.000 1.848031e+02 2.408450e+02 -1.316625e-01 2.045164e+01 1.872495e+02 2.364518e+02 -1.161248e-01 2.044475e+01 6.004443e-02 5.490597e-03 -5.373019e-04 -9.373673e-03
195.000 195.000 4.080002e+02 2.235582e+02 2.920426e-01 2.403526e+01 4.099333e+02 2.226417e+02 2.960781e-01 2.402336e+01 -9.607275e-02 3.454652e-03 -1.187514e-04 1.614775e-02
195.000 225.000 5.364663e+02 3.234823e+02 2.476707e-01 2.841124e+01 5.356677e+02 3.219989e+02 2.491280e-01 2.836258e+01 -2.264473e-01 5.473573e-03 -3.630088e-05 1.668769e-02
195.000 255.000 1.020058e+02 3.964323e+02 -5.906982e-01 1.801446e+01 1.003593e+02 3.998533e+02 -5.987334e-01 1.791356e+01 -2.961455e-01 8.136179e-03 3.162845e-04 -1.635090e-02
195.000 285.000 4.545579e+02 2.511166e+02 2.882935e-01 2.543666e+01 4.479220e+02 2.600806e+02 2.653118e-01 2.565475e+01 -2.864918e-01 9.187461e-03 6.361289e-04 2.259672e-02
195.000 315.000 2.501884e+02 3.708746e+02 -1.943220e-01 2.444609e+01 2.474630e+02 3.775244e+02 -2.081023e-01 2.445243e+01 -2.000728e-01 8.147642e-03 3.985479e-04 2.352445e-04
195.000 345.000 1.782144e+02 3.921408e+02 -3.750758e-01 2.213858e+01 1.763196e+02 3.958696e+02 -3.837018e-01 2.208953e+01 -6.004444e-02 5.490597e-03 2.758225e-04 -1.422997e-02
225.000 15.000 9.794714e+02 9.156420e+02 3.368102e-02 4.350820e+01 9.665712e+02 9.234266e+02 2.282787e-02 4.346278e+01 1.252145e-01 7.250081e-03 1.764805e-04 -2.103820e-03
225.000 45.000 1.223357e+03 6.797089e+02 2.856697e-01 4.180624e+01 1.217258e+03 6.815198e+02 2.821491e-01 4.180454e+01 2.601913e-01 7.537835e-03 5.954714e-05 6.094386e-04
225.000 75.000 1.087617e+03 1.022737e+03 3.074364e-02 4.591687e+01 1.101704e+03 1.007719e+03 4.455486e-02 4.588284e+01 3.254501e-01 7.240670e-03 -2.127677e-04 -6.418262e-03
225.000 105.000 9.129002e+02 1.413238e+03 -2.150939e-01 4.710116e+01 9.231686e+02 1.394184e+03 -2.032557e-01 4.713402e+01 3.035049e-01 6.616675e-03 -1.776586e-04 -1.101032e-02
225.000 135.000 1.161341e+03 1.155541e+03 2.503372e-03 4.813385e+01 1.188568e+03 1.133871e+03 2.355157e-02 4.817832e+01 2.002357e-01 6.286900e-03 -3.090641e-04 -4.107968e-03
225.000 165.000 1.503683e+03 1.528247e+03 -8.101624e-03 5.506116e+01 1.529232e+03 1.502320e+03 8.877093e-03 5.505736e+01 4.331355e-02 6.626972e-03 -2.180517e-04 -9.337830e-04
225.000 195.000 1.305682e+03 1.114310e+03 7.907924e-02 4.903936e+01 1.318628e+03 1.101066e+03 8.991309e-02 4.899114e+01 -1.252144e-01 7.250081e-03 -1.562919e-04 4.165912e-03
225.000 225.000 1.612653e+03 1.182276e+03 1.539847e-01 5.223655e+01 1.609237e+03 1.179848e+03 1.539533e-01 5.218217e+01 -2.601913e-01 7.537835e-03 4.257879e-07 7.928854e-03
225.000 255.000 1.142681e+03 1.014408e+03 5.946604e-02 4.636228e+01 1.130863e+03 1.021103e+03 5.100421e-02 4.632891e+01 -3.254501e-01 7.240670e-03 1.291043e-04 8.302356e-03
225.000 285.000 6.056917e+02 8.519974e+02 -1.689700e-01 3.763072e+01 5.963270e+02 8.668294e+02 -1.848759e-01 3.759185e+01 -3.035049e-01 6.616675e-03 2.990378e-04 3.575136e-03
225.000 315.000 1.433395e+03 1.225265e+03 7.828363e-02 5.140396e+01 1.402729e+03 1.250985e+03 5.718159e-02 5.142992e+01 -2.002357e-01 6.286900e-03 2.902039e-04 5.418247e-03
225.000 345.000 1.502853e+03 1.330610e+03 6.078887e-02 5.313184e+01 1.482329e+03 1.352411e+03 4.583063e-02 5.318632e+01 -4.331357e-02 6.626972e-03 1.989702e-04 1.959323e-03
255.000 15.000 1.378187e+03 2.045224e+03 -1.948458e-01 5.738851e+01 1.361058e+03 2.068516e+03 -2.062814e-01 5.730304e+01 1.394191e-01 7.022908e-03 1.410073e-04 -5.824596e-03
255.000 45.000 1.192778e+03 2.033502e+03 -2.605862e-01 5.483793e+01 1.193228e+03 2.039197e+03 -2.617133e-01 5.487280e+01 2.825796e-01 6.853652e-03 1.452860e-05 -9.904928e-03
255.000 75.000 1.571070e+03 1.136529e+03 1.604892e-01 5.136010e+01 1.588316e+03 1.128421e+03 1.692824e-01 5.137008e+01 3.500231e-01 6.769295e-03 -1.210495e-04 -3.690294e-03
255.000 105.000 9.102051e+02 1.763995e+03 -3.192693e-01 4.900624e+01 9.274551e+02 1.748364e+03 -3.067879e-01 4.923387e+01 3.236782e-01 6.857320e-03 -1.796757e-04 -1.311971e-02
255.000 135.000 1.079463e+03 1.143557e+03 -2.883193e-02 4.712931e+01 1.112007e+03 1.120105e+03 -3.628126e-03 4.724492e+01 2.106040e-01 7.026487e-03 -3.776829e-04 -5.080404e-03
255.000 165.000 1.706242e+03 1.426708e+03 8.922392e-02 5.574952e+01 1.735781e+03 1.401204e+03 1.066555e-01 5.568932e+01 4.109864e-02 7.107793e-03 -2.212155e-04 8.632412e-04
255.000 195.000 1.325596e+03 1.219894e+03 4.152550e-02 5.040933e+01 1.340099e+03 1.204146e+03 5.343557e-02 5.036844e+01 -1.394191e-01 7.022908e-03 -1.671340e-04 3.589505e-03
255.000 225.000 1.087805e+03 1.249648e+03 -6.923874e-02 4.823119e+01 1.086779e+03 1.250200e+03 -6.992821e-02 4.822396e+01 -2.825796e-01 6.853652e-03 1.010891e-05 4.423296e-03
255.000 255.000 1.193929e+03 1.098699e+03 4.153718e-02 4.784007e+01 1.182307e+03 1.106721e+03 3.302087e-02 4.781770e+01 -3.500231e-01 6.769295e-03 1.259059e-04 8.184776e-03
255.000 285.000 1.613941e+03 1.515209e+03 3.155260e-02 5.591095e+01 1.597077e+03 1.541295e+03 1.777419e-02 5.601232e+01 -3.236782e-01 6.857320e-03 1.740979e-04 6.353510e-03
255.000 315.000 1.254119e+03 1.149218e+03 4.364798e-02 4.897712e+01 1.224139e+03 1.172805e+03 2.141661e-02 4.894737e+01 -2.106040e-01 7.026487e-03 3.210627e-04 5.191240e-03
255.000 345.000 1.808932e+03 1.107330e+03 2.405826e-01 5.241630e+01 1.778223e+03 1.129784e+03 2.229839e-01 5.256821e+01 -4.109865e-02 7.107793e-03 2.370663e-04 5.373924e-03
285.000 15.000 1.320307e+03 2.022859e+03 -2.101457e-01 5.652900e+01 1.296933e+03 2.054396e+03 -2.260185e-01 5.639263e+01 1.580160e-01 7.107793e-03 1.987893e-04 -6.512794e-03
285.000 45.000 1.422114e+03 2.153926e+03 -2.046432e-01 5.853443e+01 1.415235e+03 2.168697e+03 -2.102334e-01 5.852802e+01 3.087370e-01 7.026487e-03 6.753368e-05 -8.770568e-03
285.000 75.000 1.373971e+03 2.057027e+03 -1.990835e-01 5.740220e+01 1.386010e+03 2.044663e+03 -1.919894e-01 5.748234e+01 3.767321e-01 6.857319e-03 -8.732782e-05 -1.003124e-02
285.000 105.000 1.526621e+03 1.805135e+03 -8.359380e-02 5.751934e+01 1.554219e+03 1.782350e+03 -6.837315e-02 5.762787e+01 3.437821e-01 6.769294e-03 -1.869367e-04 -7.430126e-03
285.000 135.000 1.107203e+03 2.497357e+03 -3.856654e-01 5.539337e+01 1.142523e+03 2.451533e+03 -3.642152e-01 5.583274e+01 2.187160e-01 6.853652e-03 -2.727313e-04 -1.091072e-02
285.000 165.000 1.380983e+03 1.239787e+03 5.387564e-02 5.111910e+01 1.412668e+03 1.210329e+03 7.714030e-02 5.106260e+01 3.504516e-02 7.022908e-03 -3.219871e-04 3.683650e-04
285.000 195.000 1.911180e+03 1.161763e+03 2.438759e-01 5.376039e+01 1.939660e+03 1.139713e+03 2.597760e-01 5.358699e+01 -1.580160e-01 7.107793e-03 -2.094704e-04 7.475615e-03
285.000 225.000 1.602112e+03 1.229569e+03 1.315625e-01 5.275101e+01 1.610493e+03 1.219781e+03 1.380475e-01 5.269095e+01 -3.087369e-01 7.026487e-03 -8.697840e-05 8.346749e-03
285.000 255.000 2.089034e+03 1.178353e+03 2.787183e-01 5.489594e+01 2.078723e+03 1.192865e+03 2.707732e-01 5.506106e+01 -3.767320e-01 6.857319e-03 1.021857e-04 1.193987e-02
285.000 285.000 1.731228e+03 1.361255e+03 1.196360e-01 5.521070e+01 1.696957e+03 1.395835e+03 9.736265e-02 5.534866e+01 -3.437821e-01 6.769294e-03 2.849084e-04 8.393629e-03
285.000 315.000 2.024469e+03 1.521357e+03 1.418884e-01 5.894439e+01 1.984380e+03 1.564244e+03 1.183943e-01 5.915135e+01 -2.187160e-01 6.853652e-03 2.813445e-04 6.117705e-03
285.000 345.000 1.470304e+03 1.410101e+03 2.090094e-02 5.365768e+01 1.436554e+03 1.447590e+03 -3.826422e-03 5.370384e+01 -3.504518e-02 7.022908e-03 3.257197e-04 1.042649e-03
315.000 15.000 1.267142e+03 1.585961e+03 -1.117446e-01 5.307991e+01 1.238206e+03 1.619018e+03 -1.332804e-01 5.297613e+01 1.738465e-01 6.626972e-03 2.871705e-04 -5.380399e-03
315.000 45.000 1.618154e+03 2.040292e+03 -1.153873e-01 6.008108e+01 1.593558e+03 2.064559e+03 -1.287552e-01 5.997894e+01 3.437557e-01 6.286900e-03 1.574633e-04 -7.642056e-03
315.000 75.000 1.369961e+03 1.722628e+03 -1.140362e-01 5.524827e+01 1.373640e+03 1.723565e+03 -1.129809e-01 5.529620e+01 4.215558e-01 6.616675e-03 -1.350014e-05 -9.694276e-03
315.000 105.000 1.526672e+03 1.580798e+03 -1.741796e-02 5.573623e+01 1.549553e+03 1.567262e+03 -5.681823e-03 5.582754e+01 3.864004e-01 7.240670e-03 -1.487705e-04 -7.245168e-03
315.000 135.000 1.705786e+03 1.976034e+03 -7.340075e-02 6.051432e+01 1.748537e+03 1.939417e+03 -5.175784e-02 6.064713e+01 2.477093e-01 7.537835e-03 -2.526190e-04 -5.306349e-03
315.000 165.000 1.636317e+03 1.592733e+03 1.349723e-02 5.681955e+01 1.680178e+03 1.553764e+03 3.908979e-02 5.682429e+01 4.264474e-02 7.250081e-03 -3.184805e-04 -5.129838e-04
315.000 195.000 1.873048e+03 1.323731e+03 1.718347e-01 5.569908e+01 1.910871e+03 1.291886e+03 1.932663e-01 5.552593e+01 -1.738465e-01 6.626972e-03 -2.724997e-04 6.206228e-03
315.000 225.000 1.589422e+03 1.647485e+03 -1.793779e-02 5.688467e+01 1.605163e+03 1.623487e+03 -5.675272e-03 5.682030e+01 -3.437557e-01 6.286900e-03 -1.525159e-04 5.727692e-03
315.000 255.000 1.399547e+03 1.214417e+03 7.082331e-02 5.099855e+01 1.395033e+03 1.212306e+03 7.008163e-02 5.093656e+01 -4.215558e-01 6.616675e-03 1.028984e-05 9.654767e-03
315.000 285.000 2.496497e+03 1.492771e+03 2.516067e-01 6.112875e+01 2.463578e+03 1.509174e+03 2.402373e-01 6.118389e+01 -3.864004e-01 7.240670e-03 1.314562e-04 1.043710e-02
315.000 315.000 1.399460e+03 1.519508e+03 -4.112677e-02 5.398177e+01 1.366188e+03 1.564465e+03 -6.765610e-02 5.401147e+01 -2.477094e-01 7.537835e-03 3.474120e-04 3.826896e-03
315.000 345.000 1.184116e+03 9.641049e+02 1.024154e-01 4.610519e+01 1.152109e+03 9.907553e+02 7.529806e-02 4.615966e+01 -4.264476e-02 7.250081e-03 4.156484e-04 3.146288e-03
345.000 15.000 8.193350e+02 1.254726e+03 -2.099220e-01 4.452710e+01 8.094583e+02 1.271294e+03 -2.219563e-01 4.447747e+01 1.505106e-01 5.490598e-03 1.912165e-04 -8.094677e-03
345.000 45.000 1.074787e+03 1.429692e+03 -1.417080e-01 4.953974e+01 1.061294e+03 1.442714e+03 -1.523239e-01 4.945613e+01 3.505237e-01 8.147642e-03 1.516547e-04 -9.936099e-03
345.000 75.000 8.526120e+02 1.705461e+03 -3.333952e-01 4.768372e+01 8.393165e+02 1.717439e+03 -3.434518e-01 4.748855e+01 4.566143e-01 9.187461e-03 1.494361e-04 -1.656770e-02
345.000 105.000 1.070843e+03 1.545604e+03 -1.814527e-01 5.030209e+01 1.062929e+03 1.550018e+03 -1.864138e-01 5.022098e+01 4.403555e-01 8.136178e-03 6.979562e-05 -1.236148e-02
345.000 135.000 1.006565e+03 1.155326e+03 -6.881063e-02 4.638594e+01 1.011897e+03 1.148081e+03 -6.304914e-02 4.638309e+01 3.061038e-01 5.473573e-03 -8.783069e-05 -8.082501e-03
345.000 165.000 1.256267e+03 1.266669e+03 -4.123093e-03 5.022841e+01 1.268358e+03 1.252093e+03 6.452889e-03 5.020305e+01 8.983178e-02 3.454654e-03 -1.489244e-04 -1.870552e-03
345.000 195.000 1.646281e+03 1.637260e+03 2.747572e-03 5.730197e+01 1.667147e+03 1.612659e+03 1.661319e-02 5.726169e+01 -1.505105e-01 5.490598e-03 -1.711620e-04 2.674570e-03
345.000 225.000 1.449848e+03 1.194665e+03 9.649545e-02 5.118485e+01 1.463906e+03 1.180421e+03 1.072049e-01 5.112666e+01 -3.505237e-01 8.147641e-03 -1.480332e-04 8.733427e-03
345.000 255.000 1.585369e+03 1.206139e+03 1.358513e-01 5.234490e+01 1.598829e+03 1.197502e+03 1.435192e-01 5.233290e+01 -4.566143e-01 9.187461e-03 -1.035948e-04 1.131850e-02
345.000 285.000 1.630412e+03 8.599900e+02 3.093566e-01 4.745595e+01 1.635945e+03 8.543499e+02 3.138563e-01 4.738128e+01 -4.403555e-01 8.136179e-03 -6.710004e-05 1.579806e-02
345.000 315.000 1.099164e+03 1.155524e+03 -2.499647e-02 4.746872e+01 1.095975e+03 1.165279e+03 -3.064849e-02 4.753031e+01 -3.061038e-01 5.473573e-03 8.413940e-05 5.921948e-03
345.000 345.000 1.639636e+03 1.249216e+03 1.351469e-01 5.325494e+01 1.621777e+03 1.265135e+03 1.235374e-01 5.331842e+01 -8.983181e-02 3.454654e-03 1.540568e-04 4.224561e-03
