  #t  #Q2   A1M1_AVG      A_1M1     dA_1M1   A0P1_AVG      A_0P1     dA_0P1   A2M1_AVG      A_2M1     dA_2M1   A3M1_AVG      A_3M1     dA_3M1   A1P1_AVG      A_1P1     dA_1P1       Asym      Astat          t         tp         xb         Q2          W     Dilute
   3    0 -8.849e-02  1.086e-02 1.5463e-02  3.783e-01  4.946e-01 1.4669e-02 -1.589e-02 -6.211e-02 1.4864e-02 -1.415e-03  2.061e-02 1.4497e-02  3.351e-02  3.492e-02 1.4523e-02 2.4683e-01 1.1886e-02 4.0635e-01 6.1209e-02 4.3679e-01 5.3215e+00 2.7858e+00 7.0453e-01
   Phi   PhiS      N_U_avg      N_D_avg     Asym_avg    dAsym_avg      N_U_fit      N_D_fit     Asym_fit    dAsym_fit     Asym_cal    dAsym_cal     GOOD_fit     GOOD_cal
15.000 15.000 4.983741e+01 6.598269e+01 -1.393996e-01 1.065690e+01 4.945869e+01 6.667468e+01 -1.482433e-01 1.065745e+01 1.397016e-01 1.159675e-02 5.867848e-04 -2.618971e-02
15.000 45.000 1.654671e+01 6.480349e+01 -5.931980e-01 7.261156e+00 1.629647e+01 6.572918e+01 -6.026494e-01 7.227382e+00 3.906219e-01 1.844869e-02 9.225474e-04 -1.354904e-01
15.000 75.000 1.775591e+01 8.882448e+01 -6.668072e-01 7.693592e+00 1.739037e+01 9.067248e+01 -6.781435e-01 7.639834e+00 5.368753e-01 2.745944e-02 1.045553e-03 -1.564516e-01
15.000 105.000 2.289817e+01 0.000000e+00 1.000000e+00 2.000000e+00 2.239409e+01 0.000000e+00 1.000000e+00 2.000000e+00 5.392734e-01 3.101320e-02 0.000000e+00 2.303356e-01
15.000 135.000 1.682053e+01 1.209567e+02 -7.558301e-01 7.685570e+00 1.660496e+01 1.221445e+02 -7.606482e-01 7.646632e+00 3.971736e-01 2.749452e-02 4.444070e-04 -1.500209e-01
15.000 165.000 2.210518e+01 0.000000e+00 1.000000e+00 2.000000e+00 2.220461e+01 0.000000e+00 1.000000e+00 2.000000e+00 1.486515e-01 1.850086e-02 0.000000e+00 4.256560e-01
15.000 195.000 7.512760e+01 2.513847e+01 4.985649e-01 8.680048e+00 7.613755e+01 2.473638e+01 5.095585e-01 8.641877e+00 -1.397016e-01 1.159675e-02 -8.975530e-04 7.353253e-02
15.000 225.000 5.236069e+01 0.000000e+00 1.000000e+00 2.000000e+00 5.362504e+01 0.000000e+00 1.000000e+00 2.000000e+00 -3.906218e-01 1.844869e-02 0.000000e+00 6.952813e-01
15.000 255.000 1.071439e+02 1.682734e+01 7.285282e-01 7.627128e+00 1.100116e+02 1.628061e+01 7.421755e-01 7.531756e+00 -5.368753e-01 2.745944e-02 -1.273165e-03 1.659072e-01
15.000 285.000 6.908233e+01 3.834983e+01 2.860643e-01 9.931802e+00 6.991627e+01 3.757918e+01 3.008229e-01 9.887756e+00 -5.392734e-01 3.101320e-02 -1.053090e-03 8.310009e-02
15.000 315.000 2.738960e+01 3.685971e+01 -1.473963e-01 7.928016e+00 2.740119e+01 3.647989e+01 -1.421188e-01 7.911437e+00 -3.971737e-01 2.749453e-02 -4.711965e-04 3.150547e-02
15.000 345.000 7.071849e+01 3.692430e+01 3.139476e-01 9.850542e+00 7.037722e+01 3.686586e+01 3.124804e-01 9.837248e+00 -1.486516e-01 1.850086e-02 1.053933e-04 4.696172e-02
45.000 15.000 5.105120e+01 2.859905e+01 2.818842e-01 8.562788e+00 5.014625e+01 2.938345e+01 2.610697e-01 8.608668e+00 1.215386e-01 2.441596e-02 1.714237e-03 1.872578e-02
45.000 45.000 2.140824e+01 6.107875e+01 -4.809305e-01 7.962929e+00 2.075273e+01 6.224813e+01 -4.999394e-01 7.890226e+00 3.613466e-01 2.528121e-02 1.695714e-03 -1.057743e-01
45.000 75.000 1.316891e+02 1.781307e+02 -1.498986e-01 1.740282e+01 1.261061e+02 1.824558e+02 -1.826204e-01 1.727053e+01 5.043321e-01 2.431361e-02 1.334607e-03 -3.759332e-02
45.000 105.000 6.306437e+01 5.554004e+01 6.344057e-02 1.086863e+01 6.133456e+01 5.650209e+01 4.100988e-02 1.084613e+01 5.121821e-01 2.236434e-02 1.460840e-03 -4.128770e-02
45.000 135.000 4.189102e+01 4.329233e+01 -1.645052e-02 9.228234e+00 4.163046e+01 4.327701e+01 -1.939225e-02 9.212792e+00 3.827934e-01 2.138138e-02 2.255970e-04 -4.326320e-02
45.000 165.000 2.201168e+02 1.250580e+02 2.753935e-01 1.786046e+01 2.228760e+02 1.241282e+02 2.845725e-01 1.785786e+01 1.508355e-01 2.247557e-02 -3.634289e-04 6.973940e-03
45.000 195.000 1.978671e+01 3.753349e+01 -3.096077e-01 7.199004e+00 2.006846e+01 3.658315e+01 -2.915131e-01 7.199817e+00 -1.215386e-01 2.441596e-02 -1.777203e-03 -2.612417e-02
45.000 225.000 5.089150e+01 2.582156e+01 3.268014e-01 8.277691e+00 5.177699e+01 2.516753e+01 3.458266e-01 8.230568e+00 -3.613466e-01 2.528121e-02 -1.629821e-03 8.313246e-02
45.000 255.000 4.194389e+01 6.709468e+01 -2.306596e-01 1.016058e+01 4.303428e+01 6.319641e+01 -1.897957e-01 1.011949e+01 -5.043320e-01 2.431361e-02 -2.849601e-03 2.693466e-02
45.000 285.000 8.326180e+01 3.855478e+01 3.670028e-01 1.026689e+01 8.503038e+01 3.767818e+01 3.858916e-01 1.021938e+01 -5.121821e-01 2.236434e-02 -1.303934e-03 8.563285e-02
45.000 315.000 1.016396e+02 9.240100e+01 4.761147e-02 1.391405e+01 1.022142e+02 9.159025e+01 5.481808e-02 1.390044e+01 -3.827935e-01 2.138138e-02 -3.664164e-04 3.093309e-02
45.000 345.000 3.932731e+01 4.747416e+01 -9.385604e-02 9.275604e+00 3.886566e+01 4.786975e+01 -1.038110e-01 9.262866e+00 -1.508356e-01 2.247557e-02 7.594177e-04 6.142927e-03
75.000 15.000 7.964854e+01 8.692821e+01 -4.370156e-02 1.289413e+01 7.697328e+01 9.021628e+01 -7.920948e-02 1.288955e+01 1.181135e-01 2.382583e-02 1.947580e-03 -1.254949e-02
75.000 45.000 2.971384e+01 7.154486e+00 6.118898e-01 4.802550e+00 2.899592e+01 7.298041e+00 5.978372e-01 4.829302e+00 3.254130e-01 2.305846e-02 2.063302e-03 5.965030e-02
75.000 75.000 9.932688e+01 8.159223e+01 9.802528e-02 1.338584e+01 9.627916e+01 8.390894e+01 6.865169e-02 1.339175e+01 4.455183e-01 2.263126e-02 1.551317e-03 -2.595971e-02
75.000 105.000 1.257817e+02 4.677955e+01 4.578208e-01 1.167872e+01 1.229552e+02 4.712932e+01 4.458130e-01 1.167392e+01 4.462473e-01 2.299202e-02 7.271807e-04 9.909912e-04
75.000 135.000 8.756139e+01 1.292180e+01 7.428068e-01 6.711214e+00 8.710319e+01 1.282556e+01 7.433059e-01 6.687134e+00 3.274047e-01 2.376153e-02 -5.268237e-05 6.189631e-02
75.000 165.000 6.132266e+01 1.130557e+02 -2.966713e-01 1.261074e+01 6.230739e+01 1.113755e+02 -2.825157e-01 1.264201e+01 1.208344e-01 2.416876e-02 -7.927482e-04 -3.310710e-02
75.000 195.000 1.609251e+02 6.285291e+01 4.382566e-01 1.344609e+01 1.656086e+02 6.127241e+01 4.598720e-01 1.337534e+01 -1.181135e-01 2.382583e-02 -1.139710e-03 4.137778e-02
75.000 225.000 1.725430e+01 1.496503e+02 -7.932435e-01 7.866533e+00 1.752624e+01 1.415492e+02 -7.796486e-01 7.898171e+00 -3.254129e-01 2.305846e-02 -1.219562e-03 -5.947075e-02
75.000 255.000 1.704740e+02 1.036126e+02 2.439425e-01 1.605541e+01 1.764146e+02 9.789343e+01 2.862519e-01 1.586919e+01 -4.455183e-01 2.263126e-02 -1.874211e-03 4.294253e-02
75.000 285.000 8.397389e+01 4.658147e+01 2.864104e-01 1.094741e+01 8.539677e+01 4.470020e+01 3.128172e-01 1.083358e+01 -4.462473e-01 2.299202e-02 -1.714538e-03 6.692506e-02
75.000 315.000 1.663294e+02 1.152726e+02 1.813085e-01 1.650288e+01 1.676213e+02 1.162625e+02 1.809149e-01 1.657083e+01 -3.274048e-01 2.376153e-02 1.682695e-05 3.082570e-02
75.000 345.000 5.712008e+01 8.456403e+01 -1.936982e-01 1.167768e+01 5.650535e+01 8.617851e+01 -2.079643e-01 1.168387e+01 -1.208344e-01 2.416876e-02 8.636172e-04 -6.239562e-03
105.000 15.000 1.182478e+01 1.750491e+01 -1.936647e-01 5.313158e+00 1.149382e+01 1.810361e+01 -2.233234e-01 5.302953e+00 1.673400e-01 2.416876e-02 3.950945e-03 -6.794470e-02
105.000 45.000 6.084168e+01 6.453011e+00 8.082163e-01 4.830826e+00 5.628278e+01 6.706198e+00 7.870676e-01 4.895800e+00 3.399148e-01 2.376153e-02 3.074881e-03 9.693909e-02
105.000 75.000 3.192227e+01 0.000000e+00 1.000000e+00 2.000000e+00 3.037918e+01 0.000000e+00 1.000000e+00 2.000000e+00 4.214097e-01 2.299202e-02 0.000000e+00 2.892760e-01
105.000 105.000 2.351189e+01 2.332960e+01 3.891721e-03 6.844032e+00 2.325890e+01 2.330177e+01 -9.206123e-04 6.823535e+00 3.899883e-01 2.263126e-02 4.979422e-04 -5.641330e-02
105.000 135.000 1.957662e+01 6.555457e+01 -5.400835e-01 7.765259e+00 2.004594e+01 6.667098e+01 -5.376694e-01 7.851628e+00 2.540698e-01 2.305846e-02 -2.186124e-04 -1.022696e-01
105.000 165.000 8.365016e+00 3.263357e+01 -5.919364e-01 5.160731e+00 8.601961e+00 3.187108e+01 -5.749289e-01 5.205281e+00 5.007349e-02 2.382583e-02 -2.320273e-03 -1.244016e-01
105.000 195.000 1.620565e+02 2.184857e+01 7.623930e-01 8.775621e+00 1.712093e+02 2.082731e+01 7.830902e-01 8.618233e+00 -1.673399e-01 2.416876e-02 -1.682727e-03 1.059446e-01
105.000 225.000 7.057300e+01 4.656530e+01 2.049517e-01 1.059329e+01 7.667168e+01 4.187430e+01 2.935349e-01 1.040825e+01 -3.399148e-01 2.376153e-02 -5.964829e-03 5.143491e-02
105.000 255.000 1.582250e+01 1.091668e+02 -7.468184e-01 7.434921e+00 1.608898e+01 1.023253e+02 -7.282596e-01 7.457336e+00 -4.214097e-01 2.299202e-02 -1.762399e-03 -4.376739e-02
105.000 285.000 9.757041e+01 0.000000e+00 1.000000e+00 2.000000e+00 9.997571e+01 0.000000e+00 1.000000e+00 2.000000e+00 -3.899883e-01 2.263126e-02 0.000000e+00 6.949496e-01
105.000 315.000 1.104822e+02 5.560763e+01 3.303907e-01 1.216387e+01 1.092864e+02 5.459365e+01 3.337365e-01 1.206760e+01 -2.540698e-01 2.305846e-02 -1.952637e-04 4.804881e-02
105.000 345.000 0.000000e+00 4.170197e+01 -1.000000e+00 2.000000e+00 0.000000e+00 4.318698e+01 -1.000000e+00 2.000000e+00 -5.007351e-02 2.382583e-02 0.000000e+00 -4.749295e-01
135.000 15.000 5.712201e+01 5.994592e+00 8.100471e-01 4.658432e+00 5.158276e+01 6.401978e+00 7.791840e-01 4.772902e+00 2.251756e-01 2.247557e-02 4.627524e-03 1.255497e-01
135.000 45.000 3.448502e+01 2.879631e+01 8.989560e-02 7.922748e+00 3.166828e+01 3.081040e+01 1.373074e-02 7.903600e+00 4.045134e-01 2.138138e-02 6.805947e-03 -3.971055e-02
135.000 75.000 1.541154e+01 0.000000e+00 1.000000e+00 2.000000e+00 1.407190e+01 0.000000e+00 1.000000e+00 2.000000e+00 4.754622e-01 2.236434e-02 0.000000e+00 2.622525e-01
135.000 105.000 4.583007e+01 6.650162e+01 -1.840224e-01 1.041766e+01 4.370237e+01 7.151392e+01 -2.413856e-01 1.041648e+01 4.190113e-01 2.431361e-02 3.893795e-03 -5.788554e-02
135.000 135.000 6.699725e+00 4.349787e+01 -7.330659e-01 4.818935e+00 6.753060e+00 4.341671e+01 -7.307917e-01 4.834902e+00 2.502866e-01 2.528121e-02 -3.331558e-04 -2.040573e-01
135.000 165.000 0.000000e+00 9.263050e+00 -1.000000e+00 2.000000e+00 0.000000e+00 8.913512e+00 -1.000000e+00 2.000000e+00 1.449788e-02 2.441596e-02 0.000000e+00 -5.072111e-01
135.000 195.000 4.792808e+01 0.000000e+00 1.000000e+00 2.000000e+00 5.192708e+01 0.000000e+00 1.000000e+00 2.000000e+00 -2.251756e-01 2.247557e-02 0.000000e+00 6.125491e-01
135.000 225.000 0.000000e+00 2.646716e+01 -1.000000e+00 2.000000e+00 0.000000e+00 2.381721e+01 -1.000000e+00 2.000000e+00 -4.045134e-01 2.138138e-02 0.000000e+00 -2.977263e-01
135.000 255.000 1.682279e+01 0.000000e+00 1.000000e+00 2.000000e+00 1.772224e+01 0.000000e+00 1.000000e+00 2.000000e+00 -4.754622e-01 2.236434e-02 0.000000e+00 7.376850e-01
135.000 285.000 0.000000e+00 0.000000e+00         -nan         -nan 0.000000e+00 0.000000e+00         -nan         -nan -4.190113e-01 2.431361e-02         -nan         -nan
135.000 315.000 2.966010e+01 4.818843e+01 -2.380049e-01 8.569638e+00 2.917993e+01 4.771485e+01 -2.410426e-01 8.510410e+00 -2.502866e-01 2.528121e-02 2.515154e-04 1.433162e-03
135.000 345.000 4.297282e+01 0.000000e+00 1.000000e+00 2.000000e+00 4.100517e+01 0.000000e+00 1.000000e+00 2.000000e+00 -1.449790e-02 2.441596e-02 0.000000e+00 5.072112e-01
165.000 15.000 3.823604e+01 9.876219e+00 5.894510e-01 5.603172e+00 3.718440e+01 1.009228e+01 5.730548e-01 5.634838e+00 1.952091e-01 1.850086e-02 2.063329e-03 7.036011e-02
165.000 45.000 0.000000e+00 4.988769e+01 -1.000000e+00 2.000000e+00 0.000000e+00 5.501503e+01 -1.000000e+00 2.000000e+00 4.222837e-01 2.749452e-02 0.000000e+00 -7.110747e-01
165.000 75.000 0.000000e+00 6.140358e+01 -1.000000e+00 2.000000e+00 0.000000e+00 6.758637e+01 -1.000000e+00 2.000000e+00 5.362077e-01 3.101320e-02 0.000000e+00 -7.680115e-01
165.000 105.000 4.271453e+01 6.589196e+01 -2.134073e-01 1.018137e+01 3.677860e+01 7.170594e+01 -3.219569e-01 9.861006e+00 5.064554e-01 2.745944e-02 7.658405e-03 -7.070367e-02
165.000 135.000 0.000000e+00 0.000000e+00         -nan         -nan 0.000000e+00 0.000000e+00         -nan         -nan 3.409987e-01 1.844869e-02         -nan         -nan
165.000 165.000 2.971597e+01 1.942469e+01 2.094251e-01 6.854590e+00 2.920957e+01 1.908325e+01 2.096859e-01 6.794812e+00 8.417166e-02 1.159675e-02 -2.701792e-05 1.827290e-02
165.000 195.000 3.317541e+01 7.625151e+00 6.262232e-01 4.980000e+00 3.591242e+01 7.130609e+00 6.686754e-01 4.878252e+00 -1.952091e-01 1.850086e-02 -6.089637e-03 1.649451e-01
165.000 225.000 3.209534e+01 0.000000e+00 1.000000e+00 2.000000e+00 3.487966e+01 0.000000e+00 1.000000e+00 2.000000e+00 -4.222837e-01 2.749452e-02 0.000000e+00 7.110747e-01
165.000 255.000 8.515991e+01 2.763617e+01 5.099799e-01 9.135652e+00 9.677726e+01 2.330633e+01 6.118316e-01 8.667857e+00 -5.362077e-01 3.101320e-02 -8.087746e-03 1.145164e-01
165.000 285.000 1.280934e+01 0.000000e+00 1.000000e+00 2.000000e+00 1.355057e+01 0.000000e+00 1.000000e+00 2.000000e+00 -5.064554e-01 2.745944e-02 0.000000e+00 7.531567e-01
165.000 315.000 6.471428e+01 0.000000e+00 1.000000e+00 2.000000e+00 7.120332e+01 0.000000e+00 1.000000e+00 2.000000e+00 -3.409987e-01 1.844869e-02 0.000000e+00 6.704708e-01
165.000 345.000 0.000000e+00 1.272748e+01 -1.000000e+00 2.000000e+00 0.000000e+00 1.291694e+01 -1.000000e+00 2.000000e+00 -8.417169e-02 1.159675e-02 0.000000e+00 -4.579065e-01
195.000 15.000 7.278707e+00 1.627801e+01 -3.820270e-01 4.485392e+00 7.189648e+00 1.660426e+01 -3.956732e-01 4.479821e+00 8.417166e-02 1.159674e-02 2.152613e-03 -1.039368e-01
195.000 45.000 1.017003e+01 0.000000e+00 1.000000e+00 2.000000e+00 9.531178e+00 0.000000e+00 1.000000e+00 2.000000e+00 3.409987e-01 1.844869e-02 0.000000e+00 3.294867e-01
195.000 75.000 1.719881e+01 0.000000e+00 1.000000e+00 2.000000e+00 1.564743e+01 0.000000e+00 1.000000e+00 2.000000e+00 5.064554e-01 2.745945e-02 0.000000e+00 2.467491e-01
195.000 105.000 0.000000e+00 3.239207e+01 -1.000000e+00 2.000000e+00 0.000000e+00 3.672241e+01 -1.000000e+00 2.000000e+00 5.362077e-01 3.101320e-02 0.000000e+00 -7.680115e-01
195.000 135.000 7.398918e+01 0.000000e+00 1.000000e+00 2.000000e+00 6.365079e+01 0.000000e+00 1.000000e+00 2.000000e+00 4.222837e-01 2.749452e-02 0.000000e+00 2.888309e-01
195.000 165.000 1.677931e+01 2.801505e+01 -2.508295e-01 6.478897e+00 1.572530e+01 2.941540e+01 -3.032762e-01 6.402251e+00 1.952091e-01 1.850086e-02 5.757990e-03 -6.884455e-02
195.000 195.000 0.000000e+00 4.191134e+01 -1.000000e+00 2.000000e+00 0.000000e+00 4.090727e+01 -1.000000e+00 2.000000e+00 -8.417163e-02 1.159674e-02 0.000000e+00 -4.579065e-01
195.000 225.000 2.183870e+01 0.000000e+00 1.000000e+00 2.000000e+00 2.328891e+01 0.000000e+00 1.000000e+00 2.000000e+00 -3.409986e-01 1.844869e-02 0.000000e+00 6.704708e-01
195.000 255.000 4.512134e+01 0.000000e+00 1.000000e+00 2.000000e+00 4.986455e+01 0.000000e+00 1.000000e+00 2.000000e+00 -5.064553e-01 2.745944e-02 0.000000e+00 7.531567e-01
195.000 285.000 2.190595e+01 0.000000e+00 1.000000e+00 2.000000e+00 2.408581e+01 0.000000e+00 1.000000e+00 2.000000e+00 -5.362078e-01 3.101320e-02 0.000000e+00 7.680115e-01
195.000 315.000 7.005013e+01 2.225834e+01 5.177401e-01 8.219778e+00 7.827853e+01 1.969888e+01 5.978894e-01 7.934309e+00 -4.222837e-01 2.749453e-02 -7.015595e-03 1.143606e-01
195.000 345.000 1.332039e+02 1.352392e+01 8.156598e-01 7.007829e+00 1.416240e+02 1.257329e+01 8.369195e-01 6.796487e+00 -1.952091e-01 1.850086e-02 -2.177746e-03 1.442480e-01
225.000 15.000 2.978512e+01 1.388451e+01 3.641114e-01 6.154675e+00 3.101977e+01 1.321996e+01 4.023490e-01 6.089170e+00 1.449786e-02 2.441596e-02 -4.416537e-03 5.680410e-02
225.000 45.000 8.376195e+01 4.002124e+01 3.533655e-01 1.040801e+01 8.179760e+01 4.100729e+01 3.321554e-01 1.045257e+01 2.502866e-01 2.528121e-02 1.437901e-03 9.903769e-03
225.000 75.000 4.478979e+01 3.110053e+01 1.803821e-01 8.568607e+00 4.227604e+01 3.246042e+01 1.313365e-01 8.570140e+00 4.190113e-01 2.431361e-02 4.047024e-03 -2.784913e-02
225.000 105.000 1.323263e+02 7.235458e+00 8.963117e-01 5.238451e+00 1.166389e+02 7.700549e+00 8.761367e-01 5.375366e+00 4.754622e-01 2.236434e-02 2.687956e-03 8.033781e-02
225.000 135.000 6.140096e+00 3.298038e+01 -6.860930e-01 4.550335e+00 5.530482e+00 3.595529e+01 -7.333793e-01 4.378681e+00 4.045134e-01 2.138138e-02 7.488023e-03 -2.396734e-01
225.000 165.000 7.798841e+01 9.028409e+01 -7.307003e-02 1.293731e+01 7.209723e+01 9.786003e+01 -1.515840e-01 1.288612e+01 2.251756e-01 2.247557e-02 4.299790e-03 -2.305310e-02
225.000 195.000 0.000000e+00 1.081570e+02 -1.000000e+00 2.000000e+00 0.000000e+00 1.111994e+02 -1.000000e+00 2.000000e+00 -1.449783e-02 2.441596e-02 0.000000e+00 -4.927144e-01
225.000 225.000 0.000000e+00 0.000000e+00         -nan         -nan 0.000000e+00 0.000000e+00         -nan         -nan -2.502866e-01 2.528121e-02         -nan         -nan
225.000 255.000 6.484358e+01 4.397914e+00 8.729688e-01 4.058856e+00 6.921746e+01 4.186319e+00 8.859372e-01 3.973697e+00 -4.190113e-01 2.431361e-02 -2.283091e-03 3.183057e-01
225.000 285.000 4.474912e+01 0.000000e+00 1.000000e+00 2.000000e+00 4.859903e+01 0.000000e+00 1.000000e+00 2.000000e+00 -4.754622e-01 2.236434e-02 0.000000e+00 7.376850e-01
225.000 315.000 2.133194e+01 4.741082e+01 -3.793690e-01 7.671326e+00 2.287382e+01 4.110701e+01 -2.849789e-01 7.667122e+00 -4.045134e-01 2.138138e-02 -8.702822e-03 3.277707e-03
225.000 345.000 0.000000e+00 1.628168e+01 -1.000000e+00 2.000000e+00 0.000000e+00 1.513257e+01 -1.000000e+00 2.000000e+00 -2.251756e-01 2.247557e-02 0.000000e+00 -3.873877e-01
255.000 15.000 3.703486e+01 3.467616e+01 3.289172e-02 8.463654e+00 3.932085e+01 3.379863e+01 7.552323e-02 8.526572e+00 5.007345e-02 2.382583e-02 -3.548490e-03 -2.030052e-03
255.000 45.000 2.315309e+01 6.876963e+01 -4.962489e-01 8.323795e+00 2.320139e+01 6.845672e+01 -4.937406e-01 8.325486e+00 2.540697e-01 2.305846e-02 -2.130604e-04 -9.014107e-02
255.000 75.000 1.355004e+01 2.165841e+01 -2.302962e-01 5.774177e+00 1.297209e+01 2.196752e+01 -2.574567e-01 5.711714e+00 3.899883e-01 2.263126e-02 3.344113e-03 -1.074231e-01
255.000 105.000 1.633937e+01 2.348433e+01 -1.794147e-01 6.208203e+00 1.552235e+01 2.418081e+01 -2.180799e-01 6.149384e+00 4.214097e-01 2.299202e-02 4.424832e-03 -9.677845e-02
255.000 135.000 3.125366e+00 2.905223e+01 -8.057427e-01 3.359645e+00 3.052165e+00 3.060197e+01 -8.186158e-01 3.331881e+00 3.399148e-01 2.376153e-02 2.720615e-03 -3.409970e-01
255.000 165.000 1.807826e+02 3.102917e+01 7.070118e-01 1.029244e+01 1.654621e+02 3.303703e+01 6.671318e-01 1.049543e+01 1.673400e-01 2.416876e-02 2.712936e-03 5.243366e-02
255.000 195.000 8.876988e+01 4.663261e+01 3.112002e-01 1.105845e+01 8.494925e+01 4.920933e+01 2.664006e-01 1.116411e+01 -5.007343e-02 2.382583e-02 2.850952e-03 3.266938e-02
255.000 225.000 1.167779e+02 7.993514e+01 1.872918e-01 1.377725e+01 1.175278e+02 8.065654e+01 1.860452e-01 1.383201e+01 -2.540697e-01 2.305846e-02 6.385141e-05 3.203548e-02
255.000 255.000 1.564007e+02 4.179557e+01 5.782405e-01 1.148594e+01 1.609753e+02 4.020527e+01 6.003065e-01 1.134379e+01 -3.899882e-01 2.263126e-02 -1.366877e-03 8.429667e-02
255.000 285.000 6.272783e+00 3.510503e+01 -6.968045e-01 4.613824e+00 6.333216e+00 3.377414e+01 -6.841869e-01 4.618727e+00 -4.214097e-01 2.299202e-02 -1.932730e-03 -5.968830e-02
255.000 315.000 1.412887e+02 8.343280e+01 2.574560e-01 1.448538e+01 1.499155e+02 7.803206e+01 3.153510e-01 1.432756e+01 -3.399148e-01 2.376153e-02 -2.841592e-03 4.123952e-02
255.000 345.000 1.257600e+02 4.401911e+01 4.814543e-01 1.142036e+01 1.342110e+02 4.123634e+01 5.299292e-01 1.123287e+01 -1.673400e-01 2.416876e-02 -3.026126e-03 5.681020e-02
285.000 15.000 1.086556e+02 1.277281e+02 -8.068412e-02 1.532465e+01 1.108427e+02 1.253524e+02 -6.143123e-02 1.533961e+01 1.208343e-01 2.416876e-02 -8.879290e-04 -1.314994e-02
285.000 45.000 1.509213e+01 1.228904e+02 -7.812458e-01 7.332502e+00 1.524493e+01 1.233900e+02 -7.800708e-01 7.367097e+00 3.274047e-01 2.376153e-02 -1.130460e-04 -1.511960e-01
285.000 75.000 8.216761e+01 6.525130e+01 1.147499e-01 1.206142e+01 8.059477e+01 6.591494e+01 1.001970e-01 1.204321e+01 4.462473e-01 2.299202e-02 8.538156e-04 -2.748407e-02
285.000 105.000 3.780698e+01 6.143275e+01 -2.380676e-01 9.675495e+00 3.695000e+01 6.433550e+01 -2.703793e-01 9.689222e+00 4.455183e-01 2.263126e-02 2.359735e-03 -7.065106e-02
285.000 135.000 3.600640e+01 9.256567e+01 -4.399032e-01 1.018290e+01 3.509620e+01 9.691486e+01 -4.682840e-01 1.015196e+01 3.254130e-01 2.305846e-02 1.973772e-03 -7.515680e-02
285.000 165.000 4.132402e+01 1.260542e+02 -5.062199e-01 1.115733e+01 4.048236e+01 1.303911e+02 -5.261715e-01 1.111603e+01 1.181136e-01 2.382583e-02 1.266791e-03 -5.595709e-02
285.000 195.000 9.386891e+01 2.822707e+01 5.376249e-01 9.316936e+00 9.261700e+01 2.854459e+01 5.288179e-01 9.342320e+00 -1.208343e-01 2.416876e-02 6.674920e-04 7.067312e-02
285.000 225.000 7.951889e+01 1.009629e+02 -1.188153e-01 1.333919e+01 8.024708e+01 1.006561e+02 -1.128172e-01 1.336416e+01 -3.274047e-01 2.376153e-02 -3.176609e-04 1.563731e-02
285.000 255.000 7.826566e+01 2.196217e+01 5.617550e-01 8.282455e+00 7.897969e+01 2.179209e+01 5.674962e-01 8.265473e+00 -4.462473e-01 2.299202e-02 -4.906522e-04 1.217028e-01
285.000 285.000 2.591704e+02 5.410608e+01 6.545793e-01 1.338079e+01 2.667511e+02 5.276261e+01 6.697318e-01 1.327399e+01 -4.455183e-01 2.263126e-02 -8.039332e-04 8.221457e-02
285.000 315.000 8.355536e+01 7.274864e+01 6.913909e-02 1.247224e+01 8.571539e+01 6.768150e+01 1.175636e-01 1.229946e+01 -3.254130e-01 2.305846e-02 -2.764484e-03 3.163436e-02
285.000 345.000 4.851927e+01 6.609435e+01 -1.533420e-01 1.057916e+01 4.951451e+01 6.345311e+01 -1.233858e-01 1.054741e+01 -1.181136e-01 2.382583e-02 -2.005267e-03 -3.329977e-03
315.000 15.000 7.210818e+01 1.992325e+01 5.670338e-01 7.901950e+00 7.322007e+01 1.994333e+01 5.718635e-01 7.918104e+00 1.508355e-01 2.247557e-02 -4.317415e-04 5.267012e-02
315.000 45.000 6.162045e+01 1.686307e+01 5.702774e-01 7.277320e+00 6.125980e+01 1.692419e+01 5.670676e-01 7.283043e+00 3.827934e-01 2.138138e-02 3.117682e-04 2.576267e-02
315.000 75.000 5.576868e+01 9.340684e+01 -2.523079e-01 1.181859e+01 5.374157e+01 9.552763e+01 -2.799376e-01 1.172910e+01 5.121821e-01 2.236434e-02 1.659354e-03 -6.468526e-02
315.000 105.000 9.338589e+01 7.598871e+01 1.027142e-01 1.294557e+01 8.952467e+01 7.846651e+01 6.582579e-02 1.293303e+01 5.043320e-01 2.431361e-02 2.015879e-03 -3.102353e-02
315.000 135.000 5.826637e+01 4.894402e+01 8.695380e-02 1.031503e+01 5.675397e+01 4.980921e+01 6.517040e-02 1.030100e+01 3.613466e-01 2.528121e-02 1.494292e-03 -2.660119e-02
315.000 165.000 4.853452e+01 6.442532e+01 -1.406766e-01 1.052257e+01 4.759835e+01 6.556481e+01 -1.587659e-01 1.050289e+01 1.215387e-01 2.441596e-02 1.216725e-03 -2.491926e-02
315.000 195.000 3.911274e+01 3.412037e+01 6.817097e-02 8.537727e+00 3.893763e+01 3.440747e+01 6.176500e-02 8.547824e+00 -1.508355e-01 2.247557e-02 5.302387e-04 2.565152e-02
315.000 225.000 1.109752e+02 8.817824e+01 1.144692e-01 1.401941e+01 1.114086e+02 8.750893e+01 1.201489e-01 1.400164e+01 -3.827934e-01 2.138138e-02 -2.866502e-04 3.546954e-02
315.000 255.000 4.078535e+01 1.210289e+01 5.423219e-01 6.110083e+00 4.128816e+01 1.191473e+01 5.521022e-01 6.081591e+00 -5.121821e-01 2.236434e-02 -1.134496e-03 1.725831e-01
315.000 285.000 1.508685e+02 7.377043e+01 3.432089e-01 1.407758e+01 1.557454e+02 7.003931e+01 3.795921e-01 1.390149e+01 -5.043321e-01 2.431361e-02 -1.838965e-03 6.020494e-02
315.000 315.000 4.710640e+01 8.108806e+01 -2.650789e-01 1.091726e+01 4.855163e+01 7.844814e+01 -2.354061e-01 1.095271e+01 -3.613466e-01 2.528121e-02 -1.918782e-03 8.817909e-03
315.000 345.000 4.465193e+01 1.545302e+02 -5.516473e-01 1.177150e+01 4.543740e+01 1.519556e+02 -5.396251e-01 1.182849e+01 -1.215387e-01 2.441596e-02 -7.204249e-04 -3.653807e-02
345.000 15.000 7.518063e+01 3.951475e+01 3.109618e-01 1.017864e+01 7.553743e+01 3.961045e+01 3.120073e-01 1.019502e+01 1.486515e-01 1.850087e-02 -7.257456e-05 1.594614e-02
345.000 45.000 1.157130e+01 2.304638e-01 9.609442e-01 9.507119e-01 1.145281e+01 2.316945e-01 9.603416e-01 9.531006e-01 3.971736e-01 2.749452e-02 4.476389e-04 5.927505e-01
345.000 75.000 0.000000e+00 2.984969e+01 -1.000000e+00 2.000000e+00 0.000000e+00 3.017680e+01 -1.000000e+00 2.000000e+00 5.392734e-01 3.101320e-02 0.000000e+00 -7.695442e-01
345.000 105.000 6.983545e+01 1.064283e+01 7.355105e-01 6.077951e+00 6.684438e+01 1.076245e+01 7.226417e-01 6.089309e+00 5.368753e-01 2.745944e-02 1.495755e-03 3.268095e-02
345.000 135.000 5.360154e+01 1.044928e+02 -3.219044e-01 1.190429e+01 5.266397e+01 1.065945e+02 -3.386351e-01 1.187416e+01 3.906219e-01 1.844869e-02 9.950470e-04 -5.985449e-02
345.000 165.000 1.683124e+01 2.971008e+01 -2.767184e-01 6.555723e+00 1.658111e+01 3.029360e+01 -2.925349e-01 6.547010e+00 1.397017e-01 1.159675e-02 1.707124e-03 -6.351997e-02
345.000 195.000 5.343168e+01 2.864229e+00 8.982438e-01 3.297576e+00 5.346765e+01 2.874860e+00 8.979506e-01 3.303435e+00 -1.486515e-01 1.850086e-02 6.282018e-05 3.174692e-01
345.000 225.000 1.901257e+01 3.565990e+01 -3.044921e-01 7.042974e+00 1.921709e+01 3.506852e+01 -2.920007e-01 7.046771e+00 -3.971736e-01 2.749452e-02 -1.253786e-03 1.315933e-02
345.000 255.000 3.640369e+01 5.447263e+01 -1.988299e-01 9.342573e+00 3.683989e+01 5.293468e+01 -1.792801e-01 9.321432e+00 -5.392734e-01 3.101320e-02 -1.481334e-03 3.643981e-02
345.000 285.000 1.006224e+02 3.960130e+01 4.351696e-01 1.066157e+01 1.021005e+02 3.832768e+01 4.541311e-01 1.055779e+01 -5.368753e-01 2.745944e-02 -1.263722e-03 9.117243e-02
345.000 315.000 1.694774e+01 3.987114e+00 6.190932e-01 3.593191e+00 1.714602e+01 3.894899e+00 6.297787e-01 3.563095e+00 -3.906219e-01 1.844869e-02 -2.111633e-03 2.810042e-01
345.000 345.000 2.008613e+01 1.244849e+01 2.347543e-01 5.544515e+00 2.020446e+01 1.237629e+01 2.402697e-01 5.540747e+00 -1.397017e-01 1.159675e-02 -7.036343e-04 6.753615e-02
