  #t  #Q2   A1M1_AVG      A_1M1     dA_1M1   A0P1_AVG      A_0P1     dA_0P1   A2M1_AVG      A_2M1     dA_2M1   A3M1_AVG      A_3M1     dA_3M1   A1P1_AVG      A_1P1     dA_1P1       Asym      Astat          t         tp         xb         Q2          W     Dilute
   3    0 -6.297e-02 -5.039e-02 1.6993e-02  3.920e-01  5.235e-01 1.5982e-02 -1.108e-02 -7.029e-02 1.6204e-02 -5.387e-04  2.436e-02 1.5918e-02  2.415e-02  8.688e-02 1.6172e-02 1.3624e-01 9.4552e-03 3.4925e-01 4.2603e-02 4.3592e-01 5.2801e+00 2.7865e+00 7.3649e-01
   Phi   PhiS      N_U_avg      N_D_avg     Asym_avg    dAsym_avg      N_U_fit      N_D_fit     Asym_fit    dAsym_fit     Asym_cal    dAsym_cal     GOOD_fit     GOOD_cal
15.000 15.000 1.197767e+02 8.563332e+01 1.662207e-01 1.413275e+01 1.141143e+02 8.849252e+01 1.264605e-01 1.411973e+01 1.729194e-01 1.278390e-02 1.990246e-03 -4.739849e-04
15.000 45.000 2.485094e+01 2.997702e+01 -9.349387e-02 7.372157e+00 2.310843e+01 3.198608e+01 -1.611349e-01 7.325573e+00 4.887981e-01 2.033818e-02 6.508377e-03 -7.898499e-02
15.000 75.000 4.772995e+01 3.853320e+01 1.066128e-01 9.234861e+00 4.155602e+01 4.166077e+01 -1.258782e-03 9.122317e+00 6.737037e-01 3.018360e-02 8.310130e-03 -6.140731e-02
15.000 105.000 7.812999e+01 8.526040e+00 8.032211e-01 5.545148e+00 6.814635e+01 9.334611e+00 7.590476e-01 5.730624e+00 6.780910e-01 3.403299e-02 5.539513e-03 2.256526e-02
15.000 135.000 5.015388e+00 1.465138e+02 -9.338030e-01 4.404264e+00 4.751785e+00 1.550680e+02 -9.405357e-01 4.294417e+00 5.007844e-01 3.013355e-02 1.094501e-03 -3.257193e-01
15.000 165.000 5.947213e+01 3.479729e+01 2.617481e-01 9.370743e+00 5.763672e+01 3.537809e+01 2.393019e-01 9.364202e+00 1.892930e-01 2.026382e-02 1.694355e-03 7.732041e-03
15.000 195.000 9.476301e+00 5.266114e+01 -6.949891e-01 5.667844e+00 9.930998e+00 5.203688e+01 -6.794791e-01 5.775622e+00 -1.729193e-01 1.278390e-02 -1.916670e-03 -9.211058e-02
15.000 225.000 6.707436e+01 5.309939e+01 1.162897e-01 1.088800e+01 7.211116e+01 4.907045e+01 1.901337e-01 1.080744e+01 -4.887980e-01 2.033818e-02 -4.813476e-03 5.557371e-02
15.000 255.000 8.045790e+01 4.588585e+01 2.736348e-01 1.081127e+01 8.653539e+01 4.016496e+01 3.659850e-01 1.047518e+01 -6.737037e-01 3.018360e-02 -6.134731e-03 8.762472e-02
15.000 285.000 4.671397e+01 2.987402e+01 2.198771e-01 8.537287e+00 5.075086e+01 2.515212e+01 3.372560e-01 8.201808e+00 -6.780910e-01 3.403299e-02 -9.914837e-03 1.051811e-01
15.000 315.000 6.229045e+01 2.701653e+01 3.949738e-01 8.681861e+00 6.502600e+01 2.452898e+01 4.522029e-01 8.440504e+00 -5.007844e-01 3.013355e-02 -4.726338e-03 1.031752e-01
15.000 345.000 8.197203e+01 6.577868e+01 1.095991e-01 1.208205e+01 8.301903e+01 6.371930e+01 1.315248e-01 1.200833e+01 -1.892930e-01 2.026383e-02 -1.287127e-03 2.473849e-02
45.000 15.000 2.763617e+01 1.035773e+02 -5.787601e-01 9.341400e+00 2.735026e+01 1.068097e+02 -5.922739e-01 9.332642e+00 1.387385e-01 2.684155e-02 1.023415e-03 -7.680815e-02
45.000 45.000 1.046554e+02 2.577000e+02 -4.223606e-01 1.725443e+01 9.676948e+01 2.701868e+02 -4.725830e-01 1.688201e+01 4.317079e-01 2.781930e-02 2.080504e-03 -4.949844e-02
45.000 75.000 1.026130e+02 1.569755e+02 -2.094182e-01 1.575449e+01 9.184239e+01 1.684840e+02 -2.944059e-01 1.541955e+01 6.090014e-01 2.672603e-02 3.855251e-03 -5.194827e-02
45.000 105.000 5.585227e+01 8.158812e+01 -1.872510e-01 1.151613e+01 4.965296e+01 8.638518e+01 -2.700141e-01 1.123031e+01 6.231136e-01 2.451945e-02 5.145221e-03 -7.036760e-02
45.000 135.000 1.021763e+02 7.426606e+01 1.581831e-01 1.311592e+01 9.497454e+01 7.645652e+01 1.080202e-01 1.301656e+01 4.702630e-01 2.340425e-02 2.714649e-03 -2.379393e-02
45.000 165.000 7.266787e+01 2.456348e+02 -5.434039e-01 1.497704e+01 7.039639e+01 2.502602e+02 -5.609234e-01 1.482453e+01 1.914057e-01 2.464532e-02 8.313653e-04 -4.906234e-02
45.000 195.000 1.886747e+02 1.511392e+02 1.104590e-01 1.832124e+01 1.926715e+02 1.476732e+02 1.322139e-01 1.828648e+01 -1.387385e-01 2.684155e-02 -8.404273e-04 1.360154e-02
45.000 225.000 1.602752e+02 4.951479e+01 5.279584e-01 1.230094e+01 1.696711e+02 4.568307e+01 5.757401e-01 1.199872e+01 -4.317078e-01 2.781930e-02 -2.780624e-03 7.801550e-02
45.000 255.000 1.385145e+02 3.526464e+01 5.941441e-01 1.060348e+01 1.486760e+02 3.115721e+01 6.534877e-01 1.015067e+01 -6.090014e-01 2.672603e-02 -4.042779e-03 1.134667e-01
45.000 285.000 1.634284e+02 0.000000e+00 1.000000e+00 2.000000e+00 1.753106e+02 0.000000e+00 1.000000e+00 2.000000e+00 -6.231136e-01 2.451945e-02 0.000000e+00 8.114958e-01
45.000 315.000 1.126186e+02 1.265708e+02 -5.833136e-02 1.543942e+01 1.171732e+02 1.171048e+02 2.921459e-04 1.530614e+01 -4.702630e-01 2.340425e-02 -2.696500e-03 2.668049e-02
45.000 345.000 1.094739e+02 1.748117e+02 -2.298317e-01 1.640942e+01 1.132345e+02 1.682050e+02 -1.953191e-01 1.645305e+01 -1.914058e-01 2.464532e-02 -1.485224e-03 -2.341696e-03
75.000 15.000 1.629197e+02 1.053005e+02 2.148205e-01 1.599507e+01 1.577355e+02 1.060703e+02 1.958454e-01 1.592757e+01 1.168502e-01 2.626492e-02 8.406220e-04 6.125022e-03
75.000 45.000 1.396263e+02 8.472140e+01 2.447314e-01 1.452277e+01 1.322746e+02 9.109428e+01 1.843603e-01 1.468935e+01 3.523208e-01 2.531864e-02 2.922631e-03 -7.408313e-03
75.000 75.000 1.760090e+02 1.182234e+02 1.963947e-01 1.681914e+01 1.669403e+02 1.247190e+02 1.447623e-01 1.689814e+01 4.933872e-01 2.473912e-02 2.165626e-03 -1.765799e-02
75.000 105.000 8.692966e+01 1.396333e+02 -2.326226e-01 1.463909e+01 8.164046e+01 1.450183e+02 -2.796178e-01 1.445466e+01 5.022510e-01 2.513616e-02 2.284338e-03 -5.019933e-02
75.000 135.000 5.994252e+01 9.185252e+01 -2.102177e-01 1.204521e+01 5.794638e+01 9.287696e+01 -2.315993e-01 1.194711e+01 3.765370e-01 2.608905e-02 1.260315e-03 -4.871260e-02
75.000 165.000 1.934031e+02 1.857897e+02 2.007813e-02 1.946895e+01 1.924942e+02 1.860651e+02 1.698310e-02 1.945379e+01 1.499303e-01 2.663922e-02 1.124546e-04 -6.669699e-03
75.000 195.000 2.203185e+02 1.544281e+02 1.758265e-01 1.905679e+01 2.256424e+02 1.496159e+02 2.025978e-01 1.896986e+01 -1.168502e-01 2.626492e-02 -9.956250e-04 1.535811e-02
75.000 225.000 0.000000e+00 1.711116e+02 -1.000000e+00 2.000000e+00 0.000000e+00 1.625670e+02 -1.000000e+00 2.000000e+00 -3.523207e-01 2.531864e-02 0.000000e+00 -3.238137e-01
75.000 255.000 2.424202e+02 2.059070e+02 8.144328e-02 2.110340e+01 2.528823e+02 1.925205e+02 1.355217e-01 2.090987e+01 -4.933872e-01 2.473912e-02 -1.820323e-03 2.723874e-02
75.000 285.000 2.465103e+02 8.549643e+01 4.849717e-01 1.593485e+01 2.551922e+02 8.004788e+01 5.224445e-01 1.561208e+01 -5.022510e-01 2.513616e-02 -1.679775e-03 6.195360e-02
75.000 315.000 1.078824e+02 1.443897e+02 -1.447139e-01 1.571588e+01 1.095137e+02 1.411474e+02 -1.262007e-01 1.570570e+01 -3.765371e-01 2.608905e-02 -8.332363e-04 1.475086e-02
75.000 345.000 7.561842e+01 1.748966e+02 -3.962962e-01 1.453174e+01 7.510654e+01 1.748533e+02 -3.990511e-01 1.449675e+01 -1.499303e-01 2.663922e-02 1.342106e-04 -1.695362e-02
105.000 15.000 7.167774e+01 3.993183e+01 2.844371e-01 1.012817e+01 6.739966e+01 4.060884e+01 2.480436e-01 1.006793e+01 1.574381e-01 2.663923e-02 2.548409e-03 1.253914e-02
105.000 45.000 1.209809e+02 6.549289e+01 2.975648e-01 1.303697e+01 1.147048e+02 7.061294e+01 2.379257e-01 1.322222e+01 3.274190e-01 2.608905e-02 3.211841e-03 -2.289958e-03
105.000 75.000 7.837227e+01 1.390930e+01 6.985465e-01 6.873950e+00 7.464956e+01 1.494485e+01 6.663888e-01 7.057468e+00 4.096683e-01 2.513616e-02 3.264125e-03 4.202478e-02
105.000 105.000 8.664267e+01 5.628975e+01 2.123585e-01 1.168275e+01 8.780816e+01 5.738804e+01 2.095104e-01 1.178231e+01 3.821473e-01 2.473912e-02 1.716509e-04 -1.453325e-02
105.000 135.000 2.487208e+01 7.207882e+01 -4.869138e-01 8.600308e+00 2.537289e+01 7.288539e+01 -4.835471e-01 8.676621e+00 2.522302e-01 2.531864e-02 -2.755862e-04 -8.594354e-02
105.000 165.000 4.414150e+01 7.207968e+01 -2.403880e-01 1.046447e+01 4.579688e+01 6.986294e+01 -2.080762e-01 1.051914e+01 5.472828e-02 2.626492e-02 -2.177679e-03 -2.820164e-02
105.000 195.000 8.456978e+01 3.388371e+01 4.278985e-01 9.836920e+00 8.871891e+01 3.245721e+01 4.642969e-01 9.749564e+00 -1.574380e-01 2.663923e-02 -2.628066e-03 5.950383e-02
105.000 225.000 1.144524e+02 1.350673e+02 -8.261863e-02 1.574219e+01 1.215325e+02 1.282342e+02 -2.683197e-02 1.579832e+01 -3.274190e-01 2.608905e-02 -2.501359e-03 1.555057e-02
105.000 255.000 3.118568e+01 1.087606e+02 -5.543191e-01 9.846066e+00 3.324733e+01 1.021763e+02 -5.089877e-01 1.001697e+01 -4.096683e-01 2.513616e-02 -3.227403e-03 -1.469119e-02
105.000 285.000 2.044064e+02 6.444016e+01 5.206175e-01 1.399920e+01 2.052207e+02 6.466028e+01 5.208237e-01 1.402404e+01 -3.821473e-01 2.473912e-02 -1.040710e-05 6.448677e-02
105.000 315.000 2.938627e+02 9.866561e+01 4.972816e-01 1.718896e+01 2.920645e+02 9.949284e+01 4.918096e-01 1.722930e+01 -2.522302e-01 2.531864e-02 2.248382e-04 4.360421e-02
105.000 345.000 2.052201e+01 1.144838e+02 -6.959834e-01 8.343258e+00 2.029085e+01 1.188005e+02 -7.082371e-01 8.326053e+00 -5.472830e-02 2.626492e-02 1.039597e-03 -7.685869e-02
135.000 15.000 2.572187e+01 3.594359e+01 -1.657609e-01 7.744101e+00 2.405953e+01 3.808954e+01 -2.257476e-01 7.679963e+00 2.153677e-01 2.464532e-02 5.500060e-03 -4.921510e-02
135.000 45.000 9.992653e+01 2.320275e+01 6.231156e-01 8.678796e+00 9.285798e+01 2.447227e+01 5.828481e-01 8.801805e+00 3.694829e-01 2.340425e-02 3.257643e-03 2.922431e-02
135.000 75.000 1.097566e+01 4.415203e+01 -6.018094e-01 5.929742e+00 1.030463e+01 4.489960e+01 -6.266723e-01 5.790037e+00 4.245955e-01 2.451945e-02 2.999964e-03 -1.730929e-01
135.000 105.000 1.794102e+01 7.803696e+01 -6.261431e-01 7.638672e+00 1.735974e+01 7.966639e+01 -6.421636e-01 7.550832e+00 3.659381e-01 2.672603e-02 1.491559e-03 -1.298753e-01
135.000 135.000 4.728267e+01 0.000000e+00 1.000000e+00 2.000000e+00 4.782522e+01 0.000000e+00 1.000000e+00 2.000000e+00 2.092279e-01 2.781930e-02 0.000000e+00 3.953478e-01
135.000 165.000 4.705896e+01 7.877964e+01 -2.520743e-01 1.085553e+01 4.871080e+01 7.540679e+01 -2.150863e-01 1.088006e+01 -3.544801e-03 2.684155e-02 -2.406602e-03 -2.289420e-02
135.000 195.000 7.884128e+01 2.707572e+01 4.887370e-01 8.978712e+00 8.408865e+01 2.536084e+01 5.365745e-01 8.828230e+00 -2.153677e-01 2.464532e-02 -3.799089e-03 7.841904e-02
135.000 225.000 6.001751e+01 2.800247e+01 3.637248e-01 8.739297e+00 6.271597e+01 2.610481e+01 4.121914e-01 8.586616e+00 -3.694829e-01 2.340425e-02 -3.955892e-03 8.389749e-02
135.000 255.000 0.000000e+00 1.698401e+01 -1.000000e+00 2.000000e+00 0.000000e+00 1.635812e+01 -1.000000e+00 2.000000e+00 -4.245955e-01 2.451945e-02 0.000000e+00 -2.876806e-01
135.000 285.000 4.596699e+01 9.959100e+01 -3.684030e-01 1.121618e+01 4.775706e+01 9.688424e+01 -3.396484e-01 1.131173e+01 -3.659381e-01 2.672603e-02 -1.805085e-03 -2.197618e-04
135.000 315.000 6.819786e+01 1.583377e+01 6.231474e-01 7.169455e+00 6.605113e+01 1.581571e+01 6.136235e-01 7.144314e+00 -2.092279e-01 2.781930e-02 9.409702e-04 1.160993e-01
135.000 345.000 1.082865e+02 3.867909e+01 4.736305e-01 1.067695e+01 1.031722e+02 4.058348e+01 4.353828e-01 1.079378e+01 3.544779e-03 2.684155e-02 2.519230e-03 4.402793e-02
165.000 15.000 3.397384e+01 6.335769e+00 6.856447e-01 4.621657e+00 3.268165e+01 6.676442e+00 6.607334e-01 4.709096e+00 1.810957e-01 2.026383e-02 3.775512e-03 1.091695e-01
165.000 45.000 0.000000e+00 5.844568e+01 -1.000000e+00 2.000000e+00 0.000000e+00 6.327952e+01 -1.000000e+00 2.000000e+00 3.753463e-01 3.013355e-02 0.000000e+00 -6.875951e-01
165.000 75.000 1.772955e+01 1.194824e+02 -7.415743e-01 7.858414e+00 1.552361e+01 1.263468e+02 -7.811579e-01 7.436396e+00 4.690232e-01 3.403299e-02 3.658655e-03 -1.540497e-01
165.000 105.000 1.064109e+01 4.238596e+01 -5.986541e-01 5.832912e+00 1.000922e+01 4.433133e+01 -6.316115e-01 5.715095e+00 4.370257e-01 3.018360e-02 4.035874e-03 -1.775556e-01
165.000 135.000 1.761472e+01 4.110902e+01 -4.000818e-01 7.023112e+00 1.738614e+01 4.054129e+01 -3.997268e-01 6.976511e+00 2.879275e-01 2.033818e-02 -3.586353e-05 -9.796319e-02
165.000 165.000 5.419239e+01 1.942469e+01 4.722777e-01 7.562874e+00 5.469120e+01 1.900467e+01 4.842406e-01 7.510992e+00 6.167939e-02 1.278390e-02 -1.122349e-03 5.429122e-02
165.000 195.000 0.000000e+00 8.948946e+01 -1.000000e+00 2.000000e+00 0.000000e+00 8.581009e+01 -1.000000e+00 2.000000e+00 -1.810957e-01 2.026382e-02 0.000000e+00 -4.094312e-01
165.000 225.000 1.307992e+02 0.000000e+00 1.000000e+00 2.000000e+00 1.408320e+02 0.000000e+00 1.000000e+00 2.000000e+00 -3.753463e-01 3.013355e-02 0.000000e+00 6.875951e-01
165.000 255.000 4.014679e+01 0.000000e+00 1.000000e+00 2.000000e+00 4.175139e+01 0.000000e+00 1.000000e+00 2.000000e+00 -4.690232e-01 3.403299e-02 0.000000e+00 7.344053e-01
165.000 285.000 0.000000e+00 1.123093e+01 -1.000000e+00 2.000000e+00 0.000000e+00 1.059371e+01 -1.000000e+00 2.000000e+00 -4.370257e-01 3.018360e-02 0.000000e+00 -2.814551e-01
165.000 315.000 5.234662e+01 0.000000e+00 1.000000e+00 2.000000e+00 5.382857e+01 0.000000e+00 1.000000e+00 2.000000e+00 -2.879275e-01 2.033818e-02 0.000000e+00 6.439305e-01
165.000 345.000 1.730179e+01 0.000000e+00 1.000000e+00 2.000000e+00 1.778071e+01 0.000000e+00 1.000000e+00 2.000000e+00 -6.167942e-02 1.278390e-02 0.000000e+00 5.308289e-01
195.000 15.000 3.086142e+01 1.627801e+01 3.093675e-01 6.528997e+00 3.083723e+01 1.638481e+01 3.060523e-01 6.542083e+00 6.167939e-02 1.278390e-02 3.586853e-04 3.793655e-02
195.000 45.000 4.906130e+01 0.000000e+00 1.000000e+00 2.000000e+00 4.712046e+01 0.000000e+00 1.000000e+00 2.000000e+00 2.879275e-01 2.033818e-02 0.000000e+00 3.560178e-01
195.000 75.000 1.036181e+01 0.000000e+00 1.000000e+00 2.000000e+00 9.289391e+00 0.000000e+00 1.000000e+00 2.000000e+00 4.370257e-01 3.018360e-02 0.000000e+00 2.814551e-01
195.000 105.000 2.650788e+01 2.071531e+01 1.226637e-01 6.820018e+00 2.367885e+01 2.329811e+01 8.104925e-03 6.853749e+00 4.690232e-01 3.403299e-02 1.184824e-02 -5.078508e-02
195.000 135.000 1.535765e+01 0.000000e+00 1.000000e+00 2.000000e+00 1.437388e+01 0.000000e+00 1.000000e+00 2.000000e+00 3.753463e-01 3.013355e-02 0.000000e+00 3.122914e-01
195.000 165.000 1.677931e+01 1.130518e+01 1.949163e-01 5.197835e+00 1.582006e+01 1.221651e+01 1.285304e-01 5.251038e+00 1.810957e-01 2.026382e-02 8.984949e-03 2.658890e-03
195.000 195.000 0.000000e+00 7.012768e+01 -1.000000e+00 2.000000e+00 0.000000e+00 6.907137e+01 -1.000000e+00 2.000000e+00 -6.167937e-02 1.278390e-02 0.000000e+00 -4.691507e-01
195.000 225.000 0.000000e+00 3.276634e+01 -1.000000e+00 2.000000e+00 0.000000e+00 3.191682e+01 -1.000000e+00 2.000000e+00 -2.879275e-01 2.033818e-02 0.000000e+00 -3.560178e-01
195.000 255.000 4.512134e+01 1.109335e+01 6.053221e-01 5.967981e+00 4.858073e+01 1.065975e+01 6.401194e-01 5.913250e+00 -4.370257e-01 3.018360e-02 -4.141849e-03 1.746545e-01
195.000 285.000 2.190595e+01 1.589038e+01 1.591574e-01 6.069507e+00 2.351079e+01 1.474767e+01 2.290504e-01 6.020902e+00 -4.690232e-01 3.403299e-02 -8.175313e-03 1.034962e-01
195.000 315.000 5.857668e+01 2.225834e+01 4.492898e-01 8.032282e+00 6.189891e+01 2.013392e+01 5.091254e-01 7.795461e+00 -3.753463e-01 3.013355e-02 -5.345732e-03 1.026645e-01
195.000 345.000 6.272104e+01 0.000000e+00 1.000000e+00 2.000000e+00 6.659681e+01 0.000000e+00 1.000000e+00 2.000000e+00 -1.810957e-01 2.026382e-02 0.000000e+00 5.905176e-01
225.000 15.000 3.400295e+01 1.257486e+01 4.600493e-01 6.059689e+00 3.560474e+01 1.172868e+01 5.044228e-01 5.940521e+00 -3.544824e-03 2.684155e-02 -5.229116e-03 7.650385e-02
225.000 45.000 9.164684e+01 4.153223e+01 3.762949e-01 1.069211e+01 9.217824e+01 4.065194e+01 3.879111e-01 1.062274e+01 2.092279e-01 2.781930e-02 -7.707113e-04 1.562522e-02
225.000 75.000 5.179089e+01 5.564610e+01 -3.588345e-02 1.035851e+01 4.989463e+01 5.782969e+01 -7.366087e-02 1.035084e+01 3.659381e-01 2.672603e-02 2.579770e-03 -3.879133e-02
225.000 105.000 1.287532e+01 3.585250e+01 -4.715413e-01 6.155739e+00 1.150664e+01 3.703213e+01 -5.258783e-01 5.925831e+00 4.245955e-01 2.451945e-02 6.359289e-03 -1.455763e-01
225.000 135.000 1.975485e+01 0.000000e+00 1.000000e+00 2.000000e+00 1.820040e+01 0.000000e+00 1.000000e+00 2.000000e+00 3.694829e-01 2.340425e-02 0.000000e+00 3.152369e-01
225.000 165.000 1.787391e+01 8.347660e+01 -6.472852e-01 7.673778e+00 1.712316e+01 8.924516e+01 -6.780402e-01 7.580680e+00 2.153677e-01 2.464532e-02 2.851190e-03 -1.124151e-01
225.000 195.000 5.779830e+01 1.963741e+01 4.928073e-01 7.657006e+00 5.512828e+01 2.043800e+01 4.590708e-01 7.722758e+00 3.544847e-03 2.684155e-02 3.102142e-03 6.389697e-02
225.000 225.000 3.990574e+01 4.499859e+01 -5.998347e-02 9.197763e+00 3.924027e+01 4.535988e+01 -7.233569e-02 9.173739e+00 -2.092278e-01 2.781930e-02 9.508560e-04 1.622609e-02
225.000 255.000 4.458071e+01 0.000000e+00 1.000000e+00 2.000000e+00 4.548105e+01 0.000000e+00 1.000000e+00 2.000000e+00 -3.659381e-01 2.672603e-02 0.000000e+00 6.829081e-01
225.000 285.000 1.657172e+01 2.957518e+01 -2.817842e-01 6.517878e+00 1.822249e+01 2.827488e+01 -2.161927e-01 6.657636e+00 -4.245955e-01 2.451945e-02 -7.039959e-03 2.191057e-02
225.000 315.000 0.000000e+00 5.547423e+01 -1.000000e+00 2.000000e+00 0.000000e+00 5.352525e+01 -1.000000e+00 2.000000e+00 -3.694830e-01 2.340425e-02 0.000000e+00 -3.152369e-01
225.000 345.000 1.329663e+01 0.000000e+00 1.000000e+00 2.000000e+00 1.413290e+01 0.000000e+00 1.000000e+00 2.000000e+00 -2.153677e-01 2.464532e-02 0.000000e+00 6.076377e-01
255.000 15.000 7.155843e+01 4.784528e+01 1.985965e-01 1.070955e+01 7.337194e+01 4.648495e+01 2.243258e-01 1.066890e+01 5.472824e-02 2.626492e-02 -1.702030e-03 1.343361e-02
255.000 45.000 3.637350e+01 2.470582e+01 1.910249e-01 7.671408e+00 3.605950e+01 2.421914e+01 1.964272e-01 7.612678e+00 2.522302e-01 2.531864e-02 -4.998618e-04 -7.978314e-03
255.000 75.000 1.662592e+02 2.655376e+01 7.245645e-01 9.570128e+00 1.656695e+02 2.827205e+01 7.084477e-01 9.828665e+00 3.821472e-01 2.473912e-02 1.174844e-03 3.577968e-02
255.000 105.000 6.527912e+01 5.330352e+01 1.009895e-01 1.083389e+01 6.436227e+01 5.490191e+01 7.932273e-02 1.088640e+01 4.096683e-01 2.513616e-02 1.410723e-03 -2.849188e-02
255.000 135.000 4.586578e+01 8.838802e+01 -3.167302e-01 1.099026e+01 4.332193e+01 9.124332e+01 -3.561201e-01 1.083972e+01 3.274190e-01 2.608905e-02 2.551736e-03 -5.861077e-02
255.000 165.000 5.397420e+01 8.886675e+01 -2.442756e-01 1.158954e+01 5.222507e+01 9.377082e+01 -2.845680e-01 1.158332e+01 1.574381e-01 2.663922e-02 2.459000e-03 -3.466164e-02
255.000 195.000 6.992628e+01 1.153989e+02 -2.453668e-01 1.319726e+01 6.777413e+01 1.194668e+02 -2.760757e-01 1.315180e+01 -5.472822e-02 2.626492e-02 1.648213e-03 -1.444529e-02
255.000 225.000 1.468325e+02 1.146651e+02 1.230121e-01 1.604807e+01 1.458529e+02 1.173112e+02 1.084559e-01 1.612664e+01 -2.522301e-01 2.531864e-02 6.398074e-04 2.338236e-02
255.000 255.000 1.895680e+02 9.772718e+01 3.196741e-01 1.606039e+01 1.925037e+02 9.526893e+01 3.378876e-01 1.596616e+01 -3.821472e-01 2.473912e-02 -8.042598e-04 4.369885e-02
255.000 285.000 1.780872e+02 6.587237e+01 4.599731e-01 1.386881e+01 1.823322e+02 6.288279e+01 4.871211e-01 1.367584e+01 -4.096683e-01 2.513616e-02 -1.393812e-03 6.270475e-02
255.000 315.000 1.471354e+02 6.311577e+01 3.996156e-01 1.329194e+01 1.531790e+02 5.893395e+01 4.443154e-01 1.304754e+01 -3.274190e-01 2.608905e-02 -2.399910e-03 5.469731e-02
255.000 345.000 1.284567e+02 4.999642e+01 4.396688e-01 1.199819e+01 1.350329e+02 4.685588e+01 4.847853e-01 1.179584e+01 -1.574381e-01 2.663922e-02 -2.681430e-03 4.976629e-02
285.000 15.000 1.907417e+02 1.072604e+02 2.801366e-01 1.657154e+01 1.913834e+02 1.069682e+02 2.829389e-01 1.656705e+01 1.499302e-01 2.663923e-02 -1.195891e-04 7.857216e-03
285.000 45.000 1.179402e+02 1.104754e+02 3.268079e-02 1.510535e+01 1.156648e+02 1.129019e+02 1.208796e-02 1.511732e+01 3.765370e-01 2.608905e-02 9.636029e-04 -2.276383e-02
285.000 75.000 1.352469e+02 2.372788e+02 -2.738920e-01 1.856287e+01 1.273820e+02 2.487032e+02 -3.225898e-01 1.835615e+01 5.022510e-01 2.513616e-02 1.865380e-03 -4.181156e-02
285.000 105.000 1.122801e+02 1.165187e+02 -1.852554e-02 1.512350e+01 1.031876e+02 1.223861e+02 -8.510968e-02 1.496461e+01 4.933872e-01 2.473912e-02 3.129571e-03 -3.384878e-02
285.000 135.000 2.187564e+02 1.785233e+02 1.012715e-01 1.982940e+01 2.084184e+02 1.863129e+02 5.600151e-02 1.983667e+01 3.523208e-01 2.531864e-02 1.614010e-03 -1.266045e-02
285.000 165.000 7.353969e+01 1.326655e+02 -2.867329e-01 1.375688e+01 7.198216e+01 1.371513e+02 -3.116150e-01 1.374139e+01 1.168502e-01 2.626492e-02 1.279666e-03 -2.933676e-02
285.000 195.000 2.005466e+02 1.529499e+02 1.346457e-01 1.863029e+01 2.009557e+02 1.530948e+02 1.351811e-01 1.864351e+01 -1.499302e-01 2.663923e-02 -2.031633e-05 1.527488e-02
285.000 225.000 2.868337e+01 9.587494e+01 -5.394386e-01 9.397478e+00 2.970482e+01 9.279118e+01 -5.150075e-01 9.487152e+00 -3.765370e-01 2.608905e-02 -1.829553e-03 -1.733455e-02
285.000 255.000 1.363465e+02 1.148767e+02 8.546113e-02 1.579203e+01 1.424579e+02 1.090117e+02 1.330032e-01 1.571691e+01 -5.022510e-01 2.513616e-02 -2.133821e-03 3.721568e-02
285.000 285.000 2.366027e+02 5.927070e+01 5.993509e-01 1.376914e+01 2.484669e+02 5.638444e+01 6.300856e-01 1.355813e+01 -4.933872e-01 2.473912e-02 -1.590503e-03 7.936125e-02
285.000 315.000 4.332603e+01 1.266247e+02 -4.901342e-01 1.136324e+01 4.518958e+01 1.200914e+02 -4.531786e-01 1.146024e+01 -3.523208e-01 2.531864e-02 -2.289862e-03 -1.212798e-02
285.000 345.000 1.487941e+02 7.348524e+01 3.388029e-01 1.402728e+01 1.515170e+02 7.271602e+01 3.514244e-01 1.401929e+01 -1.168503e-01 2.626492e-02 -6.364225e-04 3.248331e-02
315.000 15.000 4.737672e+01 1.318509e+02 -4.713234e-01 1.180733e+01 4.689806e+01 1.334301e+02 -4.798588e-01 1.178155e+01 1.914057e-01 2.464531e-02 5.117151e-04 -5.612851e-02
315.000 45.000 1.021967e+02 1.530749e+02 -1.993099e-01 1.565666e+01 9.517822e+01 1.608916e+02 -2.566230e-01 1.546630e+01 4.702629e-01 2.340425e-02 2.604235e-03 -4.276595e-02
315.000 75.000 8.115490e+01 8.647697e+01 -3.174857e-02 1.294075e+01 7.246412e+01 9.259688e+01 -1.219717e-01 1.275168e+01 6.231136e-01 2.451945e-02 4.966105e-03 -5.060458e-02
315.000 105.000 2.112079e+02 9.642846e+01 3.731010e-01 1.627305e+01 1.861705e+02 1.036414e+02 2.847677e-01 1.631902e+01 6.090014e-01 2.672603e-02 3.832897e-03 -1.449637e-02
315.000 135.000 1.561748e+02 2.254686e+02 -1.815669e-01 1.921098e+01 1.431940e+02 2.383465e+02 -2.493903e-01 1.891588e+01 4.317079e-01 2.781930e-02 2.515650e-03 -3.192310e-02
315.000 165.000 7.733441e+01 1.144320e+02 -1.934519e-01 1.358638e+01 7.590642e+01 1.171910e+02 -2.138016e-01 1.357463e+01 1.387385e-01 2.684155e-02 1.059567e-03 -2.445020e-02
315.000 195.000 9.577917e+01 1.535629e+02 -2.317448e-01 1.536070e+01 9.799196e+01 1.512224e+02 -2.135930e-01 1.542222e+01 -1.914057e-01 2.464532e-02 -8.339210e-04 -2.626122e-03
315.000 225.000 1.301658e+02 8.229207e+01 2.253330e-01 1.420107e+01 1.357963e+02 7.689345e+01 2.769425e-01 1.401346e+01 -4.702629e-01 2.340425e-02 -2.586796e-03 4.898187e-02
315.000 255.000 2.036700e+02 8.418947e+01 4.150654e-01 1.543591e+01 2.186008e+02 7.601080e+01 4.839932e-01 1.501995e+01 -6.231136e-01 2.451945e-02 -3.200353e-03 6.725732e-02
315.000 285.000 1.327911e+02 7.384170e+01 2.852857e-01 1.377735e+01 1.412767e+02 6.560524e+01 3.657713e-01 1.338669e+01 -6.090014e-01 2.672603e-02 -4.189802e-03 6.490984e-02
315.000 315.000 2.770428e+01 7.330470e+01 -4.514491e-01 8.967871e+00 2.907137e+01 6.802981e+01 -4.012148e-01 9.026100e+00 -4.317079e-01 2.781930e-02 -3.948079e-03 -2.201315e-03
315.000 345.000 1.421130e+02 1.612014e+02 -6.293253e-02 1.738140e+01 1.489778e+02 1.564075e+02 -2.432895e-02 1.747010e+01 -1.387386e-01 2.684155e-02 -1.566461e-03 4.361326e-03
345.000 15.000 2.249099e+01 8.849284e+01 -5.946978e-01 8.469515e+00 2.262118e+01 9.192398e+01 -6.050260e-01 8.521453e+00 1.892929e-01 2.026383e-02 8.596441e-04 -9.256593e-02
345.000 45.000 7.459681e+01 3.906299e+01 3.126332e-01 1.012673e+01 6.656185e+01 4.124747e+01 2.348070e-01 1.009284e+01 5.007843e-01 3.013355e-02 5.443373e-03 -1.857957e-02
345.000 75.000 3.741585e+01 8.327431e+01 -3.799685e-01 1.016196e+01 3.144014e+01 9.198755e+01 -4.905496e-01 9.681228e+00 6.780910e-01 3.403299e-02 7.878749e-03 -1.041191e-01
345.000 105.000 5.967858e+01 1.190687e+01 6.673383e-01 6.301234e+00 5.220345e+01 1.303977e+01 6.002720e-01 6.460214e+00 6.737037e-01 3.018360e-02 7.431660e-03 -1.010170e-03
345.000 135.000 7.134323e+01 7.157481e+01 -1.620382e-03 1.195482e+01 6.397649e+01 7.600197e+01 -8.590952e-02 1.178751e+01 4.887981e-01 2.033818e-02 5.020565e-03 -4.102260e-02
345.000 165.000 8.850789e+01 5.485704e+01 2.347217e-01 1.163900e+01 8.658804e+01 5.678441e+01 2.078756e-01 1.171226e+01 1.729194e-01 1.278390e-02 1.625861e-03 5.309924e-03
345.000 195.000 4.954443e+01 3.587908e+01 1.599717e-01 9.123456e+00 5.053738e+01 3.461124e+01 1.870394e-01 9.064756e+00 -1.892929e-01 2.026383e-02 -2.104619e-03 3.828196e-02
345.000 225.000 1.528499e+02 7.384109e+01 3.485308e-01 1.411219e+01 1.645715e+02 6.796749e+01 4.154314e-01 1.387107e+01 -5.007843e-01 3.013355e-02 -3.380885e-03 6.018294e-02
345.000 255.000 8.544992e+01 2.086097e+01 6.075478e-01 8.189629e+00 9.146351e+01 1.866938e+01 6.609663e-01 7.875178e+00 -6.780910e-01 3.403299e-02 -4.701627e-03 1.569824e-01
345.000 285.000 9.583998e+01 3.243961e+01 4.942358e-01 9.846058e+00 1.037097e+02 2.826773e+01 5.716279e-01 9.426171e+00 -6.737037e-01 3.018360e-02 -5.677748e-03 1.186195e-01
345.000 315.000 5.724516e+01 3.882652e+01 1.917177e-01 9.619797e+00 6.081987e+01 3.552930e+01 2.624887e-01 9.471572e+00 -4.887981e-01 2.033818e-02 -5.242280e-03 7.074102e-02
345.000 345.000 1.214100e+02 7.874307e+01 2.131714e-01 1.382236e+01 1.228132e+02 7.551500e+01 2.384844e-01 1.367656e+01 -1.729194e-01 1.278390e-02 -1.301777e-03 2.793233e-02
