  #t  #Q2   A1M1_AVG      A_1M1     dA_1M1   A0P1_AVG      A_0P1     dA_0P1   A2M1_AVG      A_2M1     dA_2M1   A3M1_AVG      A_3M1     dA_3M1   A1P1_AVG      A_1P1     dA_1P1       Asym      Astat          t         tp         xb         Q2          W     Dilute
   6    0 -7.906e-02 -5.467e-02 2.6446e-03  3.835e-01  3.799e-01 2.5656e-03 -1.304e-02  2.291e-02 2.5839e-03 -1.024e-03 -1.669e-02 2.5898e-03  2.984e-02  2.932e-02 2.5888e-03 3.1117e-02 1.9016e-03 3.8620e-01 5.0361e-02 4.3375e-01 5.3802e+00 2.8098e+00 7.1863e-01
   Phi   PhiS      N_U_avg      N_D_avg     Asym_avg    dAsym_avg      N_U_fit      N_D_fit     Asym_fit    dAsym_fit     Asym_cal    dAsym_cal     GOOD_fit     GOOD_cal
15.000 15.000 4.913874e+00 6.324780e+00 -1.255405e-01 3.325888e+00 4.946192e+00 6.293787e+00 -1.198930e-01 3.328425e+00 1.105699e-01 2.059226e-03 -1.200254e-03 -7.099169e-02
15.000 45.000 6.733987e+00 0.000000e+00 1.000000e+00 2.000000e+00 6.864687e+00 0.000000e+00 1.000000e+00 2.000000e+00 3.154272e-01 3.242420e-03 0.000000e+00 3.422860e-01
15.000 75.000 0.000000e+00 0.000000e+00         -nan         -nan 0.000000e+00 0.000000e+00         -nan         -nan 4.357660e-01 4.806633e-03         -nan         -nan
15.000 105.000 0.000000e+00 0.000000e+00         -nan         -nan 0.000000e+00 0.000000e+00         -nan         -nan 4.393417e-01 5.424140e-03         -nan         -nan
15.000 135.000 0.000000e+00 0.000000e+00         -nan         -nan 0.000000e+00 0.000000e+00         -nan         -nan 3.251961e-01 4.811280e-03         -nan         -nan
15.000 165.000 0.000000e+00 0.000000e+00         -nan         -nan 0.000000e+00 0.000000e+00         -nan         -nan 1.239145e-01 3.249304e-03         -nan         -nan
15.000 195.000 0.000000e+00 0.000000e+00         -nan         -nan 0.000000e+00 0.000000e+00         -nan         -nan -1.105699e-01 2.059226e-03         -nan         -nan
15.000 225.000 9.429813e+00 0.000000e+00 1.000000e+00 2.000000e+00 9.316740e+00 0.000000e+00 1.000000e+00 2.000000e+00 -3.154272e-01 3.242420e-03 0.000000e+00 6.577127e-01
15.000 255.000 8.671153e+00 5.378536e+00 2.343551e-01 3.643906e+00 8.514732e+00 5.531998e+00 2.123436e-01 3.662426e+00 -4.357660e-01 4.806633e-03 4.260533e-03 1.839017e-01
15.000 285.000 7.500699e+00 0.000000e+00 1.000000e+00 2.000000e+00 7.351246e+00 0.000000e+00 1.000000e+00 2.000000e+00 -4.393417e-01 5.424140e-03 0.000000e+00 7.196682e-01
15.000 315.000 0.000000e+00 0.000000e+00         -nan         -nan 0.000000e+00 0.000000e+00         -nan         -nan -3.251961e-01 4.811280e-03         -nan         -nan
15.000 345.000 0.000000e+00 0.000000e+00         -nan         -nan 0.000000e+00 0.000000e+00         -nan         -nan -1.239145e-01 3.249304e-03         -nan         -nan
45.000 15.000 2.505694e+02 2.647665e+02 -2.754928e-02 2.269239e+01 2.503411e+02 2.650672e+02 -2.857171e-02 2.269334e+01 1.040576e-01 4.298304e-03 3.185893e-05 -5.799603e-03
45.000 45.000 2.233334e+02 4.175792e+02 -3.030768e-01 2.412553e+01 2.267362e+02 4.135201e+02 -2.917330e-01 2.420259e+01 2.974597e-01 4.476424e-03 -3.319509e-04 -2.489216e-02
45.000 75.000 2.123497e+02 3.304713e+02 -2.176069e-01 2.274020e+01 2.183328e+02 3.245154e+02 -1.956028e-01 2.284904e+01 4.111577e-01 4.288800e-03 -6.825842e-04 -2.764991e-02
45.000 105.000 1.958875e+02 3.075983e+02 -2.218749e-01 2.187921e+01 2.023013e+02 3.011169e+02 -1.962894e-01 2.200049e+01 4.146863e-01 3.896958e-03 -8.246006e-04 -2.909434e-02
45.000 135.000 2.613029e+02 3.479542e+02 -1.422244e-01 2.443222e+01 2.684475e+02 3.411480e+02 -1.192603e-01 2.451377e+01 3.071001e-01 3.690980e-03 -6.635104e-04 -1.839066e-02
45.000 165.000 3.090452e+02 3.459667e+02 -5.636759e-02 2.555251e+01 3.136294e+02 3.415699e+02 -4.264416e-02 2.557358e+01 1.172266e-01 3.907415e-03 -3.796078e-04 -6.793627e-03
45.000 195.000 2.100176e+02 1.899464e+02 5.018235e-02 1.997390e+01 2.101760e+02 1.896442e+02 5.135257e-02 1.996912e+01 -1.040576e-01 4.298304e-03 -4.143261e-05 7.722073e-03
45.000 225.000 2.687639e+02 2.528989e+02 3.041226e-02 2.282937e+01 2.659491e+02 2.563287e+02 1.842014e-02 2.284952e+01 -2.974597e-01 4.476424e-03 3.712746e-04 1.436184e-02
45.000 255.000 3.584185e+02 2.062917e+02 2.693892e-01 2.288512e+01 3.522276e+02 2.118234e+02 2.489211e-01 2.300221e+01 -4.111577e-01 4.288800e-03 6.308106e-04 2.973752e-02
45.000 285.000 3.460211e+02 2.899501e+02 8.816581e-02 2.512026e+01 3.386716e+02 2.993624e+02 6.160993e-02 2.521135e+01 -4.146863e-01 3.896959e-03 7.461638e-04 2.001779e-02
45.000 315.000 3.428299e+02 2.026499e+02 2.569848e-01 2.257112e+01 3.359967e+02 2.081204e+02 2.350161e-01 2.267298e+01 -3.071001e-01 3.690980e-03 6.866849e-04 2.499144e-02
45.000 345.000 2.309204e+02 1.787269e+02 1.274110e-01 2.007479e+01 2.280378e+02 1.815841e+02 1.134062e-01 2.010855e+01 -1.172266e-01 3.907415e-03 4.928832e-04 1.218631e-02
75.000 15.000 1.944642e+03 1.708274e+03 6.470657e-02 6.031270e+01 1.923503e+03 1.725206e+03 5.434720e-02 6.031527e+01 1.048446e-01 4.171724e-03 1.214508e-04 -6.654982e-04
75.000 45.000 1.664412e+03 1.756563e+03 -2.693724e-02 5.846788e+01 1.658625e+03 1.761155e+03 -2.998155e-02 5.845260e+01 2.888161e-01 4.036749e-03 3.682251e-05 -5.400458e-03
75.000 75.000 1.512403e+03 2.156795e+03 -1.756222e-01 5.963244e+01 1.522981e+03 2.147847e+03 -1.702249e-01 5.970310e+01 3.953996e-01 3.965212e-03 -6.396125e-05 -9.575689e-03
75.000 105.000 1.728717e+03 1.906524e+03 -4.891198e-02 6.022080e+01 1.750748e+03 1.886970e+03 -3.744692e-02 6.027120e+01 3.960361e-01 4.032173e-03 -1.345653e-04 -7.388611e-03
75.000 135.000 1.644622e+03 2.251543e+03 -1.557739e-01 6.165730e+01 1.673223e+03 2.221611e+03 -1.407989e-01 6.178691e+01 2.905550e-01 4.167297e-03 -1.715576e-04 -7.238866e-03
75.000 165.000 1.624191e+03 2.006707e+03 -1.053503e-01 5.992161e+01 1.651307e+03 1.978634e+03 -9.017412e-02 6.000354e+01 1.072200e-01 4.235421e-03 -1.789642e-04 -3.547473e-03
75.000 195.000 2.112936e+03 1.718705e+03 1.028884e-01 6.157174e+01 2.135081e+03 1.700441e+03 1.133196e-01 6.153267e+01 -1.048445e-01 4.171724e-03 -1.198331e-04 3.373836e-03
75.000 225.000 1.869118e+03 1.598379e+03 7.807903e-02 5.870569e+01 1.875271e+03 1.593164e+03 8.133546e-02 5.869829e+01 -2.888161e-01 4.036749e-03 -3.922603e-05 6.249737e-03
75.000 255.000 2.177526e+03 1.529166e+03 1.749162e-01 5.994400e+01 2.168896e+03 1.541502e+03 1.690907e-01 6.003592e+01 -3.953996e-01 3.965212e-03 6.866653e-05 9.514143e-03
75.000 285.000 2.550080e+03 1.488293e+03 2.629244e-01 6.131235e+01 2.524783e+03 1.513542e+03 2.504109e-01 6.152317e+01 -3.960361e-01 4.032173e-03 1.440683e-04 1.074760e-02
75.000 315.000 2.260649e+03 1.486336e+03 2.066496e-01 5.989135e+01 2.229037e+03 1.513872e+03 1.910719e-01 6.005215e+01 -2.905550e-01 4.167297e-03 1.836704e-04 8.301777e-03
75.000 345.000 1.745389e+03 1.717027e+03 8.191335e-03 5.884032e+01 1.720364e+03 1.745724e+03 -7.316733e-03 5.887192e+01 -1.072200e-01 4.235421e-03 1.863164e-04 1.961433e-03
105.000 15.000 3.002502e+03 3.440630e+03 -6.799921e-02 8.008333e+01 2.975375e+03 3.473263e+03 -7.720829e-02 8.006370e+01 7.757164e-02 4.235422e-03 8.132281e-05 -1.817742e-03
105.000 45.000 3.173007e+03 3.955623e+03 -1.097849e-01 8.392086e+01 3.108945e+03 4.013380e+03 -1.269858e-01 8.371066e+01 2.585638e-01 4.167297e-03 1.451140e-04 -4.389239e-03
105.000 75.000 2.652012e+03 4.137953e+03 -2.188436e-01 8.040384e+01 2.596377e+03 4.200717e+03 -2.360333e-01 8.011502e+01 3.702740e-01 4.032173e-03 1.514453e-04 -7.326984e-03
105.000 105.000 3.053388e+03 3.196532e+03 -2.290331e-02 7.903570e+01 3.001291e+03 3.235412e+03 -3.753911e-02 7.891713e+01 3.827696e-01 3.965212e-03 1.310400e-04 -5.132781e-03
105.000 135.000 3.106232e+03 3.728837e+03 -9.108983e-02 8.233077e+01 3.078521e+03 3.756423e+03 -9.918179e-02 8.226608e+01 2.927024e-01 4.036749e-03 6.952604e-05 -4.661589e-03
105.000 165.000 3.631471e+03 3.812095e+03 -2.426577e-02 8.625070e+01 3.635550e+03 3.809250e+03 -2.333170e-02 8.625976e+01 1.242058e-01 4.171724e-03 -7.657328e-06 -1.721395e-03
105.000 195.000 3.598747e+03 3.834805e+03 -3.175579e-02 8.617456e+01 3.636270e+03 3.795653e+03 -2.144572e-02 8.618877e+01 -7.757162e-02 4.235422e-03 -8.459244e-05 5.316630e-04
105.000 225.000 4.139110e+03 2.900944e+03 1.758745e-01 8.259717e+01 4.203452e+03 2.850759e+03 1.917568e-01 8.243071e+01 -2.585638e-01 4.167297e-03 -1.361043e-04 5.259723e-03
105.000 255.000 4.246759e+03 2.728012e+03 2.177487e-01 8.151114e+01 4.314140e+03 2.666971e+03 2.359466e-01 8.119401e+01 -3.702740e-01 4.032173e-03 -1.581735e-04 7.214017e-03
105.000 285.000 4.209165e+03 3.062851e+03 1.576336e-01 8.420997e+01 4.260319e+03 3.010288e+03 1.719295e-01 8.399815e+01 -3.827696e-01 3.965212e-03 -1.201927e-04 6.417331e-03
105.000 315.000 4.381440e+03 2.934332e+03 1.978067e-01 8.384226e+01 4.419240e+03 2.911605e+03 2.056564e-01 8.379015e+01 -2.927024e-01 4.036749e-03 -6.622378e-05 5.850380e-03
105.000 345.000 3.244659e+03 3.269259e+03 -3.776633e-03 8.070827e+01 3.238831e+03 3.272516e+03 -5.173280e-03 8.069184e+01 -1.242058e-01 4.171724e-03 1.223765e-05 1.492154e-03
135.000 15.000 3.098670e+03 3.349246e+03 -3.886162e-02 8.023826e+01 3.118014e+03 3.327046e+03 -3.243278e-02 8.023890e+01 3.516539e-02 3.907415e-03 -5.665449e-05 -9.225899e-04
135.000 45.000 2.637212e+03 3.820243e+03 -1.832039e-01 7.899822e+01 2.623784e+03 3.835324e+03 -1.875708e-01 7.894213e+01 1.977601e-01 3.690980e-03 3.910165e-05 -4.822437e-03
135.000 75.000 2.945287e+03 3.623437e+03 -1.032392e-01 8.061459e+01 2.887146e+03 3.664303e+03 -1.186237e-01 8.036952e+01 3.073651e-01 3.896958e-03 1.351500e-04 -5.093423e-03
135.000 105.000 2.596264e+03 3.659740e+03 -1.699928e-01 7.794370e+01 2.539663e+03 3.722906e+03 -1.889388e-01 7.771106e+01 3.346119e-01 4.288800e-03 1.721353e-04 -6.473963e-03
135.000 135.000 2.900386e+03 3.782304e+03 -1.319705e-01 8.103273e+01 2.834387e+03 3.852468e+03 -1.522511e-01 8.081987e+01 2.721997e-01 4.476424e-03 1.772054e-04 -4.987740e-03
135.000 165.000 2.762396e+03 3.357611e+03 -9.725725e-02 7.785960e+01 2.716788e+03 3.410125e+03 -1.131626e-01 7.777180e+01 1.368518e-01 4.298304e-03 1.445306e-04 -3.006810e-03
135.000 195.000 3.969144e+03 2.964770e+03 1.448495e-01 8.239194e+01 3.945311e+03 2.984098e+03 1.387150e-01 8.243831e+01 -3.516537e-02 3.907415e-03 5.263357e-05 2.184861e-03
135.000 225.000 3.797375e+03 2.859988e+03 1.408046e-01 8.077979e+01 3.825211e+03 2.843535e+03 1.472055e-01 8.077276e+01 -1.977600e-01 3.690980e-03 -5.603244e-05 4.191205e-03
135.000 255.000 3.914011e+03 2.715823e+03 1.807267e-01 8.008302e+01 3.977040e+03 2.673765e+03 1.959575e-01 7.997136e+01 -3.073651e-01 3.896958e-03 -1.345774e-04 6.094822e-03
135.000 285.000 3.222158e+03 2.483963e+03 1.293689e-01 7.490408e+01 3.266192e+03 2.430107e+03 1.467769e-01 7.465642e+01 -3.346119e-01 4.288800e-03 -1.646062e-04 6.194332e-03
135.000 315.000 3.262852e+03 2.826259e+03 7.170063e-02 7.783192e+01 3.316885e+03 2.758602e+03 9.189105e-02 7.761563e+01 -2.721997e-01 4.476424e-03 -1.836860e-04 4.418500e-03
135.000 345.000 3.767328e+03 3.179024e+03 8.469250e-02 8.304533e+01 3.824596e+03 3.124882e+03 1.006859e-01 8.293990e+01 -1.368518e-01 4.298304e-03 -1.362658e-04 2.667752e-03
165.000 15.000 2.698645e+03 2.910475e+03 -3.776525e-02 7.484063e+01 2.716411e+03 2.889777e+03 -3.092393e-02 7.483867e+01 4.033657e-02 3.249304e-03 -6.463881e-05 -1.043575e-03
165.000 45.000 2.483086e+03 2.477393e+03 1.147776e-03 7.043062e+01 2.490480e+03 2.470505e+03 4.026308e-03 7.043369e+01 1.678049e-01 4.811280e-03 -2.889916e-05 -2.366259e-03
165.000 75.000 2.466358e+03 2.996626e+03 -9.706552e-02 7.356299e+01 2.447253e+03 3.010585e+03 -1.032154e-01 7.348261e+01 2.503100e-01 5.424139e-03 5.914620e-05 -4.722151e-03
165.000 105.000 2.880229e+03 2.320472e+03 1.076311e-01 7.169696e+01 2.854335e+03 2.332118e+03 1.006885e-01 7.165104e+01 2.657448e-01 4.806633e-03 6.849260e-05 -2.205306e-03
165.000 135.000 2.446967e+03 3.355494e+03 -1.565760e-01 7.523435e+01 2.418483e+03 3.399001e+03 -1.685469e-01 7.518125e+01 2.099735e-01 3.242420e-03 1.125503e-04 -4.872103e-03
165.000 165.000 2.344711e+03 2.750743e+03 -7.968504e-02 7.115546e+01 2.322998e+03 2.782144e+03 -8.993779e-02 7.116072e+01 9.793992e-02 2.059226e-03 1.018829e-04 -2.496294e-03
165.000 195.000 2.393786e+03 2.324212e+03 1.474657e-02 6.868021e+01 2.376473e+03 2.342007e+03 7.304437e-03 6.868937e+01 -4.033656e-02 3.249304e-03 7.661646e-05 8.020233e-04
165.000 225.000 2.861303e+03 2.434234e+03 8.064697e-02 7.253341e+01 2.852844e+03 2.437597e+03 7.849000e-02 7.251102e+01 -1.678049e-01 4.811280e-03 2.103095e-05 3.425344e-03
165.000 255.000 2.774631e+03 2.475524e+03 5.697115e-02 7.234027e+01 2.789547e+03 2.461709e+03 6.243027e-02 7.232419e+01 -2.503100e-01 5.424139e-03 -5.336732e-05 4.247719e-03
165.000 285.000 2.621876e+03 1.756061e+03 1.977678e-01 6.485913e+01 2.641836e+03 1.741497e+03 2.054006e-01 6.479508e+01 -2.657448e-01 4.806634e-03 -8.325545e-05 7.146451e-03
165.000 315.000 2.383708e+03 2.317785e+03 1.402168e-02 6.856069e+01 2.411666e+03 2.288599e+03 2.618302e-02 6.853497e+01 -2.099735e-01 3.242420e-03 -1.254505e-04 3.267108e-03
165.000 345.000 2.550349e+03 2.183261e+03 7.754937e-02 6.859404e+01 2.577777e+03 2.155093e+03 8.930820e-02 6.852095e+01 -9.793993e-02 2.059226e-03 -1.212813e-04 2.558375e-03
195.000 15.000 2.483558e+03 3.079237e+03 -1.070827e-01 7.415530e+01 2.456154e+03 3.115055e+03 -1.182690e-01 7.411668e+01 9.793989e-02 2.059226e-03 1.066946e-04 -2.764773e-03
195.000 45.000 2.069721e+03 2.704760e+03 -1.330069e-01 6.848370e+01 2.038786e+03 2.735467e+03 -1.459248e-01 6.835634e+01 2.099734e-01 3.242420e-03 1.335033e-04 -5.008204e-03
195.000 75.000 2.406223e+03 2.338604e+03 1.425106e-02 6.887571e+01 2.380620e+03 2.361561e+03 4.019150e-03 6.886294e+01 2.657448e-01 4.806634e-03 1.050548e-04 -3.651414e-03
195.000 105.000 2.234497e+03 2.800193e+03 -1.123596e-01 7.050623e+01 2.229240e+03 2.808136e+03 -1.149201e-01 7.050426e+01 2.503100e-01 5.424140e-03 2.567970e-05 -5.143796e-03
195.000 135.000 2.632429e+03 2.537313e+03 1.839844e-02 7.188875e+01 2.641355e+03 2.530505e+03 2.143315e-02 7.189912e+01 1.678049e-01 4.811280e-03 -2.984765e-05 -2.078301e-03
195.000 165.000 2.473302e+03 2.334519e+03 2.886615e-02 6.930956e+01 2.494638e+03 2.317932e+03 3.671763e-02 6.932591e+01 4.033659e-02 3.249304e-03 -8.009261e-05 -1.654958e-04
195.000 195.000 2.586350e+03 2.021386e+03 1.226122e-01 6.736813e+01 2.611713e+03 2.001986e+03 1.321558e-01 6.732844e+01 -9.793988e-02 2.059226e-03 -1.002015e-04 3.273834e-03
195.000 225.000 3.166651e+03 2.072383e+03 2.088683e-01 7.078471e+01 3.202001e+03 2.045543e+03 2.203808e-01 7.065892e+01 -2.099734e-01 3.242420e-03 -1.151063e-04 5.917122e-03
195.000 255.000 2.561723e+03 2.099473e+03 9.916990e-02 6.793640e+01 2.585294e+03 2.089082e+03 1.061557e-01 6.798308e+01 -2.657448e-01 4.806634e-03 -7.268611e-05 5.371416e-03
195.000 285.000 2.682084e+03 2.093348e+03 1.232845e-01 6.857733e+01 2.690479e+03 2.086907e+03 1.263394e-01 6.856479e+01 -2.503100e-01 5.424140e-03 -3.150284e-05 5.447785e-03
195.000 315.000 2.747268e+03 2.557670e+03 3.573997e-02 7.278847e+01 2.738732e+03 2.560152e+03 3.370149e-02 7.275208e+01 -1.678049e-01 4.811280e-03 1.980784e-05 2.796389e-03
195.000 345.000 2.841864e+03 2.592126e+03 4.595847e-02 7.363771e+01 2.823613e+03 2.610166e+03 3.928159e-02 7.365727e+01 -4.033661e-02 3.249304e-03 6.410632e-05 1.171887e-03
225.000 15.000 3.990024e+03 3.621415e+03 4.842821e-02 8.714119e+01 3.923564e+03 3.673724e+03 3.288535e-02 8.711528e+01 1.368518e-01 4.298304e-03 1.261412e-04 -1.014716e-03
225.000 45.000 3.402024e+03 3.998300e+03 -8.057436e-02 8.574544e+01 3.318094e+03 4.078426e+03 -1.027958e-01 8.554742e+01 2.721997e-01 4.476424e-03 1.834628e-04 -4.114202e-03
225.000 75.000 2.694760e+03 4.596347e+03 -2.608090e-01 8.243274e+01 2.622525e+03 4.687129e+03 -2.824489e-01 8.201530e+01 3.346119e-01 4.288800e-03 1.860974e-04 -7.223111e-03
225.000 105.000 2.854941e+03 3.884410e+03 -1.527548e-01 8.113011e+01 2.811934e+03 3.943864e+03 -1.675494e-01 8.103175e+01 3.073651e-01 3.896958e-03 1.290232e-04 -5.671383e-03
225.000 135.000 2.826805e+03 3.830937e+03 -1.508217e-01 8.066162e+01 2.820096e+03 3.848991e+03 -1.542782e-01 8.068675e+01 1.977601e-01 3.690980e-03 3.029617e-05 -4.321532e-03
225.000 165.000 2.866779e+03 2.924347e+03 -9.940635e-03 7.609569e+01 2.890557e+03 2.905700e+03 -2.612620e-03 7.613289e+01 3.516540e-02 3.907416e-03 -6.807774e-05 -5.927541e-04
225.000 195.000 3.670846e+03 3.424007e+03 3.479122e-02 8.417995e+01 3.727589e+03 3.362320e+03 5.151963e-02 8.408978e+01 -1.368518e-01 4.298304e-03 -1.405929e-04 2.039001e-03
225.000 225.000 3.545284e+03 2.628559e+03 1.484855e-01 7.770278e+01 3.621627e+03 2.570032e+03 1.698406e-01 7.754389e+01 -2.721997e-01 4.476424e-03 -1.945340e-04 5.414029e-03
225.000 255.000 4.063154e+03 2.637916e+03 2.126880e-01 7.998712e+01 4.140169e+03 2.579629e+03 2.322301e-01 7.973327e+01 -3.346119e-01 4.288800e-03 -1.730314e-04 6.842350e-03
225.000 285.000 4.306050e+03 2.853858e+03 2.028228e-01 8.285753e+01 4.360907e+03 2.806543e+03 2.168643e-01 8.264601e+01 -3.073651e-01 3.896959e-03 -1.199836e-04 6.157411e-03
225.000 315.000 3.638084e+03 3.005444e+03 9.522648e-02 8.113744e+01 3.662355e+03 2.998341e+03 9.969130e-02 8.120652e+01 -1.977601e-01 3.690980e-03 -3.889400e-05 3.610991e-03
225.000 345.000 3.614031e+03 3.369829e+03 3.496662e-02 8.351839e+01 3.590058e+03 3.388965e+03 2.881398e-02 8.350586e+01 -3.516542e-02 3.907416e-03 5.209507e-05 8.397196e-04
255.000 15.000 3.191133e+03 3.511593e+03 -4.781037e-02 8.177656e+01 3.198768e+03 3.505546e+03 -4.575832e-02 8.179410e+01 1.242058e-01 4.171724e-03 -1.774185e-05 -2.103490e-03
255.000 45.000 2.994358e+03 4.018557e+03 -1.460446e-01 8.284526e+01 2.966812e+03 4.044466e+03 -1.537029e-01 8.273838e+01 2.927024e-01 4.036749e-03 6.540828e-05 -5.295981e-03
255.000 75.000 2.734532e+03 5.052239e+03 -2.976467e-01 8.424318e+01 2.693551e+03 5.120131e+03 -3.105552e-01 8.402437e+01 3.827696e-01 3.965212e-03 1.084896e-04 -8.076812e-03
255.000 105.000 3.131410e+03 4.238123e+03 -1.501742e-01 8.487246e+01 3.071363e+03 4.304464e+03 -1.671814e-01 8.467393e+01 3.702740e-01 4.032173e-03 1.418603e-04 -6.132121e-03
255.000 135.000 3.606383e+03 3.920713e+03 -4.175978e-02 8.668316e+01 3.539289e+03 3.979616e+03 -5.856253e-02 8.656280e+01 2.585638e-01 4.167297e-03 1.371615e-04 -3.464613e-03
255.000 165.000 3.430420e+03 3.545190e+03 -1.645307e-02 8.350881e+01 3.395993e+03 3.578512e+03 -2.616942e-02 8.348490e+01 7.757165e-02 4.235421e-03 8.228447e-05 -1.125926e-03
255.000 195.000 4.043091e+03 3.385302e+03 8.855076e-02 8.584955e+01 4.036997e+03 3.387791e+03 8.743763e-02 8.583719e+01 -1.242058e-01 4.171724e-03 9.169013e-06 2.478249e-03
255.000 225.000 3.577703e+03 2.805992e+03 1.208878e-01 7.931207e+01 3.600229e+03 2.787683e+03 1.272005e-01 7.927519e+01 -2.927023e-01 4.036749e-03 -5.629362e-05 5.214719e-03
255.000 255.000 4.071759e+03 3.006662e+03 1.504710e-01 8.317545e+01 4.116246e+03 2.953230e+03 1.645123e-01 8.293459e+01 -3.827696e-01 3.965212e-03 -1.195442e-04 6.411033e-03
255.000 285.000 3.901568e+03 2.845410e+03 1.565380e-01 8.112736e+01 3.957757e+03 2.789962e+03 1.730652e-01 8.090498e+01 -3.702740e-01 4.032173e-03 -1.442481e-04 6.493642e-03
255.000 315.000 4.430180e+03 3.100358e+03 1.765906e-01 8.541489e+01 4.490683e+03 3.054953e+03 1.902728e-01 8.527870e+01 -2.585638e-01 4.167297e-03 -1.133581e-04 5.094597e-03
255.000 345.000 3.734403e+03 2.754353e+03 1.510383e-01 7.962870e+01 3.768853e+03 2.727839e+03 1.602376e-01 7.956056e+01 -7.757167e-02 4.235421e-03 -8.172565e-05 2.870949e-03
285.000 15.000 1.863737e+03 1.641438e+03 6.342012e-02 5.908533e+01 1.893618e+03 1.618182e+03 7.843164e-02 5.907789e+01 1.072200e-01 4.235422e-03 -1.796624e-04 -7.412983e-04
285.000 45.000 1.452784e+03 2.105764e+03 -1.834962e-01 5.864068e+01 1.480256e+03 2.075527e+03 -1.674094e-01 5.878885e+01 2.905550e-01 4.167297e-03 -1.937343e-04 -8.083999e-03
285.000 75.000 1.649656e+03 2.441678e+03 -1.935854e-01 6.275356e+01 1.672879e+03 2.417462e+03 -1.820343e-01 6.288721e+01 3.960361e-01 4.032173e-03 -1.300184e-04 -9.395824e-03
285.000 105.000 1.807931e+03 2.314926e+03 -1.229717e-01 6.372214e+01 1.815120e+03 2.305266e+03 -1.189563e-01 6.373446e+01 3.953996e-01 3.965212e-03 -4.455388e-05 -8.134869e-03
285.000 135.000 1.608192e+03 2.276402e+03 -1.720155e-01 6.139749e+01 1.604105e+03 2.284520e+03 -1.749758e-01 6.139681e+01 2.888161e-01 4.036748e-03 3.409358e-05 -7.505707e-03
285.000 165.000 1.986673e+03 1.799216e+03 4.951458e-02 6.145410e+01 1.964267e+03 1.815348e+03 3.940052e-02 6.143083e+01 1.048446e-01 4.171724e-03 1.163970e-04 -9.003467e-04
285.000 195.000 2.153759e+03 1.554870e+03 1.614852e-01 6.009923e+01 2.122920e+03 1.579890e+03 1.466534e-01 6.019280e+01 -1.072200e-01 4.235422e-03 1.743698e-04 4.471025e-03
285.000 225.000 2.146640e+03 1.756800e+03 9.987089e-02 6.216515e+01 2.116709e+03 1.788387e+03 8.407539e-02 6.226951e+01 -2.905550e-01 4.167297e-03 1.795176e-04 6.280463e-03
285.000 255.000 2.434813e+03 1.632835e+03 1.971600e-01 6.252624e+01 2.412022e+03 1.659770e+03 1.847470e-01 6.271217e+01 -3.960361e-01 4.032173e-03 1.401696e-04 9.487155e-03
285.000 285.000 2.458747e+03 1.622129e+03 2.050095e-01 6.252489e+01 2.450497e+03 1.631505e+03 2.006348e-01 6.259140e+01 -3.953996e-01 3.965212e-03 4.944838e-05 9.602722e-03
285.000 315.000 2.155304e+03 1.454960e+03 1.939868e-01 5.894410e+01 2.159238e+03 1.450076e+03 1.964810e-01 5.890652e+01 -2.888161e-01 4.036748e-03 -2.993072e-05 8.190861e-03
285.000 345.000 1.960206e+03 1.703738e+03 6.999785e-02 6.038205e+01 1.980557e+03 1.687852e+03 7.979061e-02 6.037428e+01 -1.048446e-01 4.171724e-03 -1.146860e-04 2.895603e-03
315.000 15.000 2.071551e+02 2.786916e+02 -1.472408e-01 2.180169e+01 2.102973e+02 2.751290e+02 -1.335561e-01 2.183501e+01 1.172266e-01 3.907415e-03 -4.435057e-04 -1.213060e-02
315.000 45.000 2.078027e+02 3.416679e+02 -2.436259e-01 2.273450e+01 2.135601e+02 3.349915e+02 -2.213673e-01 2.284011e+01 3.071000e-01 3.690979e-03 -6.906976e-04 -2.422424e-02
315.000 75.000 1.767510e+02 4.490545e+02 -4.351248e-01 2.252375e+01 1.824940e+02 4.395516e+02 -4.132456e-01 2.271162e+01 4.146863e-01 3.896958e-03 -6.840147e-04 -3.772955e-02
315.000 105.000 2.045963e+02 3.178339e+02 -2.167516e-01 2.231336e+01 2.102085e+02 3.118703e+02 -1.947249e-01 2.241167e+01 4.111577e-01 4.288800e-03 -6.964842e-04 -2.814051e-02
315.000 135.000 2.302965e+02 3.427391e+02 -1.962226e-01 2.347279e+01 2.333320e+02 3.388508e+02 -1.844146e-01 2.351007e+01 2.974597e-01 4.476424e-03 -3.554270e-04 -2.103211e-02
315.000 165.000 3.880956e+02 2.079589e+02 3.022152e-01 2.327261e+01 3.877571e+02 2.081750e+02 3.013466e-01 2.327693e+01 1.040576e-01 4.298304e-03 2.638901e-05 8.514626e-03
315.000 195.000 1.981390e+02 2.720443e+02 -1.571838e-01 2.141417e+01 1.956312e+02 2.764426e+02 -1.711838e-01 2.140655e+01 -1.172266e-01 3.907415e-03 4.623675e-04 -1.865926e-03
315.000 225.000 3.529202e+02 2.166405e+02 2.392715e-01 2.317224e+01 3.461211e+02 2.225044e+02 2.173956e-01 2.327556e+01 -3.071000e-01 3.690979e-03 6.660633e-04 2.357871e-02
315.000 255.000 2.824628e+02 2.398671e+02 8.154928e-02 2.277842e+01 2.764830e+02 2.476570e+02 5.499679e-02 2.285946e+01 -4.146863e-01 3.896958e-03 8.227995e-04 2.178534e-02
315.000 285.000 4.072997e+02 2.643510e+02 2.128319e-01 2.532245e+01 3.999952e+02 2.716505e+02 1.910900e-01 2.543856e+01 -4.111577e-01 4.288800e-03 6.057322e-04 2.464175e-02
315.000 315.000 3.828497e+02 2.149541e+02 2.808541e-01 2.346592e+01 3.791627e+02 2.174713e+02 2.710060e-01 2.351201e+01 -2.974597e-01 4.476424e-03 2.964666e-04 2.464483e-02
315.000 345.000 3.174526e+02 2.566745e+02 1.058617e-01 2.382631e+01 3.175893e+02 2.563697e+02 1.066620e-01 2.382077e+01 -1.040577e-01 4.298304e-03 -2.375217e-05 8.810403e-03
345.000 15.000 0.000000e+00 8.235352e+00 -1.000000e+00 2.000000e+00 0.000000e+00 8.171652e+00 -1.000000e+00 2.000000e+00 1.239145e-01 3.249304e-03 0.000000e+00 -5.619565e-01
345.000 45.000 0.000000e+00 0.000000e+00         -nan         -nan 0.000000e+00 0.000000e+00         -nan         -nan 3.251961e-01 4.811280e-03         -nan         -nan
345.000 75.000 0.000000e+00 0.000000e+00         -nan         -nan 0.000000e+00 0.000000e+00         -nan         -nan 4.393417e-01 5.424139e-03         -nan         -nan
345.000 105.000 0.000000e+00 9.095821e+00 -1.000000e+00 2.000000e+00 0.000000e+00 8.913906e+00 -1.000000e+00 2.000000e+00 4.357660e-01 4.806633e-03 0.000000e+00 -7.178809e-01
345.000 135.000 0.000000e+00 0.000000e+00         -nan         -nan 0.000000e+00 0.000000e+00         -nan         -nan 3.154272e-01 3.242420e-03         -nan         -nan
345.000 165.000 6.868574e+00 0.000000e+00 1.000000e+00 2.000000e+00 6.944130e+00 0.000000e+00 1.000000e+00 2.000000e+00 1.105699e-01 2.059227e-03 0.000000e+00 4.447148e-01
345.000 195.000 0.000000e+00 0.000000e+00         -nan         -nan 0.000000e+00 0.000000e+00         -nan         -nan -1.239145e-01 3.249304e-03         -nan         -nan
345.000 225.000 0.000000e+00 0.000000e+00         -nan         -nan 0.000000e+00 0.000000e+00         -nan         -nan -3.251961e-01 4.811280e-03         -nan         -nan
345.000 255.000 0.000000e+00 0.000000e+00         -nan         -nan 0.000000e+00 0.000000e+00         -nan         -nan -4.393417e-01 5.424139e-03         -nan         -nan
345.000 285.000 6.343436e+00 0.000000e+00 1.000000e+00 2.000000e+00 6.230592e+00 0.000000e+00 1.000000e+00 2.000000e+00 -4.357660e-01 4.806633e-03 0.000000e+00 7.178809e-01
345.000 315.000 0.000000e+00 6.918805e+00 -1.000000e+00 2.000000e+00 0.000000e+00 7.070285e+00 -1.000000e+00 2.000000e+00 -3.154272e-01 3.242420e-03 0.000000e+00 -3.422859e-01
345.000 345.000 7.106253e+00 0.000000e+00 1.000000e+00 2.000000e+00 7.090429e+00 0.000000e+00 1.000000e+00 2.000000e+00 -1.105699e-01 2.059227e-03 0.000000e+00 5.552847e-01
