  #t  #Q2   A1M1_AVG      A_1M1     dA_1M1   A0P1_AVG      A_0P1     dA_0P1   A2M1_AVG      A_2M1     dA_2M1   A3M1_AVG      A_3M1     dA_3M1   A1P1_AVG      A_1P1     dA_1P1       Asym      Astat          t         tp         xb         Q2          W     Dilute
   6    0 -7.886e-02 -6.479e-02 2.7592e-03  3.848e-01  3.718e-01 2.7000e-03 -1.298e-02 -1.762e-02 2.7144e-03 -1.038e-03 -1.501e-02 2.7251e-03  2.992e-02  1.961e-02 2.7168e-03 1.6016e-02 1.9581e-03 3.9704e-01 5.0562e-02 4.3636e-01 5.4121e+00 2.7977e+00 7.1924e-01
   Phi   PhiS      N_U_avg      N_D_avg     Asym_avg    dAsym_avg      N_U_fit      N_D_fit     Asym_fit    dAsym_fit     Asym_cal    dAsym_cal     GOOD_fit     GOOD_cal
15.000 15.000 1.612776e+02 1.687133e+02 -2.253323e-02 1.816104e+01 1.634680e+02 1.667678e+02 -9.992465e-03 1.817148e+01 9.396853e-02 2.164184e-03 -4.881389e-04 -6.414928e-03
15.000 45.000 8.136080e+01 1.028931e+02 -1.168624e-01 1.348101e+01 8.335420e+01 1.013605e+02 -9.748179e-02 1.352625e+01 3.168404e-01 3.402588e-03 -1.014847e-03 -3.217139e-02
15.000 75.000 1.770831e+02 1.043571e+02 2.584067e-01 1.620640e+01 1.809577e+02 1.027278e+02 2.757629e-01 1.618989e+01 4.548152e-01 5.043122e-03 -7.576611e-04 -1.211920e-02
15.000 105.000 1.162242e+02 1.899237e+02 -2.407316e-01 1.698252e+01 1.185140e+02 1.882372e+02 -2.272954e-01 1.705589e+01 4.709226e-01 5.691628e-03 -5.582401e-04 -4.190509e-02
15.000 135.000 1.372406e+02 1.028593e+02 1.431958e-01 1.533547e+01 1.379514e+02 1.024392e+02 1.477268e-01 1.533442e+01 3.608467e-01 5.049823e-03 -2.089273e-04 -1.419265e-02
15.000 165.000 1.607617e+02 1.116541e+02 1.802669e-01 1.623463e+01 1.604430e+02 1.118378e+02 1.785114e-01 1.623589e+01 1.540822e-01 3.412513e-03 7.645848e-05 1.612891e-03
15.000 195.000 1.463913e+02 3.543728e+02 -4.153284e-01 2.035641e+01 1.444310e+02 3.598529e+02 -4.271839e-01 2.030416e+01 -9.396850e-02 2.164184e-03 4.123448e-04 -1.578667e-02
15.000 225.000 1.904345e+02 2.426467e+02 -1.205599e-01 2.065881e+01 1.885661e+02 2.482329e+02 -1.366001e-01 2.070383e+01 -3.168404e-01 3.402588e-03 5.484245e-04 9.501058e-03
15.000 255.000 1.376810e+02 2.091524e+02 -2.060682e-01 1.822376e+01 1.358693e+02 2.140275e+02 -2.233748e-01 1.823289e+01 -4.548152e-01 5.043122e-03 6.713521e-04 1.364960e-02
15.000 285.000 1.679487e+02 1.780904e+02 -2.930785e-02 1.859414e+01 1.660325e+02 1.809732e+02 -4.305605e-02 1.861081e+01 -4.709226e-01 5.691628e-03 5.225890e-04 2.375022e-02
15.000 315.000 1.781554e+02 9.468667e+01 3.059232e-01 1.572600e+01 1.776026e+02 9.508392e+01 3.026137e-01 1.573897e+01 -3.608467e-01 5.049824e-03 1.487507e-04 4.239921e-02
15.000 345.000 8.690024e+01 8.170962e+01 3.078480e-02 1.297883e+01 8.750767e+01 8.105137e+01 3.830293e-02 1.297350e+01 -1.540822e-01 3.412513e-03 -4.096831e-04 1.424373e-02
45.000 15.000 5.540815e+02 7.908652e+02 -1.760543e-01 3.610069e+01 5.662177e+02 7.765120e+02 -1.566171e-01 3.619108e+01 5.079802e-02 4.513471e-03 -3.802424e-04 -6.283877e-03
45.000 45.000 4.514908e+02 4.743446e+02 -2.468454e-02 3.041827e+01 4.679942e+02 4.611736e+02 7.340512e-03 3.048143e+01 2.550431e-01 4.704908e-03 -7.436857e-04 -9.196039e-03
45.000 75.000 4.457443e+02 6.098467e+02 -1.554602e-01 3.209485e+01 4.637713e+02 5.935748e+02 -1.227636e-01 3.227090e+01 3.909495e-01 4.505985e-03 -7.183925e-04 -1.702484e-02
45.000 105.000 4.234607e+02 6.764422e+02 -2.300035e-01 3.227563e+01 4.357056e+02 6.631777e+02 -2.070030e-01 3.243140e+01 4.221014e-01 4.087408e-03 -5.026902e-04 -2.020425e-02
45.000 135.000 6.812908e+02 6.282019e+02 4.054161e-02 3.615716e+01 6.894388e+02 6.222831e+02 5.119659e-02 3.617021e+01 3.401515e-01 3.865510e-03 -2.083364e-04 -8.286323e-03
45.000 165.000 4.711957e+02 5.931974e+02 -1.146209e-01 3.241002e+01 4.686487e+02 5.963755e+02 -1.199285e-01 3.239917e+01 1.670583e-01 4.095659e-03 1.158186e-04 -8.691117e-03
45.000 195.000 7.757642e+02 4.748923e+02 2.405711e-01 3.432602e+01 7.625094e+02 4.855686e+02 2.218938e-01 3.444745e+01 -5.079800e-02 4.513471e-03 3.840680e-04 8.488288e-03
45.000 225.000 7.613462e+02 4.661898e+02 2.404463e-01 3.400833e+01 7.464951e+02 4.813150e+02 2.159781e-01 3.421311e+01 -2.550431e-01 4.704908e-03 5.072164e-04 1.456964e-02
45.000 255.000 5.782085e+02 5.011040e+02 7.143856e-02 3.276895e+01 5.627399e+02 5.190620e+02 4.037515e-02 3.286394e+01 -3.909495e-01 4.505985e-03 6.693328e-04 1.411055e-02
45.000 285.000 6.227569e+02 3.808177e+02 2.410774e-01 3.074489e+01 6.101062e+02 3.918435e+02 2.178380e-01 3.089343e+01 -4.221014e-01 4.087408e-03 5.331979e-04 2.157037e-02
45.000 315.000 4.651092e+02 5.172702e+02 -5.309654e-02 3.129872e+01 4.619000e+02 5.233961e+02 -6.241382e-02 3.132823e+01 -3.401515e-01 3.865510e-03 2.103987e-04 9.171462e-03
45.000 345.000 4.683035e+02 5.548978e+02 -8.463084e-02 3.187276e+01 4.714468e+02 5.521436e+02 -7.883697e-02 3.189402e+01 -1.670584e-01 4.095659e-03 -1.284959e-04 2.586143e-03
75.000 15.000 1.650913e+03 2.021659e+03 -1.009500e-01 6.029217e+01 1.662239e+03 2.004980e+03 -9.346080e-02 6.029250e+01 5.477491e-02 4.372614e-03 -8.783292e-05 -2.582838e-03
75.000 45.000 1.766544e+03 2.144158e+03 -9.655901e-02 6.224339e+01 1.806491e+03 2.107213e+03 -7.683829e-02 6.237465e+01 2.304704e-01 4.237742e-03 -2.237983e-04 -5.254043e-03
75.000 75.000 1.838000e+03 2.670329e+03 -1.846202e-01 6.598988e+01 1.884276e+03 2.619036e+03 -1.631599e-01 6.620747e+01 3.444116e-01 4.168676e-03 -2.295762e-04 -8.016862e-03
75.000 105.000 1.748029e+03 2.103306e+03 -9.224780e-02 6.179451e+01 1.793280e+03 2.058928e+03 -6.895992e-02 6.191840e+01 3.660680e-01 4.237755e-03 -2.662133e-04 -7.416772e-03
75.000 135.000 1.477938e+03 1.791221e+03 -9.582975e-02 5.691342e+01 1.506357e+03 1.763698e+03 -7.869606e-02 5.700704e+01 2.896367e-01 4.372627e-03 -2.126983e-04 -6.772857e-03
75.000 165.000 1.786813e+03 2.187649e+03 -1.008527e-01 6.272190e+01 1.794703e+03 2.173503e+03 -9.545869e-02 6.270603e+01 1.355975e-01 4.438520e-03 -6.081788e-05 -3.769819e-03
75.000 195.000 1.699430e+03 1.942067e+03 -6.663098e-02 6.021071e+01 1.685036e+03 1.957345e+03 -7.476112e-02 6.018325e+01 -5.477489e-02 4.372614e-03 9.550111e-05 -1.969099e-04
75.000 225.000 2.055948e+03 1.479625e+03 1.630070e-01 5.866539e+01 2.018484e+03 1.517844e+03 1.415705e-01 5.886809e+01 -2.304704e-01 4.237742e-03 2.579321e-04 6.707147e-03
75.000 255.000 2.824263e+03 1.617980e+03 2.715481e-01 6.414577e+01 2.775816e+03 1.670896e+03 2.484800e-01 6.459227e+01 -3.444116e-01 4.168676e-03 2.534058e-04 9.602499e-03
75.000 285.000 2.463381e+03 1.626582e+03 2.045980e-01 6.259997e+01 2.413869e+03 1.672180e+03 1.815174e-01 6.286032e+01 -3.660680e-01 4.237755e-03 2.601685e-04 9.116075e-03
75.000 315.000 2.298498e+03 1.782037e+03 1.265669e-01 6.336535e+01 2.265237e+03 1.815465e+03 1.102193e-01 6.349117e+01 -2.896367e-01 4.372627e-03 1.822453e-04 6.568316e-03
75.000 345.000 1.714680e+03 2.151365e+03 -1.129538e-01 6.177961e+01 1.705606e+03 2.166411e+03 -1.190091e-01 6.178330e+01 -1.355975e-01 4.438520e-03 6.930439e-05 3.665248e-04
105.000 15.000 2.834823e+03 3.027436e+03 -3.285641e-02 7.652405e+01 2.816283e+03 3.046601e+03 -3.928404e-02 7.651036e+01 6.598111e-02 4.438520e-03 5.939869e-05 -1.291588e-03
105.000 45.000 3.197863e+03 3.368231e+03 -2.594657e-02 8.100416e+01 3.181577e+03 3.377746e+03 -2.990678e-02 8.095342e+01 2.270471e-01 4.372627e-03 3.458059e-05 -3.123219e-03
105.000 75.000 2.685222e+03 3.563391e+03 -1.405382e-01 7.826364e+01 2.696511e+03 3.559369e+03 -1.379276e-01 7.833816e+01 3.272760e-01 4.237755e-03 -2.357495e-05 -5.977414e-03
105.000 105.000 2.807121e+03 3.205180e+03 -6.620744e-02 7.736890e+01 2.817684e+03 3.192265e+03 -6.232687e-02 7.737314e+01 3.398116e-01 4.168676e-03 -3.546515e-05 -5.247833e-03
105.000 135.000 2.819354e+03 2.958345e+03 -2.405641e-02 7.598918e+01 2.834795e+03 2.944223e+03 -1.893535e-02 7.600622e+01 2.612949e-01 4.237742e-03 -4.764794e-05 -3.755158e-03
105.000 165.000 2.986655e+03 3.047859e+03 -1.014228e-02 7.767814e+01 3.005476e+03 3.028335e+03 -3.788441e-03 7.767706e+01 1.127645e-01 4.372614e-03 -5.783957e-05 -1.582257e-03
105.000 195.000 3.159619e+03 3.256305e+03 -1.506970e-02 8.009037e+01 3.170679e+03 3.227243e+03 -8.841014e-03 7.998388e+01 -6.598109e-02 4.438520e-03 -5.502876e-05 6.356743e-04
105.000 225.000 3.604546e+03 2.567198e+03 1.680802e-01 7.744279e+01 3.621916e+03 2.561847e+03 1.714278e-01 7.747282e+01 -2.270471e-01 4.372627e-03 -3.056002e-05 5.102184e-03
105.000 255.000 3.604347e+03 2.080341e+03 2.680896e-01 7.263689e+01 3.600750e+03 2.084498e+03 2.666993e-01 7.266956e+01 -3.272760e-01 4.237755e-03 1.353133e-05 8.196464e-03
105.000 285.000 3.398574e+03 2.651094e+03 1.235572e-01 7.718362e+01 3.392026e+03 2.666415e+03 1.197685e-01 7.727571e+01 -3.398116e-01 4.168676e-03 3.468883e-05 6.003460e-03
105.000 315.000 3.133048e+03 2.626275e+03 8.799177e-02 7.559584e+01 3.118975e+03 2.645707e+03 8.209774e-02 7.566920e+01 -2.612950e-01 4.237742e-03 5.510465e-05 4.620449e-03
105.000 345.000 3.408864e+03 3.016890e+03 6.100046e-02 8.001152e+01 3.390277e+03 3.035704e+03 5.517796e-02 8.004009e+01 -1.127645e-01 4.372614e-03 5.144756e-05 2.171750e-03
135.000 15.000 2.906230e+03 2.545834e+03 6.610260e-02 7.367660e+01 2.897948e+03 2.553682e+03 6.314932e-02 7.368779e+01 5.943875e-02 4.095659e-03 2.834174e-05 9.044734e-05
135.000 45.000 3.052499e+03 3.245336e+03 -3.061957e-02 7.932169e+01 3.012120e+03 3.283478e+03 -4.310273e-02 7.927107e+01 2.105715e-01 3.865510e-03 1.113156e-04 -3.040670e-03
135.000 75.000 2.473208e+03 3.003922e+03 -9.689638e-02 7.365938e+01 2.444289e+03 3.030346e+03 -1.070495e-01 7.356560e+01 3.052818e-01 4.087408e-03 9.752878e-05 -5.459972e-03
135.000 105.000 2.882044e+03 3.283139e+03 -6.505811e-02 7.835234e+01 2.828651e+03 3.323305e+03 -8.040599e-02 7.818045e+01 3.181921e-01 4.505985e-03 1.386621e-04 -4.891369e-03
135.000 135.000 2.031816e+03 3.367514e+03 -2.473821e-01 7.119622e+01 2.012510e+03 3.394749e+03 -2.556265e-01 7.109095e+01 2.458431e-01 4.704908e-03 8.194292e-05 -6.927687e-03
135.000 165.000 2.897701e+03 3.009087e+03 -1.885734e-02 7.684196e+01 2.890135e+03 3.015828e+03 -2.128243e-02 7.683285e+01 1.076206e-01 4.513471e-03 2.231720e-05 -1.645949e-03
135.000 195.000 2.937239e+03 3.337454e+03 -6.378243e-02 7.905167e+01 2.950102e+03 3.318932e+03 -5.883354e-02 7.904008e+01 -5.943873e-02 4.095659e-03 -4.427046e-05 -5.494766e-05
135.000 225.000 3.546874e+03 3.111452e+03 6.539514e-02 8.142390e+01 3.585967e+03 3.081591e+03 7.564635e-02 8.142115e+01 -2.105715e-01 3.865510e-03 -8.902580e-05 3.389258e-03
135.000 255.000 3.135679e+03 2.079646e+03 2.024865e-01 7.072123e+01 3.174257e+03 2.047156e+03 2.158613e-01 7.055576e+01 -3.052818e-01 4.087408e-03 -1.338851e-04 7.179857e-03
135.000 285.000 2.706081e+03 2.470560e+03 4.549689e-02 7.187438e+01 2.723989e+03 2.437763e+03 5.545141e-02 7.173479e+01 -3.181921e-01 4.505985e-03 -9.802863e-05 5.060065e-03
135.000 315.000 2.804269e+03 2.161678e+03 1.293995e-01 6.987700e+01 2.831280e+03 2.139868e+03 1.390851e-01 6.982108e+01 -2.458431e-01 4.704908e-03 -9.805040e-05 5.370045e-03
135.000 345.000 3.012214e+03 2.600421e+03 7.336886e-02 7.471561e+01 3.020983e+03 2.591200e+03 7.658044e-02 7.469451e+01 -1.076206e-01 4.513471e-03 -3.039864e-05 2.422379e-03
165.000 15.000 2.376827e+03 2.197199e+03 3.927122e-02 6.757937e+01 2.369626e+03 2.207932e+03 3.532322e-02 6.761543e+01 6.329410e-02 3.412513e-03 4.129827e-05 -3.554765e-04
165.000 45.000 2.124687e+03 2.398609e+03 -6.055799e-02 6.713201e+01 2.096491e+03 2.420487e+03 -7.172854e-02 6.703535e+01 1.989971e-01 5.049823e-03 1.177450e-04 -3.866339e-03
165.000 75.000 1.947353e+03 2.437273e+03 -1.117359e-01 6.580185e+01 1.906629e+03 2.476785e+03 -1.300713e-01 6.564490e+01 2.813790e-01 5.691628e-03 1.972676e-04 -5.974223e-03
165.000 105.000 2.038203e+03 2.223591e+03 -4.349997e-02 6.522062e+01 1.996348e+03 2.245822e+03 -5.880801e-02 6.501922e+01 2.883657e-01 5.043122e-03 1.662226e-04 -5.088355e-03
165.000 135.000 2.146821e+03 2.323073e+03 -3.943096e-02 6.680527e+01 2.118830e+03 2.356526e+03 -5.311224e-02 6.680368e+01 2.180849e-01 3.402589e-03 1.448125e-04 -3.854724e-03
165.000 165.000 2.194947e+03 2.395800e+03 -4.375171e-02 6.769016e+01 2.180358e+03 2.409462e+03 -4.991556e-02 6.766376e+01 8.936855e-02 2.164184e-03 6.440156e-05 -1.966611e-03
165.000 195.000 2.076053e+03 2.066222e+03 2.373145e-03 6.436033e+01 2.084976e+03 2.064014e+03 5.052371e-03 6.441183e+01 -6.329408e-02 3.412513e-03 -2.942404e-05 1.020306e-03
165.000 225.000 2.362139e+03 2.145989e+03 4.794675e-02 6.706537e+01 2.383212e+03 2.116996e+03 5.915633e-02 6.696611e+01 -1.989971e-01 5.049823e-03 -1.182762e-04 3.682136e-03
165.000 255.000 3.039855e+03 1.657240e+03 2.943553e-01 6.549898e+01 3.095769e+03 1.632315e+03 3.095237e-01 6.538432e+01 -2.813790e-01 5.691628e-03 -1.638974e-04 8.789974e-03
165.000 285.000 2.531031e+03 1.673624e+03 2.039185e-01 6.348081e+01 2.574993e+03 1.643959e+03 2.206789e-01 6.335213e+01 -2.883657e-01 5.043122e-03 -1.868826e-04 7.754849e-03
165.000 315.000 2.922146e+03 2.103136e+03 1.629778e-01 6.994142e+01 2.958476e+03 2.073200e+03 1.759405e-01 6.982779e+01 -2.180850e-01 3.402589e-03 -1.311583e-04 5.448314e-03
165.000 345.000 2.179529e+03 1.878362e+03 7.421755e-02 6.352590e+01 2.192885e+03 1.867656e+03 8.009510e-02 6.351765e+01 -8.936856e-02 2.164184e-03 -6.542728e-05 2.575109e-03
195.000 15.000 2.366924e+03 2.292384e+03 1.599805e-02 6.825039e+01 2.348362e+03 2.307502e+03 8.775832e-03 6.823126e+01 8.936853e-02 2.164183e-03 7.483613e-05 -1.075019e-03
195.000 45.000 1.894550e+03 2.143430e+03 -6.163474e-02 6.342429e+01 1.864947e+03 2.172544e+03 -7.618521e-02 6.335658e+01 2.180849e-01 3.402588e-03 1.623074e-04 -4.410292e-03
195.000 75.000 1.956076e+03 2.881209e+03 -1.912506e-01 6.826677e+01 1.908657e+03 2.927543e+03 -2.106790e-01 6.798193e+01 2.883657e-01 5.043122e-03 2.016593e-04 -7.025617e-03
195.000 105.000 1.994933e+03 2.636182e+03 -1.384654e-01 6.739677e+01 1.951696e+03 2.663949e+03 -1.543129e-01 6.712477e+01 2.813790e-01 5.691629e-03 1.666029e-04 -6.229444e-03
195.000 135.000 2.092356e+03 2.346367e+03 -5.722615e-02 6.651457e+01 2.071192e+03 2.368654e+03 -6.699825e-02 6.648246e+01 1.989971e-01 5.049823e-03 1.039108e-04 -3.852138e-03
195.000 165.000 2.346193e+03 2.153156e+03 4.290321e-02 6.701542e+01 2.338936e+03 2.157755e+03 4.029224e-02 6.700292e+01 6.329412e-02 3.412513e-03 2.755204e-05 -3.042718e-04
195.000 195.000 2.456222e+03 2.263237e+03 4.089148e-02 6.864086e+01 2.472786e+03 2.249522e+03 4.727866e-02 6.864221e+01 -8.936851e-02 2.164183e-03 -6.579715e-05 1.897703e-03
195.000 225.000 2.453389e+03 1.990575e+03 1.041444e-01 6.630056e+01 2.483527e+03 1.957004e+03 1.185723e-01 6.616721e+01 -2.180849e-01 3.402588e-03 -1.540306e-04 4.860129e-03
195.000 255.000 2.801194e+03 2.011788e+03 1.640160e-01 6.843615e+01 2.842103e+03 1.967948e+03 1.817351e-01 6.819960e+01 -2.883657e-01 5.043122e-03 -1.833964e-04 6.610273e-03
195.000 285.000 2.761458e+03 1.896258e+03 1.857562e-01 6.705967e+01 2.805901e+03 1.858912e+03 2.030068e-01 6.687726e+01 -2.813790e-01 5.691629e-03 -1.821455e-04 6.965963e-03
195.000 315.000 2.310341e+03 2.127228e+03 4.126432e-02 6.655834e+01 2.340971e+03 2.102236e+03 5.373027e-02 6.656110e+01 -1.989971e-01 5.049824e-03 -1.324338e-04 3.609787e-03
195.000 345.000 2.204384e+03 2.263742e+03 -1.328486e-02 6.683814e+01 2.210393e+03 2.255866e+03 -1.018151e-02 6.682661e+01 -6.329413e-02 3.412513e-03 -3.283441e-05 7.482145e-04
225.000 15.000 2.234612e+03 3.070315e+03 -1.575333e-01 7.192549e+01 2.228713e+03 3.081125e+03 -1.605346e-01 7.192355e+01 1.076206e-01 4.513471e-03 2.950691e-05 -3.686508e-03
225.000 45.000 2.866878e+03 3.064787e+03 -3.336477e-02 7.697443e+01 2.834194e+03 3.089855e+03 -4.315631e-02 7.689614e+01 2.458431e-01 4.704908e-03 8.999329e-05 -3.627281e-03
225.000 75.000 2.379212e+03 3.482501e+03 -1.882195e-01 7.519344e+01 2.343590e+03 3.518212e+03 -2.003859e-01 7.500950e+01 3.181921e-01 4.505985e-03 1.145509e-04 -6.734784e-03
225.000 105.000 2.805557e+03 3.079069e+03 -4.647913e-02 7.662841e+01 2.756107e+03 3.104280e+03 -5.941134e-02 7.641794e+01 3.052818e-01 4.087408e-03 1.194990e-04 -4.590477e-03
225.000 135.000 2.593767e+03 3.194132e+03 -1.037276e-01 7.566786e+01 2.559731e+03 3.222467e+03 -1.146166e-01 7.553964e+01 2.105715e-01 3.865510e-03 1.018426e-04 -4.153667e-03
225.000 165.000 2.422437e+03 3.311057e+03 -1.549876e-01 7.480487e+01 2.415146e+03 3.323757e+03 -1.583249e-01 7.480004e+01 5.943876e-02 4.095659e-03 3.154696e-05 -2.866476e-03
225.000 195.000 2.815215e+03 2.596457e+03 4.042322e-02 7.350394e+01 2.821585e+03 2.588087e+03 4.316319e-02 7.348193e+01 -1.076206e-01 4.513471e-03 -2.636244e-05 2.014093e-03
225.000 225.000 3.004857e+03 2.565168e+03 7.893839e-02 7.439971e+01 3.032419e+03 2.536673e+03 8.901728e-02 7.433009e+01 -2.458431e-01 4.704908e-03 -9.583619e-05 4.365359e-03
225.000 255.000 3.075535e+03 2.081409e+03 1.927742e-01 7.046489e+01 3.103807e+03 2.056195e+03 2.030254e-01 7.033712e+01 -3.181921e-01 4.505985e-03 -1.029626e-04 7.251360e-03
225.000 285.000 3.222417e+03 2.555839e+03 1.153598e-01 7.550735e+01 3.260753e+03 2.510524e+03 1.299936e-01 7.532431e+01 -3.052818e-01 4.087408e-03 -1.372082e-04 5.570870e-03
225.000 315.000 2.985324e+03 2.751787e+03 4.070652e-02 7.568094e+01 3.014015e+03 2.726413e+03 5.010122e-02 7.567046e+01 -2.105715e-01 3.865510e-03 -8.778314e-05 3.320229e-03
225.000 345.000 2.941576e+03 2.688126e+03 4.502020e-02 7.495527e+01 2.950082e+03 2.681536e+03 4.768546e-02 7.495873e+01 -5.943878e-02 4.095659e-03 -2.514278e-05 1.393618e-03
255.000 15.000 3.022922e+03 3.406525e+03 -5.966354e-02 8.004099e+01 3.043125e+03 3.385853e+03 -5.330985e-02 8.006689e+01 1.127645e-01 4.372614e-03 -5.612134e-05 -2.154247e-03
255.000 45.000 2.110061e+03 3.586729e+03 -2.592105e-01 7.289734e+01 2.131530e+03 3.565515e+03 -2.517068e-01 7.304862e+01 2.612949e-01 4.237742e-03 -7.271112e-05 -7.140253e-03
255.000 75.000 2.360229e+03 3.275451e+03 -1.623978e-01 7.407462e+01 2.361907e+03 3.261137e+03 -1.599187e-01 7.402189e+01 3.398116e-01 4.168677e-03 -2.367329e-05 -6.779776e-03
255.000 105.000 2.911593e+03 3.478436e+03 -8.870749e-02 7.962252e+01 2.918723e+03 3.469543e+03 -8.622361e-02 7.962897e+01 3.272760e-01 4.237755e-03 -2.205786e-05 -5.224446e-03
255.000 135.000 3.204461e+03 3.610337e+03 -5.955794e-02 8.240525e+01 3.186420e+03 3.625145e+03 -6.440891e-02 8.236084e+01 2.270471e-01 4.372627e-03 4.163663e-05 -3.477995e-03
255.000 165.000 3.301629e+03 2.981535e+03 5.094469e-02 7.916349e+01 3.290382e+03 3.000265e+03 4.611866e-02 7.922921e+01 6.598113e-02 4.438520e-03 4.308929e-05 -1.899417e-04
255.000 195.000 3.889021e+03 3.524272e+03 4.920205e-02 8.599620e+01 3.866252e+03 3.547226e+03 4.303330e-02 8.602180e+01 -1.127645e-01 4.372614e-03 5.071522e-05 1.883415e-03
255.000 225.000 3.370976e+03 2.834875e+03 8.638634e-02 7.848273e+01 3.352885e+03 2.853748e+03 8.041995e-02 7.852702e+01 -2.612949e-01 4.237742e-03 5.374033e-05 4.430035e-03
255.000 255.000 3.187986e+03 2.652962e+03 9.159876e-02 7.610480e+01 3.180638e+03 2.662538e+03 8.866746e-02 7.613959e+01 -3.398116e-01 4.168677e-03 2.722914e-05 5.668636e-03
255.000 285.000 3.338111e+03 2.533298e+03 1.370732e-01 7.590185e+01 3.339298e+03 2.538794e+03 1.361844e-01 7.595443e+01 -3.272760e-01 4.237755e-03 8.277623e-06 6.117760e-03
255.000 315.000 3.624922e+03 3.166580e+03 6.748758e-02 8.222269e+01 3.633888e+03 3.155824e+03 7.041001e-02 8.219521e+01 -2.270471e-01 4.372627e-03 -2.513683e-05 3.582159e-03
255.000 345.000 2.924429e+03 2.808877e+03 2.015449e-02 7.570321e+01 2.936385e+03 2.791698e+03 2.525914e-02 7.565995e+01 -6.598115e-02 4.438520e-03 -4.769370e-05 1.137807e-03
285.000 15.000 1.851803e+03 1.988301e+03 -3.554523e-02 6.192941e+01 1.862175e+03 1.979191e+03 -3.046214e-02 6.194999e+01 1.355975e-01 4.438520e-03 -5.802877e-05 -2.763513e-03
285.000 45.000 1.610574e+03 2.189096e+03 -1.522561e-01 6.092279e+01 1.641575e+03 2.156415e+03 -1.355558e-01 6.105899e+01 2.896367e-01 4.372627e-03 -1.936164e-04 -7.253324e-03
285.000 75.000 1.460524e+03 2.191180e+03 -2.000864e-01 5.920734e+01 1.505338e+03 2.146957e+03 -1.756756e-01 5.949436e+01 3.660680e-01 4.237755e-03 -2.908296e-04 -9.562232e-03
285.000 105.000 1.380879e+03 2.493156e+03 -2.871108e-01 5.962121e+01 1.427921e+03 2.447469e+03 -2.630828e-01 6.005967e+01 3.444116e-01 4.168676e-03 -2.839259e-04 -1.059225e-02
285.000 135.000 1.853347e+03 2.153747e+03 -7.496710e-02 6.312348e+01 1.894592e+03 2.116070e+03 -5.522245e-02 6.323315e+01 2.304705e-01 4.237742e-03 -2.209868e-04 -4.838731e-03
285.000 165.000 2.287685e+03 2.156016e+03 2.963054e-02 6.663182e+01 2.300605e+03 2.139971e+03 3.617406e-02 6.659404e+01 5.477493e-02 4.372614e-03 -6.946049e-05 -3.773632e-04
285.000 195.000 2.218766e+03 1.710378e+03 1.293889e-01 6.215597e+01 2.207596e+03 1.718698e+03 1.245188e-01 6.217248e+01 -1.355975e-01 4.438520e-03 5.539606e-05 4.263249e-03
285.000 225.000 2.651251e+03 1.690847e+03 2.211843e-01 6.426252e+01 2.613247e+03 1.726612e+03 2.043004e-01 6.448813e+01 -2.896367e-01 4.372627e-03 1.854550e-04 7.948973e-03
285.000 255.000 2.291717e+03 1.521529e+03 2.019771e-01 6.047880e+01 2.245587e+03 1.567535e+03 1.778208e-01 6.076636e+01 -3.660679e-01 4.237755e-03 2.817601e-04 9.392465e-03
285.000 285.000 2.222373e+03 1.948235e+03 6.573107e-02 6.444058e+01 2.172272e+03 2.008423e+03 3.919193e-02 6.460862e+01 -3.444116e-01 4.168676e-03 2.908346e-04 6.364665e-03
285.000 315.000 2.271428e+03 1.516314e+03 1.993575e-01 6.030924e+01 2.235296e+03 1.550228e+03 1.809703e-01 6.051071e+01 -2.304705e-01 4.237742e-03 2.152234e-04 7.127066e-03
285.000 345.000 1.714838e+03 1.916702e+03 -5.558631e-02 6.016909e+01 1.703480e+03 1.930460e+03 -6.246116e-02 6.016447e+01 -5.477495e-02 4.372614e-03 8.079633e-05 -1.348454e-05
315.000 15.000 5.587596e+02 6.655747e+02 -8.724339e-02 3.485707e+01 5.555203e+02 6.689515e+02 -9.263684e-02 3.484199e+01 1.670583e-01 4.095659e-03 1.094346e-04 -7.295556e-03
315.000 45.000 5.686719e+02 5.994146e+02 -2.631881e-02 3.416544e+01 5.752698e+02 5.929359e+02 -1.512247e-02 3.417512e+01 3.401515e-01 3.865510e-03 -2.316929e-04 -1.072635e-02
315.000 75.000 4.117269e+02 6.456855e+02 -2.212557e-01 3.171195e+01 4.247317e+02 6.328368e+02 -1.967770e-01 3.188445e+01 4.221014e-01 4.087408e-03 -5.443405e-04 -2.028753e-02
315.000 105.000 4.477933e+02 7.267931e+02 -2.375302e-01 3.329137e+01 4.645464e+02 7.081030e+02 -2.076977e-01 3.349721e+01 3.909495e-01 4.505985e-03 -6.316837e-04 -1.887816e-02
315.000 135.000 4.659791e+02 1.048230e+03 -3.845248e-01 3.592101e+01 4.826765e+02 1.023669e+03 -3.591423e-01 3.622226e+01 2.550431e-01 4.704908e-03 -4.975660e-04 -1.780484e-02
315.000 165.000 5.603736e+02 4.312707e+02 1.301908e-01 3.122237e+01 5.709100e+02 4.219942e+02 1.499801e-01 3.115397e+01 5.079804e-02 4.513471e-03 -4.486677e-04 2.542816e-03
315.000 195.000 6.904370e+02 7.213766e+02 -2.191478e-02 3.756508e+01 6.940239e+02 7.165865e+02 -1.599488e-02 3.755329e+01 -1.670583e-01 4.095659e-03 -1.114508e-04 3.863788e-03
315.000 225.000 9.343578e+02 4.771856e+02 3.238811e-01 3.554538e+01 9.275108e+02 4.842412e+02 3.139855e-01 3.567312e+01 -3.401515e-01 3.865510e-03 1.965016e-04 1.868126e-02
315.000 255.000 9.252538e+02 4.479046e+02 3.476286e-01 3.474505e+01 9.093832e+02 4.609121e+02 3.272806e-01 3.497884e+01 -4.221014e-01 4.087408e-03 4.127171e-04 2.215366e-02
315.000 285.000 4.409930e+02 6.116787e+02 -1.621452e-01 3.201556e+01 4.306231e+02 6.344146e+02 -1.913467e-01 3.203190e+01 -3.909496e-01 4.505985e-03 6.447902e-04 7.146661e-03
315.000 315.000 5.170489e+02 4.919229e+02 2.490258e-02 3.175447e+01 5.029404e+02 5.088612e+02 -5.851770e-03 3.180828e+01 -2.550431e-01 4.704908e-03 6.842562e-04 8.815947e-03
315.000 345.000 4.340128e+02 3.696135e+02 8.013580e-02 2.825713e+01 4.247692e+02 3.780543e+02 5.818821e-02 2.828613e+01 -5.079807e-02 4.513471e-03 5.489349e-04 4.633657e-03
345.000 15.000 9.092441e+01 5.698694e+01 2.294447e-01 1.183742e+01 9.057360e+01 5.724798e+01 2.254449e-01 1.184519e+01 1.540822e-01 3.412514e-03 2.388453e-04 6.366460e-03
345.000 45.000 8.247212e+01 1.136091e+02 -1.587964e-01 1.382522e+01 8.305089e+01 1.131034e+02 -1.532086e-01 1.384016e+01 3.608467e-01 5.049823e-03 -2.856401e-04 -3.758659e-02
345.000 75.000 7.701883e+01 1.058276e+02 -1.575574e-01 1.335318e+01 7.817863e+01 1.048060e+02 -1.455168e-01 1.338319e+01 4.709226e-01 5.691628e-03 -6.368818e-04 -4.706593e-02
345.000 105.000 1.182391e+02 1.960110e+02 -2.474842e-01 1.717564e+01 1.211195e+02 1.929672e+02 -2.287511e-01 1.725258e+01 4.548152e-01 5.043122e-03 -7.695001e-04 -4.088926e-02
345.000 135.000 4.182947e+01 2.548903e+02 -7.180541e-01 1.198877e+01 4.285512e+01 2.512014e+02 -7.085246e-01 1.210116e+01 3.168405e-01 3.402588e-03 -5.594261e-04 -8.632200e-02
345.000 165.000 2.140086e+02 1.249993e+02 2.625582e-01 1.776620e+01 2.165616e+02 1.230801e+02 2.752357e-01 1.771757e+01 9.396854e-02 2.164184e-03 -5.052610e-04 9.489352e-03
345.000 195.000 1.358300e+02 1.535999e+02 -6.139632e-02 1.698055e+01 1.362089e+02 1.526670e+02 -5.697319e-02 1.696874e+01 -1.540822e-01 3.412513e-03 -1.842528e-04 5.458355e-03
345.000 225.000 9.336364e+01 1.714158e+02 -2.947817e-01 1.554899e+01 9.287039e+01 1.725887e+02 -3.003036e-01 1.554089e+01 -3.608467e-01 5.049823e-03 2.511773e-04 4.248825e-03
345.000 255.000 2.876945e+02 1.340089e+02 3.644398e-01 1.912313e+01 2.845134e+02 1.358273e+02 3.537277e-01 1.917671e+01 -4.709226e-01 5.691628e-03 3.955434e-04 4.368334e-02
345.000 285.000 5.684610e+02 6.481799e+01 7.952940e-01 1.525564e+01 5.575642e+02 6.623170e+01 7.876494e-01 1.538825e+01 -4.548152e-01 5.043122e-03 3.527945e-04 8.194404e-02
345.000 315.000 2.328820e+02 1.247631e+02 3.023077e-01 1.802665e+01 2.295952e+02 1.274114e+02 2.862239e-01 1.810412e+01 -3.168405e-01 3.402589e-03 6.295454e-04 3.434628e-02
345.000 345.000 7.983675e+01 1.219157e+02 -2.085672e-01 1.389159e+01 7.864231e+01 1.237486e+02 -2.228670e-01 1.386860e+01 -9.396857e-02 2.164184e-03 7.284882e-04 -8.249499e-03
