  #t  #Q2   A1M1_AVG      A_1M1     dA_1M1   A0P1_AVG      A_0P1     dA_0P1   A2M1_AVG      A_2M1     dA_2M1   A3M1_AVG      A_3M1     dA_3M1   A1P1_AVG      A_1P1     dA_1P1       Norm      dNorm       Asym      Astat          t         tp         xb         Q2          W     Dilute
   1    0 -2.578e-02 -3.762e-02 3.4497e-03  3.942e-01  4.010e-01 3.3784e-03 -2.036e-03  7.842e-03 3.4071e-03  6.750e-04 -2.083e-02 3.3882e-03  1.062e-02  3.988e-02 3.3719e-03 0.0000e+00 0.0000e+00 -1.3616e-02 1.0939e-03 3.0957e-01 1.1261e-02 4.2941e-01 5.2614e+00 2.8082e+00 7.7419e-01
   2    0 -6.563e-02 -5.259e-02 2.7938e-03  3.875e-01  3.772e-01 2.7179e-03 -9.577e-03  8.964e-03 2.7396e-03 -4.555e-04 -1.682e-02 2.7540e-03  2.417e-02  4.785e-02 2.7374e-03 0.0000e+00 0.0000e+00 -4.6221e-03 1.5459e-03 3.6204e-01 3.6176e-02 4.3372e-01 5.3522e+00 2.8143e+00 7.4034e-01
   3    0 -8.733e-02 -5.680e-02 2.5943e-03  3.796e-01  3.780e-01 2.5224e-03 -1.561e-02  7.567e-03 2.5456e-03 -1.420e-03 -1.294e-02 2.5393e-03  3.342e-02  5.031e-02 2.5264e-03 0.0000e+00 0.0000e+00 2.3888e-02 2.0862e-03 4.0116e-01 6.1280e-02 4.3252e-01 5.3775e+00 2.8150e+00 7.0363e-01
   4    0 -9.812e-02 -5.722e-02 2.5119e-03  3.754e-01  3.748e-01 2.4442e-03 -2.015e-02  6.018e-03 2.4666e-03 -2.216e-03 -1.348e-02 2.4447e-03  3.991e-02  5.053e-02 2.4312e-03 0.0000e+00 0.0000e+00 -1.9550e-02 2.7633e-03 4.4974e-01 8.6429e-02 4.3639e-01 5.4710e+00 2.8212e+00 6.6732e-01
   5    0 -1.021e-01 -5.773e-02 2.4532e-03  3.718e-01  3.731e-01 2.3886e-03 -2.391e-02  5.761e-03 2.4111e-03 -3.040e-03 -1.034e-02 2.3739e-03  4.595e-02  4.991e-02 2.3608e-03 0.0000e+00 0.0000e+00 -3.7338e-02 2.9823e-03 5.2534e-01 1.2049e-01 4.4434e-01 5.6425e+00 2.8150e+00 6.1295e-01
   6    0 -1.010e-01 -5.811e-02 2.4360e-03  3.685e-01  3.732e-01 2.3723e-03 -2.682e-02  5.589e-03 2.3949e-03 -3.874e-03 -1.069e-02 2.3526e-03  5.204e-02  4.994e-02 2.3395e-03 0.0000e+00 0.0000e+00 -3.1460e-02 5.2162e-03 6.4359e-01 1.7041e-01 4.5771e-01 5.9209e+00 2.8036e+00 5.2985e-01
   7    0 -9.965e-02 -5.853e-02 2.4299e-03  3.633e-01  3.733e-01 2.3665e-03 -2.894e-02  5.100e-03 2.3891e-03 -4.434e-03 -1.039e-02 2.3450e-03  5.587e-02  5.023e-02 2.3320e-03 0.0000e+00 0.0000e+00 -1.3444e-02 8.6167e-03 7.5115e-01 2.2094e-01 4.6506e-01 6.1171e+00 2.8079e+00 4.5067e-01
   8    0 -1.007e-01 -5.833e-02 2.4261e-03  3.511e-01  3.732e-01 2.3630e-03 -3.277e-02  5.393e-03 2.3855e-03 -5.061e-03 -1.018e-02 2.3410e-03  5.768e-02  5.048e-02 2.3278e-03 0.0000e+00 0.0000e+00 1.4661e-02 1.1652e-02 8.6024e-01 2.8540e-01 4.6236e-01 6.1332e+00 2.8279e+00 3.6720e-01
   9    0 -1.044e-01 -5.814e-02 2.4254e-03  3.133e-01  3.730e-01 2.3623e-03 -4.513e-02  5.402e-03 2.3847e-03 -6.815e-03 -1.011e-02 2.3403e-03  5.459e-02  5.056e-02 2.3270e-03 0.0000e+00 0.0000e+00 -1.1357e-01 2.8277e-02 9.8948e-01 4.2861e-01 4.2173e-01 5.4606e+00 2.9190e+00 2.3993e-01
